650
640
549 571 7
476 274 65
65 294 20
377 62 36
165 605 31
601 53 37
368 94 71
144 585 33
148 192 55
19 45 36
95 285 8
603 42 14
539 309 56
88 533 25
551 114 22
622 262 19
475 341 34
384 260 7
493 344 38
172 102 9
523 492 63
481 357 34
94 185 82
521 40 99
623 58 73
333 328 87
368 513 87
548 473 41
166 149 20
467 4 4
192 200 10
242 45 75
604 220 33
366 34 25
94 262 10
525 2 52
318 378 43
285 379 17
31 345 13
20 552 90
87 460 42
594 472 66
572 107 22
312 549 80
378 454 26
550 119 60
551 560 30
355 345 21
109 206 33
394 310 45
192 172 4
243 441 16
472 233 31
62 134 77
75 249 75
37 555 65
40 309 99
550 631 24
646 69 82
619 231 63
565 37 2
395 356 33
463 267 29
264 205 71
178 154 49
58 202 79
24 43 49
240 120 82
181 169 20
147 371 57
374 303 91
127 145 71
404 603 56
340 99 14
314 72 52
584 364 18
518 115 18
423 620 15
533 42 72
26 157 79
411 623 88
522 48 66
227 95 79
195 414 100
358 331 86
345 217 48
601 68 24
445 214 48
118 98 1
367 481 80
325 515 76
286 448 13
124 510 38
69 563 28
80 543 79
260 550 61
292 446 97
569 489 19
188 330 19
461 522 49
67 3 57
292 634 1
94 478 73
8 544 94
605 397 22
284 106 91
112 513 41
390 608 38
376 465 62
507 233 40
42 355 77
595 458 31
449 42 79
504 424 81
628 395 93
595 65 28
637 178 89
264 126 5
154 357 38
90 227 19
434 3 56
244 577 95
171 372 9
250 155 77
393 491 99
308 361 76
41 618 58
399 572 28
362 541 44
415 382 7
544 362 11
329 283 90
69 57 65
327 33 92
93 207 78
167 517 36
313 467 78
646 90 84
643 589 26
71 303 61
85 64 68
16 113 77
18 582 89
118 408 57
240 330 65
408 513 72
351 145 96
478 381 52
179 546 7
176 307 78
182 141 15
256 173 96
33 380 11
340 536 42
74 395 25
632 388 98
638 320 32
506 255 57
255 248 69
88 284 24
409 461 74
575 236 41
592 523 35
501 211 21
249 180 68
221 100 100
556 304 46
311 428 82
128 278 30
344 266 54
50 148 57
344 303 68
623 378 95
142 427 49
595 35 3
260 487 67
71 572 71
286 525 71
122 573 95
114 166 71
185 45 79
394 629 96
522 74 8
500 392 35
534 389 41
215 81 71
466 518 93
45 316 75
234 342 57
627 275 33
576 205 30
453 35 41
181 487 78
116 481 84
478 26 83
616 573 69
292 127 76
143 211 56
591 531 9
402 29 40
555 172 53
225 289 34
51 369 39
31 554 21
648 91 69
485 288 93
196 19 26
646 54 84
131 328 77
303 196 48
462 531 94
32 423 10
198 266 84
637 511 78
581 32 30
3 85 77
55 61 4
49 107 1
220 117 52
586 264 99
141 578 74
476 593 61
21 608 6
116 504 60
613 3 66
23 416 48
393 128 76
83 539 21
48 182 54
42 385 98
612 262 80
522 259 2
294 146 50
558 479 40
426 148 16
36 12 13
221 229 86
227 428 18
122 13 44
109 556 21
214 206 80
491 394 62
306 361 62
24 613 73
4 307 78
472 642 14
316 618 90
323 427 64
431 308 87
630 610 19
375 599 37
462 563 55
638 232 58
394 428 40
484 166 50
29 26 59
100 191 30
163 209 37
404 225 80
438 22 36
204 513 59
158 616 53
5 104 52
370 639 34
314 497 6
89 551 45
278 229 41
4 377 63
249 171 54
552 566 23
471 411 93
633 584 81
582 285 56
475 24 98
331 577 21
481 583 61
79 439 13
411 298 20
539 404 13
112 404 46
356 605 78
504 324 7
105 521 51
424 131 24
287 574 48
231 567 21
378 310 13
355 491 86
24 500 87
23 337 18
118 637 12
450 421 28
184 46 27
112 222 73
142 9 54
639 235 19
396 69 61
503 452 71
113 27 32
148 139 50
454 115 28
463 339 51
261 98 62
217 199 24
496 269 67
445 382 12
138 333 51
153 219 24
30 273 76
474 203 58
425 499 99
501 65 69
157 646 9
468 607 54
461 360 1
72 502 90
50 270 1
566 389 60
135 265 90
414 387 64
202 131 95
306 364 25
116 139 24
491 89 2
598 428 30
219 261 47
81 96 7
356 237 59
387 41 81
316 367 37
590 570 86
62 590 34
248 509 29
420 590 18
113 225 6
143 417 91
383 442 51
442 501 29
586 258 58
70 632 51
558 512 68
423 234 88
9 484 80
211 591 39
18 549 43
505 102 100
514 643 54
613 611 37
194 293 77
55 424 81
516 77 71
347 420 10
16 81 26
13 90 52
289 42 72
186 164 42
64 269 10
508 479 85
393 442 45
521 8 65
556 139 37
600 158 25
604 120 23
450 601 34
96 427 33
464 250 35
143 565 38
160 137 23
56 222 45
561 173 78
129 264 66
14 631 22
624 548 1
264 227 15
199 94 10
168 624 6
271 420 85
529 570 15
64 494 26
302 457 49
43 20 98
169 620 3
229 598 18
539 202 98
156 492 35
325 458 5
73 46 45
493 151 69
327 160 21
11 514 62
89 224 14
12 159 4
322 634 81
427 412 90
614 103 89
156 0 70
80 146 73
69 194 46
243 316 56
520 361 90
483 641 50
196 552 80
263 33 82
17 370 96
478 34 37
178 464 40
75 291 16
627 542 77
324 224 44
131 284 26
69 93 99
554 506 35
0 537 34
241 618 16
635 87 94
33 380 38
414 130 12
223 373 76
316 8 21
336 538 74
397 272 66
331 48 24
627 626 25
257 328 52
35 4 60
345 560 65
167 98 71
193 360 27
414 330 73
133 71 67
543 205 82
604 374 14
96 585 80
439 132 66
19 125 27
377 17 28
423 631 52
214 605 47
62 301 61
318 456 29
282 247 19
66 490 78
158 434 82
508 147 61
69 247 99
234 450 31
340 586 46
61 404 38
12 129 41
461 511 66
525 516 82
438 162 41
535 204 2
416 29 19
348 213 26
305 439 95
157 402 84
9 262 17
367 309 39
543 507 27
88 427 24
84 359 97
181 388 58
17 167 21
492 134 51
148 91 55
385 623 84
361 65 37
622 362 52
209 147 73
51 58 62
505 383 87
195 107 4
45 59 49
175 510 25
227 26 18
548 204 88
450 631 89
314 538 68
561 489 46
79 419 93
89 113 6
158 41 4
640 107 32
616 565 36
319 580 84
392 635 67
325 143 18
234 362 57
434 115 100
212 135 22
256 120 43
288 53 77
637 561 52
381 324 62
526 535 66
374 224 40
532 92 30
101 112 48
331 332 7
334 214 30
580 249 63
242 25 20
27 577 79
427 524 50
439 347 67
522 63 69
354 559 73
34 493 53
341 468 13
285 518 47
604 100 62
291 348 79
212 433 11
405 352 55
643 84 91
329 290 18
281 255 28
24 142 64
417 598 83
63 561 73
363 380 83
19 384 61
563 647 48
549 410 28
647 318 42
321 256 72
484 487 48
372 262 74
421 506 30
281 201 58
440 98 90
269 32 83
198 417 15
282 204 3
229 100 29
50 152 28
422 28 2
478 580 58
243 576 83
443 555 86
47 213 24
604 643 5
585 543 70
44 335 4
592 222 88
59 91 81
152 38 66
325 476 17
357 625 21
300 117 24
237 350 8
61 11 6
14 250 11
311 526 75
102 320 21
32 569 65
387 634 36
340 37 1
375 123 1
606 12 2
518 312 57
298 582 8
583 125 38
382 516 55
342 154 92
358 511 45
130 363 65
27 269 40
354 558 17
266 528 45
397 610 6
648 149 83
126 122 45
449 254 24
37 649 18
66 486 37
219 222 35
229 411 38
319 103 98
550 198 24
616 474 26
598 617 92
396 311 42
426 460 35
404 610 34
25 407 72
553 503 48
160 60 35
495 393 9
64 3 68
135 440 31
519 6 71
529 263 25
22 38 94
470 393 41
591 360 57
32 51 33
324 183 73
44 558 39
421 108 52
569 366 17
246 106 68
287 148 22
159 382 33
496 256 3
416 623 83
276 298 66
564 99 45
262 569 16
511 30 75
321 644 16
492 432 81
355 160 12
399 365 89
568 383 53
361 268 7
92 341 3
73 333 2
369 279 63
432 347 93
164 454 58
312 573 68
169 603 50
450 387 84
318 305 43
459 205 10
390 492 48
363 125 39
262 141 99
331 216 29
6 144 99
271 523 56
523 388 41
128 135 34
623 395 18
399 629 64
514 77 47
463 281 49
480 317 35
