1000 5000
424 584 54
636 513 58
769 245 64
974 281 59
635 263 5
422 243 16
333 559 31
798 240 78
594 146 32
650 796 20
397 657 41
9 20 26
917 988 77
764 994 36
540 621 16
761 233 85
696 287 16
328 492 41
171 340 85
365 587 55
902 713 81
834 911 97
439 196 82
398 404 91
205 625 22
777 409 77
364 266 98
85 714 41
478 884 89
880 256 44
134 855 27
738 177 1
637 440 52
523 892 50
83 6 32
684 957 94
513 948 87
987 943 37
33 629 63
344 458 50
565 967 14
865 739 51
764 321 39
972 24 28
654 590 30
539 109 11
603 624 38
88 463 98
674 67 22
832 692 43
125 711 74
162 68 98
198 146 22
637 767 58
69 28 81
286 919 6
877 541 22
485 527 20
82 679 82
761 602 5
805 764 59
192 302 90
45 932 17
27 524 81
745 352 74
574 932 25
145 879 34
89 751 96
56 267 8
303 173 9
377 651 79
721 326 70
889 896 65
820 489 96
624 546 89
97 616 9
879 883 20
372 758 85
997 596 40
746 43 72
505 452 93
270 460 82
488 391 66
175 253 80
920 211 21
919 555 97
672 249 72
995 110 27
508 441 80
14 625 10
27 937 92
425 60 94
926 788 6
465 287 40
343 958 74
280 19 87
994 3 88
558 348 24
84 6 93
773 463 44
608 204 62
555 138 60
246 198 95
630 863 47
686 294 45
519 75 76
39 352 70
413 721 80
224 800 19
907 939 50
464 461 20
77 951 70
33 200 94
200 763 98
69 122 46
448 980 49
342 669 28
494 56 54
640 389 48
819 332 6
687 895 12
735 691 14
733 174 8
467 164 80
554 734 44
533 625 98
749 169 98
33 773 5
381 16 80
949 597 48
425 903 31
77 722 14
601 564 83
236 538 39
537 774 44
615 713 10
649 981 41
397 808 73
725 560 47
728 98 42
361 122 27
853 425 48
159 379 24
328 233 91
296 326 99
166 594 48
122 872 9
959 287 12
722 854 77
724 638 92
175 377 33
441 468 39
89 628 49
433 48 33
436 955 71
389 526 12
715 379 71
634 566 4
917 773 42
616 77 94
467 806 29
79 502 64
581 829 84
968 876 75
198 420 55
261 574 86
457 615 30
306 608 79
928 767 76
14 116 96
134 343 8
257 309 11
878 835 26
36 701 24
708 277 90
827 269 93
395 45 53
214 627 55
803 51 92
293 520 45
728 591 47
679 574 23
947 321 83
788 199 77
309 260 66
153 611 68
810 330 37
749 320 47
523 391 38
210 527 83
347 574 5
929 678 16
975 798 3
647 74 16
940 659 89
310 803 94
939 774 83
518 711 79
941 564 49
259 188 16
540 692 42
221 757 59
7 330 18
964 811 79
529 710 3
72 813 87
52 226 30
936 991 71
144 545 43
482 438 27
258 952 24
959 55 76
584 273 34
361 359 31
351 655 37
180 935 98
702 397 88
194 144 29
7 523 48
64 315 67
310 247 7
12 37 69
747 25 82
807 507 93
501 545 58
19 186 92
989 387 58
727 342 55
559 63 20
939 664 46
838 159 94
472 204 33
854 881 67
725 468 50
709 393 50
681 843 38
113 497 70
413 772 4
706 863 53
604 505 32
240 475 4
472 428 83
978 37 51
162 648 75
856 470 100
213 100 28
804 94 84
126 727 78
938 296 54
710 881 56
362 586 63
229 948 84
324 342 30
119 288 68
328 474 63
378 10 69
521 768 50
914 220 10
320 565 11
523 30 62
617 863 55
186 111 65
678 490 85
44 253 96
29 630 19
693 64 94
544 333 22
746 243 43
162 558 85
668 111 49
495 657 18
814 397 39
86 867 13
441 672 55
282 964 60
765 140 77
874 374 40
678 848 2
728 378 16
696 301 48
442 188 69
590 634 18
972 353 34
926 805 98
421 837 62
683 956 55
81 389 90
212 63 93
581 383 33
579 643 77
788 663 24
408 746 5
280 207 7
838 59 10
148 918 46
236 366 96
594 449 85
718 11 82
639 233 91
668 464 62
890 223 44
961 354 61
822 999 4
910 248 73
808 801 41
986 785 90
721 255 81
721 744 30
862 706 24
723 764 49
92 686 14
596 290 60
49 877 18
15 204 52
781 772 83
140 989 59
488 417 88
98 537 52
432 538 16
490 265 15
90 109 4
681 627 72
619 886 100
863 183 12
376 314 23
485 169 69
113 209 43
112 239 21
340 253 54
947 479 85
90 857 86
951 271 48
730 921 78
624 689 10
8 779 42
962 209 41
598 506 81
849 591 63
185 5 83
830 904 78
881 771 42
341 169 66
920 397 97
305 261 7
661 833 2
908 22 71
854 228 32
681 860 18
498 345 2
921 525 18
74 471 1
388 371 70
597 261 26
848 451 70
273 300 29
86 472 24
440 998 51
227 433 76
231 453 27
186 103 55
834 96 86
200 319 46
502 420 4
985 949 34
312 275 52
270 996 32
701 892 51
205 165 2
813 697 13
507 849 23
825 493 20
301 348 99
375 248 100
809 875 92
489 466 7
267 582 43
95 645 47
378 667 28
610 762 77
259 303 19
222 712 74
675 566 28
325 723 83
770 400 1
749 20 96
215 8 25
843 547 35
191 958 98
555 635 53
309 213 62
799 758 3
846 121 69
974 788 85
910 907 70
322 243 90
983 352 46
937 483 66
265 332 73
219 55 96
555 834 14
441 939 57
267 984 97
174 972 73
260 915 24
180 382 79
475 731 68
457 277 37
581 493 99
383 895 21
36 921 24
998 766 52
855 123 37
212 276 28
742 0 8
647 339 68
326 770 18
223 104 99
643 581 11
926 963 60
608 954 23
940 159 81
0 116 17
973 892 17
716 672 80
898 813 92
729 761 60
661 203 76
475 91 15
906 688 79
59 405 71
285 362 24
348 216 30
456 392 70
939 824 93
345 699 91
622 906 55
829 948 17
328 716 76
423 7 58
543 693 56
183 89 68
110 452 70
330 581 36
228 236 75
697 876 94
436 784 79
335 189 45
662 638 59
995 472 73
147 693 77
285 886 26
536 19 85
44 94 36
395 60 24
111 788 41
558 990 61
396 546 62
144 575 31
604 858 54
684 51 62
979 663 78
930 310 96
856 804 84
411 380 8
518 472 63
951 908 36
655 793 45
714 979 22
835 683 82
584 125 2
50 150 34
387 126 47
205 352 57
259 315 13
497 260 37
910 444 69
265 787 6
210 557 64
77 704 78
854 241 34
896 576 64
57 8 1
249 859 97
721 28 48
332 592 51
726 703 25
708 680 64
894 316 76
108 163 12
747 134 11
98 832 70
564 748 59
706 554 14
516 376 39
173 115 9
6 888 2
460 756 93
729 590 67
278 181 85
551 685 36
958 40 83
236 411 7
835 976 74
734 881 39
73 599 26
334 639 3
709 167 18
679 993 5
398 748 6
587 171 30
444 544 20
852 587 85
390 718 17
660 667 57
88 251 8
538 606 52
126 228 34
812 485 20
15 765 74
162 918 40
905 917 63
757 27 85
889 273 68
180 1 38
550 253 49
392 628 2
190 656 41
273 149 39
693 883 73
375 591 60
395 726 76
115 809 90
387 33 36
596 924 12
964 724 77
903 494 54
503 744 22
173 112 57
394 756 26
386 566 7
364 922 15
58 482 77
516 553 34
399 109 1
484 411 27
333 353 96
845 900 74
197 996 78
256 314 48
942 47 25
608 311 78
117 931 82
74 478 78
298 752 80
753 992 72
402 483 78
522 430 76
710 765 24
174 660 19
938 202 95
563 573 22
720 181 63
5 604 41
119 562 62
256 575 79
477 882 74
643 687 57
428 613 60
600 361 24
528 900 93
265 897 70
824 575 91
393 241 56
748 817 27
400 273 30
300 16 6
878 410 35
746 407 78
940 715 95
820 111 89
50 89 28
564 187 24
140 176 47
476 173 57
255 46 41
263 442 50
961 869 31
31 93 58
798 270 7
13 100 83
987 300 15
602 735 3
730 496 65
620 882 95
334 980 96
833 561 99
359 703 95
371 707 82
142 567 65
920 778 26
520 952 37
951 978 38
741 631 90
227 666 36
844 638 91
875 220 22
935 817 64
601 159 75
969 221 16
916 286 3
225 508 88
724 977 51
162 479 3
650 447 92
263 740 25
172 262 22
69 997 10
584 44 96
970 635 98
380 280 51
741 632 45
322 854 32
457 401 18
319 264 71
338 399 70
314 148 52
330 83 12
693 290 47
131 490 92
363 469 32
556 965 2
915 88 19
521 645 48
236 425 89
24 264 62
671 517 86
78 344 67
357 331 34
771 772 13
402 904 26
15 237 33
778 89 5
773 759 89
231 642 18
804 886 10
984 633 91
207 311 95
148 716 49
984 816 30
165 20 13
467 742 46
686 571 39
922 244 2
688 994 49
944 744 90
547 527 35
590 11 75
228 537 19
96 728 67
565 536 76
19 330 94
768 769 93
128 497 15
539 526 95
372 110 68
891 320 40
29 701 47
675 894 95
839 811 71
764 972 93
463 680 33
40 212 88
761 834 81
305 336 43
221 640 41
692 350 21
123 191 35
463 56 56
752 171 55
401 729 81
583 921 5
118 137 100
348 849 43
702 909 30
286 65 80
395 629 61
153 701 8
415 412 3
187 341 42
598 662 46
797 884 1
770 907 69
460 3 38
353 423 49
359 28 24
821 773 23
636 46 41
272 564 73
790 641 25
905 70 59
388 993 8
280 208 62
758 739 12
815 667 29
786 296 37
689 309 84
690 400 83
65 362 68
151 413 15
778 233 8
228 91 3
928 336 82
246 689 56
542 721 74
490 109 32
86 661 68
309 53 29
806 761 41
157 199 14
308 421 100
820 813 59
25 150 11
513 456 39
267 794 77
298 97 44
290 404 66
85 470 47
320 159 96
389 879 73
386 684 87
251 496 13
357 555 59
267 77 60
462 399 34
728 775 57
708 824 43
786 184 2
559 689 45
326 81 35
466 480 71
677 972 92
932 540 83
52 410 85
454 755 95
986 797 39
425 117 24
653 72 42
434 960 22
180 631 28
20 973 53
385 256 91
160 686 82
643 221 76
236 388 11
562 640 35
238 591 79
252 779 70
947 661 59
305 201 12
967 832 38
182 907 23
881 609 98
338 163 27
422 250 2
38 486 81
562 70 68
997 586 64
192 436 61
366 208 1
13 755 63
909 519 32
861 404 9
437 64 39
922 8 45
613 773 13
23 646 54
137 711 45
927 128 19
819 543 13
489 501 85
138 621 4
412 757 7
4 572 95
195 4 62
482 292 97
66 276 27
377 827 15
78 412 1
819 639 40
476 576 17
349 863 43
430 125 90
616 312 53
126 490 93
623 96 13
340 687 77
568 296 60
528 110 77
237 606 51
449 519 36
286 77 66
698 843 6
438 110 63
994 662 75
55 341 18
198 222 55
44 96 78
241 101 88
473 893 33
432 32 26
136 159 90
955 891 50
74 776 8
410 250 1
885 269 81
267 984 49
86 325 15
189 372 19
604 6 19
356 467 70
685 361 30
301 405 43
284 279 87
339 513 55
807 887 77
80 255 91
206 190 56
90 855 69
656 840 83
942 824 41
624 905 66
364 731 83
958 460 42
925 853 30
600 658 38
583 696 90
386 399 27
97 576 20
562 120 41
219 997 52
341 123 33
487 689 68
161 451 61
34 155 32
53 172 42
365 280 12
698 594 82
354 753 97
699 337 61
417 658 71
524 448 14
522 897 32
343 620 21
391 620 87
64 194 10
656 887 22
853 98 38
862 511 30
236 717 87
896 531 79
24 397 1
989 450 7
742 910 46
855 191 12
650 333 65
629 180 50
573 571 57
605 512 25
550 95 49
442 58 10
754 892 44
248 621 70
990 218 41
495 839 69
561 540 98
455 986 13
89 250 56
923 945 94
801 437 11
239 424 49
613 714 13
295 101 13
521 432 57
814 816 5
795 405 24
555 785 57
390 814 81
720 565 25
318 461 2
24 539 21
725 7 33
47 404 74
225 527 4
581 477 1
954 134 95
961 288 34
588 743 26
192 742 2
905 56 27
999 710 1
35 988 78
651 790 69
847 596 14
702 494 54
147 246 81
632 814 89
680 727 9
549 612 46
611 494 37
367 461 25
346 402 44
276 778 13
780 601 3
400 484 81
931 181 3
335 492 4
597 457 65
234 218 80
706 550 68
861 953 100
696 547 37
178 595 74
952 551 80
526 493 55
614 923 72
492 597 76
274 317 20
829 239 37
916 862 90
825 185 12
804 371 42
424 112 74
791 54 38
106 636 47
820 543 28
83 80 38
86 501 87
564 255 1
237 741 2
496 174 60
933 57 83
649 199 68
877 400 58
720 434 69
763 349 42
186 151 74
433 682 72
164 638 11
532 165 18
19 913 9
945 779 21
688 94 23
166 513 80
922 482 99
314 43 96
86 428 39
785 992 5
458 252 56
793 672 98
540 949 60
851 462 32
360 709 85
221 127 71
704 485 10
243 793 46
512 1 71
922 173 41
42 838 94
890 443 83
184 411 46
222 714 10
878 229 71
62 521 25
150 905 39
608 475 66
206 621 40
313 869 91
42 437 62
705 518 53
601 131 44
169 953 30
652 741 1
480 538 25
401 210 1
355 933 7
298 715 56
703 559 99
333 485 64
601 791 93
895 815 77
289 267 12
712 605 96
577 225 71
987 174 41
247 487 78
420 255 83
944 279 2
525 514 2
588 671 71
149 493 81
434 832 61
506 849 64
332 409 95
298 283 30
249 384 9
405 909 43
22 317 61
758 48 65
557 578 19
86 620 55
196 440 73
404 865 52
198 917 87
73 617 59
123 414 52
960 321 18
987 500 51
638 266 83
45 765 40
884 560 55
481 754 55
948 318 64
580 780 66
986 653 26
813 462 33
527 16 91
816 340 28
246 255 92
467 675 12
915 594 75
839 605 68
488 537 77
25 662 32
403 691 85
778 765 42
166 926 27
54 265 6
874 385 70
512 63 98
216 592 50
385 446 21
684 923 58
328 141 10
811 219 68
363 589 33
276 445 46
946 791 90
637 306 14
684 794 83
707 188 20
87 795 27
377 707 19
913 861 21
230 971 49
147 317 100
587 355 37
981 101 50
908 572 94
774 517 62
798 879 100
675 500 83
956 340 87
265 392 5
452 379 9
226 740 14
540 539 11
476 230 9
96 900 38
390 873 18
899 354 29
113 634 52
779 265 16
628 376 49
817 242 11
959 968 90
520 883 97
786 799 79
150 683 69
328 307 12
441 716 97
816 825 53
481 159 67
193 297 64
769 893 57
560 572 48
466 233 75
505 814 77
996 973 71
931 637 47
269 74 10
569 876 47
357 128 62
279 942 77
984 603 91
496 97 90
105 576 22
233 554 97
882 929 82
398 495 90
593 958 16
673 291 92
361 813 71
209 9 89
159 705 96
885 451 6
548 587 59
938 491 97
627 949 57
429 390 66
849 154 72
166 174 52
601 841 13
170 519 26
3 908 16
989 362 98
470 570 33
297 190 18
983 178 23
300 523 23
93 525 85
607 127 92
260 464 93
794 278 62
281 148 75
42 945 14
155 938 28
901 294 76
26 946 69
560 374 64
436 651 13
111 673 39
957 340 85
155 173 87
716 618 91
467 957 100
852 820 98
38 175 97
374 937 77
819 459 84
96 823 59
863 141 50
122 163 29
827 50 30
923 730 23
7 852 45
263 238 50
309 604 99
780 361 46
502 978 16
362 401 42
87 795 98
271 467 42
876 296 54
150 115 81
135 630 38
236 116 17
907 489 57
615 728 7
880 390 55
721 16 50
158 839 32
286 358 2
93 287 15
937 503 91
331 76 88
192 985 86
195 374 50
953 796 73
307 297 7
176 686 42
945 804 15
225 456 73
685 48 27
945 559 84
379 506 83
468 913 53
695 560 26
308 437 15
486 849 36
624 786 80
620 195 93
979 366 46
378 457 80
939 734 74
566 13 17
31 514 67
590 287 93
198 120 13
424 357 75
466 61 21
78 624 61
945 768 40
224 882 5
944 69 71
552 689 41
314 407 8
417 355 79
888 370 47
393 927 62
604 965 21
131 356 5
97 633 57
650 756 68
776 11 11
380 521 5
864 581 29
314 830 23
697 316 46
944 99 68
27 647 48
298 950 83
355 717 65
389 953 28
238 608 92
333 194 79
913 102 13
601 53 2
229 96 49
763 612 95
345 59 16
801 355 90
727 901 85
381 401 67
103 40 20
163 292 8
900 891 60
305 506 70
972 829 96
850 590 81
548 401 52
993 445 75
291 324 98
534 561 2
86 858 53
190 219 31
698 724 22
862 682 48
793 432 91
100 723 85
95 764 51
185 747 30
981 75 25
608 57 82
932 72 51
720 843 88
688 326 24
505 240 27
858 150 8
185 523 52
822 781 44
347 692 31
423 531 49
131 42 59
886 311 18
61 186 1
12 791 14
974 815 44
938 804 74
824 394 4
871 122 75
590 827 46
888 81 41
273 669 55
4 899 22
538 342 66
961 219 32
370 818 49
72 685 83
59 752 4
929 418 18
607 90 75
8 865 94
558 225 10
731 20 35
594 223 57
144 596 68
581 315 56
312 95 94
723 101 52
201 852 77
688 771 69
752 966 99
434 61 63
259 521 4
910 707 16
343 393 76
549 732 97
498 425 41
819 522 63
91 257 82
650 701 86
417 707 35
791 518 30
698 958 32
856 436 13
969 968 62
834 260 2
322 510 85
140 205 96
320 761 21
831 792 77
975 591 72
650 725 54
808 423 88
967 358 46
582 595 17
357 807 71
919 11 19
530 84 3
966 517 59
912 375 22
883 516 43
57 355 42
336 107 72
981 689 77
509 173 88
253 378 8
585 999 74
495 194 96
892 429 64
193 365 17
906 46 65
317 256 26
841 715 56
857 9 49
586 420 39
897 397 62
364 603 29
73 710 19
922 876 34
826 580 77
251 717 4
60 564 42
288 835 82
181 449 24
0 628 9
653 721 100
571 703 6
673 121 21
567 671 48
168 354 63
253 994 36
827 423 15
220 303 23
993 751 83
822 449 54
952 240 88
23 206 81
439 642 70
680 545 35
896 936 88
120 115 45
885 504 52
720 314 73
953 493 22
946 781 9
18 23 3
828 802 56
146 954 62
481 302 25
561 736 89
618 567 95
643 565 29
712 291 78
498 258 17
509 404 100
495 114 99
968 103 94
557 672 74
753 150 23
176 394 28
869 24 87
897 450 45
86 221 6
998 570 37
269 602 7
3 427 40
566 464 22
916 140 30
728 889 23
622 697 51
275 395 1
435 75 93
914 113 24
521 60 45
650 85 4
263 360 69
88 489 83
917 67 9
310 914 25
181 387 55
214 901 46
296 461 13
777 677 29
436 763 80
562 459 100
693 143 43
271 202 73
691 867 61
325 213 46
723 943 28
330 951 50
816 941 64
683 248 55
696 365 50
356 357 58
820 204 1
185 398 29
848 271 69
857 340 45
425 318 21
300 485 53
479 944 41
78 766 77
489 358 99
447 385 38
658 668 39
720 521 74
456 590 50
555 695 4
893 868 51
150 115 92
829 124 60
842 62 81
844 845 65
197 169 94
781 752 91
961 948 51
11 791 27
279 433 95
480 298 5
228 862 36
804 13 79
955 417 72
122 34 86
996 177 40
84 738 31
334 618 84
312 335 97
899 33 22
265 413 69
785 53 96
93 596 45
382 760 2
313 22 8
255 798 84
365 967 92
928 61 45
959 36 32
340 62 81
234 29 12
691 537 10
484 187 74
878 776 97
782 73 40
712 188 20
43 283 12
57 109 5
215 915 5
349 302 4
467 64 24
446 304 6
363 512 98
765 403 67
990 204 9
621 81 98
200 805 60
854 49 47
946 127 79
724 635 11
538 361 56
708 396 98
982 890 49
206 761 50
738 461 10
556 825 17
666 933 22
164 548 71
723 684 81
755 465 69
315 450 65
308 525 4
50 967 59
715 403 25
803 141 10
675 221 84
583 336 5
277 569 96
671 220 95
770 177 77
977 543 52
522 773 35
71 849 16
657 101 71
334 525 81
84 281 30
18 46 60
768 706 59
110 956 35
532 632 20
605 79 78
968 357 39
374 401 16
652 836 70
446 789 77
568 587 2
111 575 76
924 269 52
650 745 25
998 369 55
718 767 69
404 691 20
669 981 26
599 285 96
706 166 94
967 255 20
94 461 47
373 578 98
731 44 15
886 885 70
388 824 55
92 228 24
603 490 74
361 706 49
899 174 100
457 527 45
949 920 42
466 39 92
925 573 34
595 966 97
968 78 84
763 93 27
979 19 13
273 854 20
804 78 18
62 180 71
526 495 97
65 274 40
684 425 27
410 81 16
951 238 46
567 734 64
439 509 63
278 904 74
741 674 7
726 100 65
366 869 73
627 700 13
128 368 26
255 372 51
939 275 41
537 592 34
309 52 70
886 998 48
391 103 81
116 866 92
127 649 91
498 99 18
835 605 84
913 468 34
752 315 54
473 712 39
846 711 60
921 973 87
32 142 78
477 59 5
382 702 18
67 78 76
186 636 68
529 400 75
782 220 39
735 60 99
918 781 3
360 359 85
775 114 70
242 365 92
978 218 55
602 227 55
811 323 44
50 305 8
999 105 94
35 821 21
233 465 94
22 902 59
450 118 30
915 466 39
427 110 98
208 429 99
563 525 44
575 579 22
359 945 84
464 875 34
504 59 88
407 727 73
441 767 72
718 381 97
861 900 8
793 351 53
272 482 74
191 26 83
296 658 22
505 736 31
919 228 29
869 257 78
550 949 6
601 811 84
448 608 57
888 752 46
753 383 44
317 790 48
543 7 47
21 161 8
100 551 37
315 730 66
403 418 21
120 382 48
545 421 91
366 571 38
116 120 87
621 447 40
488 816 16
946 141 44
922 158 33
889 411 62
829 164 99
449 804 55
229 617 60
542 990 9
333 956 27
804 860 3
2 455 78
343 662 58
971 66 78
656 765 53
394 211 7
337 864 88
497 640 73
413 32 91
913 810 4
264 816 71
496 387 1
943 547 29
9 514 62
203 272 47
658 522 65
878 777 51
979 850 63
758 650 21
329 905 52
422 147 41
488 791 43
21 463 22
1 372 14
507 275 90
563 95 86
605 573 20
273 616 30
744 675 74
188 653 36
766 482 95
311 500 31
848 24 97
63 105 64
327 76 5
6 98 53
427 960 85
375 490 75
162 109 13
818 314 96
261 795 10
512 378 37
355 986 24
298 346 90
847 805 66
916 236 89
455 597 70
937 204 24
666 473 78
585 246 29
677 75 92
730 29 73
551 795 7
510 582 36
766 659 5
534 210 75
772 516 63
727 190 28
76 707 15
390 502 6
892 647 59
447 121 4
769 728 24
75 722 29
869 928 79
541 538 96
793 580 20
244 234 99
816 527 56
743 807 66
332 177 67
654 740 62
483 171 6
980 365 1
793 846 95
484 568 92
148 884 21
664 259 52
947 999 56
444 897 89
467 808 86
753 741 56
161 550 24
989 3 11
346 421 79
166 524 17
620 665 20
876 362 17
113 606 35
776 130 72
921 805 65
901 453 71
590 277 25
888 402 52
171 676 66
530 917 87
105 250 79
548 76 51
636 860 65
122 816 78
920 230 43
775 663 32
149 316 10
85 969 98
830 802 1
668 737 45
379 61 88
445 315 74
62 979 87
993 584 5
241 683 40
968 385 42
7 219 64
584 581 15
796 698 74
753 312 78
828 789 75
917 74 24
303 402 36
299 595 93
902 191 97
335 442 60
459 352 12
579 684 1
488 799 34
186 374 25
569 583 78
530 513 49
844 508 58
659 170 75
769 728 80
401 493 67
228 822 14
322 800 28
969 96 54
666 804 36
839 937 35
274 604 54
733 442 50
7 451 51
443 507 59
957 463 48
930 973 80
130 884 29
836 414 92
561 328 3
601 457 87
994 248 18
967 572 93
964 942 42
762 191 25
891 433 94
889 6 35
310 746 18
131 724 96
474 20 85
876 97 40
107 239 80
263 743 26
13 759 99
997 55 66
183 622 45
784 154 68
764 755 40
871 100 21
468 914 74
786 792 82
87 640 89
869 298 77
607 339 5
10 364 19
800 315 28
828 81 72
325 182 7
17 726 14
975 291 95
465 814 65
48 440 14
898 618 7
133 349 60
489 898 62
70 152 39
605 708 91
789 744 38
339 672 42
247 405 10
660 18 66
24 927 17
335 304 70
755 773 89
841 454 7
567 143 78
412 637 68
940 646 19
853 625 40
383 469 43
147 420 11
399 709 23
75 143 63
782 409 72
104 685 14
311 394 5
12 701 63
76 764 60
417 290 25
525 0 45
119 172 92
325 10 40
510 998 54
581 282 86
704 460 82
462 488 56
711 463 45
489 956 80
987 207 28
469 697 80
249 179 44
71 900 15
672 284 24
7 89 43
292 581 35
368 348 30
527 394 60
932 39 32
733 737 93
96 355 56
893 603 45
298 326 73
342 22 82
95 860 16
823 667 73
719 180 18
91 684 70
437 656 68
833 599 52
577 226 64
797 609 95
412 461 66
484 619 96
480 485 47
419 161 26
779 948 4
468 580 52
80 821 19
353 634 54
589 770 30
476 816 15
77 238 14
550 428 63
606 310 15
439 264 65
433 125 58
477 771 72
627 587 51
612 82 68
399 815 85
157 199 98
181 187 28
665 553 60
617 502 22
98 796 78
720 985 41
529 678 95
833 967 11
386 672 30
265 432 55
463 82 65
825 583 22
452 759 41
663 691 53
532 285 27
841 970 64
788 835 77
142 214 12
642 77 71
854 731 79
127 908 27
374 142 75
260 334 48
645 52 93
361 520 61
695 31 49
242 902 85
46 960 45
559 521 97
435 282 34
774 790 3
575 874 71
18 65 40
330 247 79
126 241 24
944 237 80
462 217 80
627 129 12
173 770 20
867 776 49
914 967 67
712 385 13
817 251 54
666 639 11
23 506 87
709 793 85
111 808 50
392 674 99
292 130 39
596 335 22
620 33 77
552 994 53
237 326 25
131 125 52
443 149 84
766 622 51
859 219 64
212 221 55
598 161 51
337 575 36
883 170 56
241 799 88
640 794 76
95 573 19
553 517 8
740 101 75
294 411 7
470 278 58
500 516 93
239 766 22
50 777 40
369 329 35
383 344 53
875 191 7
283 671 8
803 833 38
183 199 18
769 269 58
815 137 3
576 851 18
562 784 48
635 253 76
755 170 86
987 182 66
305 223 8
107 106 54
873 702 77
105 880 1
298 367 31
129 719 29
51 3 6
912 302 25
496 504 48
221 770 73
848 588 44
878 259 66
22 387 91
875 978 39
368 370 1
847 172 55
107 850 86
893 309 1
179 383 17
670 904 80
910 210 44
876 330 99
676 651 85
401 736 5
981 890 26
639 926 15
753 659 71
882 931 12
192 266 70
712 368 85
216 903 50
379 221 16
286 704 1
377 279 25
119 173 28
318 990 64
104 301 46
273 9 63
973 90 21
677 839 26
82 357 6
962 602 82
556 636 69
580 16 66
392 442 44
835 864 94
890 329 56
632 869 71
787 772 4
406 361 28
40 608 6
218 952 36
342 735 78
993 821 38
946 740 69
325 761 40
718 161 85
35 728 31
130 96 13
816 823 62
585 954 75
918 348 28
401 314 35
493 557 49
212 140 45
344 651 67
7 866 15
33 520 70
223 897 81
331 199 76
124 891 61
186 927 30
566 887 100
609 617 41
733 930 96
130 981 78
813 805 47
76 496 97
184 370 54
989 105 43
395 868 43
445 153 56
334 762 31
24 633 71
660 250 21
415 330 72
929 343 12
817 761 29
502 318 81
539 977 40
849 561 65
482 609 93
738 482 22
851 933 22
395 793 67
584 33 80
326 962 87
160 749 11
978 279 17
898 986 43
940 915 36
758 445 43
20 19 43
68 142 23
915 691 40
351 626 54
947 967 81
442 871 57
844 510 39
421 351 70
789 705 28
568 424 27
477 933 15
651 799 63
818 35 62
410 449 13
322 491 13
957 230 5
167 805 20
504 23 69
648 527 25
186 309 84
766 358 97
757 888 27
934 380 56
737 342 28
41 496 42
408 251 48
669 652 50
838 739 90
385 225 10
943 337 17
438 143 21
918 947 23
850 751 73
912 41 19
638 640 21
84 840 36
824 501 16
830 325 9
683 542 54
610 46 15
861 107 76
695 497 13
459 976 58
74 447 40
815 17 79
402 34 6
261 858 70
191 911 28
94 140 10
550 411 35
762 519 74
490 808 45
36 415 81
183 339 67
802 718 80
287 118 28
545 642 82
419 666 42
939 174 27
255 814 50
148 815 19
111 659 71
276 610 38
14 11 25
543 341 77
442 258 36
100 525 72
957 978 22
534 474 96
281 31 98
415 998 35
371 316 37
551 969 83
598 550 62
137 536 60
957 500 80
415 530 14
969 164 81
271 327 25
564 829 74
147 352 62
458 523 13
741 953 2
669 365 50
452 193 99
642 1 72
276 768 22
48 686 23
415 844 16
775 755 76
369 400 52
675 415 68
980 431 7
217 418 36
338 157 1
110 492 72
93 745 10
873 636 13
230 553 28
304 910 75
515 994 13
734 323 8
54 710 27
896 426 14
226 864 91
790 80 89
727 829 39
195 839 11
612 537 37
811 959 54
520 5 24
915 683 93
615 693 50
961 646 27
364 211 66
90 946 10
806 922 15
801 380 97
850 774 67
685 363 3
105 749 13
612 337 55
682 222 98
855 768 50
416 445 19
414 248 46
409 977 68
730 245 77
20 300 6
106 491 77
466 993 6
425 513 18
171 328 21
609 985 95
88 156 82
14 660 3
740 565 73
857 979 22
135 348 60
545 28 50
658 536 5
933 809 51
671 665 71
208 280 96
302 584 50
947 850 95
625 564 26
571 904 61
564 44 98
273 846 87
857 667 11
370 215 43
666 367 11
156 738 68
465 547 89
616 375 88
797 789 23
186 183 88
101 923 33
259 309 46
537 950 12
947 278 81
836 462 48
964 704 49
361 584 36
545 999 60
758 0 84
159 435 50
475 376 41
255 426 16
478 232 66
50 706 96
229 747 9
460 430 93
599 912 17
940 392 89
0 964 29
702 466 45
348 249 27
256 274 23
881 481 41
545 237 16
464 487 95
780 315 35
528 623 44
24 426 23
94 834 36
144 406 55
403 166 46
395 594 93
826 344 16
733 619 55
608 927 41
28 621 19
828 453 81
337 467 43
845 529 41
157 410 17
709 361 71
127 842 49
394 68 17
974 690 64
797 265 51
50 300 16
443 623 54
462 430 27
451 922 82
652 765 96
310 102 51
240 694 30
763 708 97
799 357 17
211 764 24
397 106 75
686 26 12
492 894 23
646 780 21
579 959 54
177 249 14
657 28 20
302 178 49
200 414 80
932 361 83
127 977 89
552 888 60
395 593 16
584 894 17
47 278 6
159 784 33
956 152 3
435 385 21
550 757 14
815 335 34
881 319 69
263 716 21
900 199 75
82 710 48
345 552 46
305 689 47
408 817 56
944 642 6
976 939 41
164 112 39
453 726 88
92 723 12
248 565 89
246 607 93
333 567 87
649 506 18
898 884 57
389 928 27
920 375 55
860 980 61
334 565 69
540 42 58
499 992 56
529 622 50
320 519 32
658 223 9
584 539 47
867 604 13
416 886 82
468 42 55
115 188 11
743 601 45
358 818 23
927 999 17
377 913 10
985 891 12
500 471 83
208 658 61
81 847 47
227 662 43
732 485 11
123 67 58
99 482 85
695 504 38
175 24 36
414 759 63
452 649 24
78 778 4
755 163 15
659 307 3
569 192 79
673 620 97
697 186 95
956 648 35
237 314 11
833 946 15
813 716 59
532 297 63
68 856 99
69 417 79
836 273 54
89 933 33
933 719 76
210 269 17
307 495 78
472 472 86
212 686 27
591 109 31
722 233 100
158 322 52
107 203 27
655 727 5
80 486 74
301 704 76
428 281 84
360 148 48
520 202 27
461 399 79
210 470 58
982 269 87
637 930 63
731 12 93
67 713 65
360 798 89
750 920 3
770 486 60
525 179 70
786 966 84
73 666 57
796 353 72
48 201 2
713 981 17
686 312 78
173 524 56
822 362 11
144 631 74
480 254 44
951 858 71
452 980 24
937 810 77
870 303 6
39 41 7
486 657 82
96 123 37
292 484 24
329 801 76
254 731 11
297 601 73
550 716 71
229 548 23
517 353 75
397 189 93
654 999 82
787 922 6
878 998 31
421 150 92
976 148 23
459 971 85
314 900 3
578 57 83
205 51 100
317 408 2
659 923 71
173 906 3
236 456 62
573 153 46
206 415 9
700 715 67
993 317 81
442 827 10
374 464 14
606 331 60
771 239 10
370 330 85
371 978 55
483 206 82
794 19 79
506 575 91
565 540 49
163 741 4
732 90 27
653 743 68
837 188 53
538 853 76
210 289 98
932 938 97
343 961 75
559 77 66
777 930 91
928 404 8
86 507 50
478 72 61
393 512 36
475 296 91
100 807 3
180 86 88
621 836 36
494 654 68
446 419 94
138 262 59
586 771 45
783 628 40
736 299 77
689 169 40
328 304 15
96 2 72
536 808 39
725 316 66
672 613 52
582 181 23
29 141 82
485 396 100
320 270 98
158 716 98
949 766 90
775 917 76
450 382 100
292 770 95
111 776 13
521 926 51
713 65 85
421 614 60
134 570 61
652 548 61
473 993 8
205 908 45
706 165 25
620 164 61
361 197 68
606 745 4
805 56 25
672 334 93
541 802 27
812 923 29
877 582 31
223 154 92
156 182 27
437 965 55
624 770 7
339 887 65
599 38 38
343 399 49
897 852 15
185 781 24
915 678 20
554 367 6
648 638 83
200 607 73
398 996 40
750 954 28
795 84 32
617 24 79
6 821 71
409 613 73
379 268 38
447 533 89
769 869 95
764 103 98
555 64 61
733 923 23
293 849 48
237 802 90
333 763 70
115 808 97
724 570 55
799 779 78
817 245 92
568 303 51
752 376 55
205 466 26
446 699 90
108 784 28
476 749 75
951 614 49
608 951 44
795 645 57
227 649 49
562 268 81
883 354 52
408 935 94
408 456 9
711 612 30
122 705 33
342 344 3
293 986 46
572 633 61
367 378 65
350 808 16
323 208 22
491 949 91
272 463 98
904 576 55
185 124 62
554 872 40
589 571 18
349 3 28
501 783 66
409 35 40
852 731 21
629 870 46
511 798 67
683 25 92
381 959 61
964 602 45
655 539 9
554 389 48
496 428 56
802 283 6
749 506 22
139 778 27
243 717 17
406 630 2
136 34 17
312 818 66
578 776 15
322 820 11
790 832 32
723 164 54
631 569 96
347 788 41
448 745 62
670 838 94
651 922 47
599 697 44
775 273 17
834 656 89
88 222 7
542 330 1
782 661 7
202 522 84
650 121 52
514 298 83
499 565 62
19 962 4
988 395 62
554 956 55
598 410 36
115 695 99
226 618 25
287 903 80
334 575 34
316 211 11
475 686 84
811 674 34
70 269 15
828 300 3
967 61 95
588 699 60
513 499 29
977 318 70
274 433 16
624 840 15
21 860 23
233 80 54
250 837 5
45 928 39
23 734 90
35 409 46
182 110 31
80 368 84
147 398 39
856 164 57
348 871 99
448 54 68
46 426 18
82 427 42
787 568 92
299 765 42
365 539 92
75 931 44
836 225 55
997 342 4
658 807 11
429 379 53
359 403 1
355 233 19
595 10 18
168 681 78
124 55 93
661 851 29
17 522 85
248 564 3
369 81 98
44 681 8
996 22 20
963 368 47
248 999 58
167 735 89
643 608 3
229 373 71
926 170 22
730 175 92
478 975 66
948 524 68
919 104 65
591 989 9
135 392 74
616 940 91
309 551 77
737 827 43
237 367 67
911 688 4
331 334 1
953 752 48
552 410 89
341 190 13
535 171 65
373 768 51
813 782 92
636 383 17
721 748 77
874 75 62
873 405 67
51 350 2
747 555 80
684 500 23
459 445 52
841 821 76
73 490 60
27 479 58
973 672 53
868 411 50
525 699 63
361 359 70
105 768 70
795 359 79
235 743 31
527 672 98
751 505 17
669 333 2
695 388 90
479 197 76
633 975 62
554 994 90
468 115 32
815 326 76
18 592 11
884 154 28
844 978 17
153 247 78
96 259 66
505 142 57
197 167 6
120 307 22
368 847 24
898 722 50
789 293 64
44 412 26
178 862 80
271 20 53
346 814 63
173 664 80
387 945 63
803 672 15
560 497 88
333 55 61
587 754 14
862 504 73
646 883 13
56 993 13
712 345 39
203 868 15
267 890 67
719 491 77
571 6 69
539 652 52
583 296 9
471 149 54
665 790 30
468 71 47
444 821 8
313 691 73
537 644 13
910 966 19
793 333 50
712 691 37
598 751 100
7 597 94
428 800 52
525 964 20
674 602 60
514 399 100
997 571 73
421 26 100
510 975 77
139 785 50
17 57 8
106 303 6
400 710 59
217 619 33
117 265 58
114 35 41
714 406 36
92 976 76
852 186 74
297 179 33
546 521 27
986 361 42
603 96 59
868 812 18
200 900 55
668 86 93
73 102 32
762 9 56
839 618 90
18 363 45
974 646 49
899 312 17
972 361 1
248 738 50
29 861 4
881 819 1
885 142 44
874 232 90
377 700 44
701 250 93
768 975 65
438 370 52
529 157 66
930 302 23
609 830 8
850 790 91
928 445 39
723 652 49
541 763 71
722 968 27
653 125 25
617 834 61
540 787 13
989 87 60
389 962 40
959 501 67
948 981 29
215 625 79
751 708 89
432 731 40
793 289 20
766 504 53
13 816 81
375 104 80
119 19 30
514 663 42
840 810 92
295 842 15
833 589 23
483 317 24
812 715 78
674 944 45
279 706 51
787 863 21
518 666 71
807 874 89
156 143 99
609 885 56
263 625 21
672 234 75
593 70 34
735 162 70
145 263 6
937 718 44
75 474 82
59 561 13
870 164 38
894 557 20
163 330 80
946 811 8
641 270 16
103 673 51
834 655 48
359 681 58
346 517 35
574 900 58
512 347 24
578 254 53
802 413 86
460 558 90
85 454 40
384 776 11
887 661 55
873 510 66
394 549 70
940 686 80
591 146 59
603 681 88
560 189 46
308 276 88
678 4 96
531 646 59
129 924 28
30 20 62
520 492 82
812 348 15
723 334 100
130 890 90
674 832 8
81 300 66
367 626 83
61 816 74
873 181 18
578 653 67
283 723 87
882 254 31
969 99 9
4 996 33
832 80 48
163 374 32
116 988 97
288 687 30
388 891 38
141 55 93
281 898 17
816 623 68
387 772 42
661 719 44
864 69 41
813 829 91
27 153 35
935 622 76
583 982 4
209 526 50
581 825 23
809 772 27
195 670 72
382 937 51
317 20 14
436 684 10
86 654 85
618 302 97
624 14 69
176 776 77
880 142 24
26 546 61
829 575 83
975 414 92
241 784 11
589 891 90
29 432 26
354 722 93
431 928 26
960 191 63
65 898 87
837 396 72
330 256 21
132 14 10
657 184 19
220 52 55
111 26 100
471 317 97
683 507 93
204 138 48
927 578 100
458 31 61
522 454 36
921 52 59
966 768 22
419 915 38
326 536 25
880 593 8
411 836 43
824 265 98
791 86 41
366 422 16
809 24 94
958 375 19
380 253 71
857 121 100
159 753 81
40 390 18
22 5 25
274 856 27
568 298 83
758 277 53
29 508 72
936 424 37
739 523 34
652 380 18
286 393 6
839 789 79
825 835 59
830 92 22
972 336 71
984 470 48
835 935 19
141 420 40
421 672 61
411 14 36
372 376 35
877 766 30
786 611 89
35 826 60
991 546 40
907 427 96
616 277 13
864 954 6
199 551 100
362 656 19
207 885 16
247 812 18
760 366 74
423 326 98
659 517 5
170 988 64
580 306 91
214 499 100
449 211 13
245 134 97
66 969 46
172 375 8
57 284 71
881 991 99
665 119 88
818 916 89
265 700 7
689 580 94
342 46 62
688 378 2
459 723 83
794 981 49
541 79 53
254 748 26
504 942 28
389 344 4
784 149 28
730 356 1
962 861 12
840 839 81
531 399 39
628 799 60
453 78 56
397 889 33
752 561 12
885 659 74
211 256 54
204 307 16
355 523 3
10 756 62
0 182 51
413 365 7
163 299 62
912 232 7
619 64 44
666 491 6
388 486 72
355 456 54
264 328 36
742 619 63
496 348 95
417 487 92
669 723 35
948 328 42
114 772 3
923 898 96
505 751 4
659 769 58
185 968 12
835 194 30
156 107 40
999 108 66
872 335 52
547 672 35
580 554 61
385 594 32
881 744 53
853 416 67
672 107 68
995 503 31
28 379 92
201 74 62
303 385 37
62 543 25
349 447 18
325 506 77
821 735 76
489 281 20
555 557 69
357 653 33
49 673 56
153 593 89
848 316 97
71 629 81
857 530 57
280 68 23
805 823 8
790 909 85
845 560 11
686 727 82
132 69 51
288 516 3
20 820 93
401 910 86
563 661 100
387 816 35
579 603 97
452 652 60
601 966 64
300 151 31
646 823 92
304 742 37
719 217 13
184 526 85
740 722 53
846 647 45
817 326 58
818 646 37
387 847 98
608 963 60
655 538 99
340 578 13
378 869 92
399 342 11
992 734 35
904 59 2
463 644 93
348 273 67
849 579 21
113 605 76
85 39 31
793 653 72
840 334 92
962 90 18
912 640 33
950 871 42
927 748 3
229 116 61
50 704 65
55 859 5
488 140 74
871 735 65
475 354 60
617 548 67
247 634 61
221 880 21
383 301 19
806 864 74
719 480 2
213 65 68
265 906 4
438 689 78
818 847 94
99 568 35
826 949 89
282 903 46
186 830 47
860 243 42
9 846 37
739 343 28
928 861 25
65 142 59
264 281 45
563 921 56
406 493 79
133 883 43
533 796 70
966 628 42
680 607 20
287 778 86
596 733 10
530 134 68
427 118 71
775 37 80
385 647 90
256 602 25
451 377 62
123 323 61
582 985 75
141 86 20
320 783 39
14 489 2
94 24 16
5 658 25
704 570 80
54 98 60
90 878 23
290 893 38
97 737 33
627 124 36
998 656 52
968 283 24
304 874 47
967 643 32
57 662 78
342 662 52
353 919 93
368 881 77
914 73 44
917 871 67
723 782 63
661 326 73
75 55 32
362 77 50
282 789 90
127 960 74
915 402 42
828 16 79
962 992 58
98 559 39
122 251 9
380 847 4
658 980 57
579 485 100
189 797 33
598 797 32
908 444 72
85 773 77
536 722 4
929 244 23
223 191 7
617 579 93
981 151 62
976 5 90
481 209 86
545 144 32
47 867 100
435 121 92
446 58 88
80 899 97
424 566 82
171 767 100
613 451 6
196 623 13
94 559 86
361 358 50
62 606 10
543 756 90
663 191 99
392 944 66
25 197 71
476 82 75
466 31 63
468 199 50
102 318 26
379 85 56
859 990 85
853 263 67
435 536 59
133 756 28
695 220 92
647 627 85
317 306 65
62 220 11
687 494 70
750 140 28
314 109 5
957 797 45
863 803 17
238 78 68
266 885 46
426 368 50
940 975 85
225 442 39
738 183 60
709 141 30
151 68 21
120 603 79
171 481 98
980 834 7
59 269 27
792 280 17
738 841 80
202 342 20
425 342 55
307 895 24
916 366 95
879 741 25
202 259 49
751 631 73
836 972 13
943 360 63
529 524 6
912 880 25
544 383 21
771 982 83
552 145 24
585 95 4
952 810 87
554 593 69
503 958 4
551 836 20
781 212 32
610 90 57
158 619 61
901 242 90
93 668 54
931 248 99
684 682 59
561 255 79
183 307 8
912 569 66
611 219 9
606 982 45
108 283 54
668 564 3
174 974 92
205 853 43
112 895 41
735 607 91
849 872 77
47 872 55
406 325 61
593 997 25
906 55 42
549 813 96
755 151 68
983 937 13
994 748 21
970 348 78
425 401 86
142 253 79
414 782 78
950 732 44
39 925 82
373 314 88
246 107 22
638 304 4
509 170 21
19 15 2
529 715 47
434 534 83
101 405 47
781 846 94
877 58 49
551 602 24
865 588 74
63 500 5
183 33 61
274 940 72
246 61 72
738 382 44
855 528 20
983 722 13
485 808 3
792 383 47
550 870 81
12 637 89
826 704 15
180 302 100
35 47 91
680 985 73
441 506 50
453 281 83
251 618 93
842 168 55
197 894 48
508 597 57
670 58 73
145 576 4
622 37 81
796 583 59
89 648 94
596 951 12
867 4 19
334 279 39
452 452 65
792 179 52
422 630 84
286 506 75
472 949 57
210 863 41
557 327 9
987 599 91
350 520 1
874 718 19
346 390 97
899 961 6
776 255 78
169 56 50
91 795 93
452 415 77
70 60 65
732 621 100
96 669 58
237 936 87
552 928 57
58 742 24
998 857 88
58 953 27
773 218 19
70 82 30
819 249 17
930 14 55
232 701 64
735 38 62
116 78 45
255 826 34
393 497 67
445 288 40
177 744 58
739 39 64
371 978 14
221 131 50
418 544 7
430 633 53
366 928 15
504 635 15
57 87 71
133 510 99
62 121 43
64 198 48
85 765 55
950 493 88
598 14 72
391 793 40
887 748 92
524 672 4
93 222 36
254 723 83
242 549 76
161 843 43
864 650 54
470 577 34
383 78 96
955 429 28
792 785 66
282 881 74
211 342 73
359 114 44
908 714 80
862 784 26
468 306 10
20 893 11
137 678 70
947 786 54
540 726 75
318 506 73
308 208 4
980 28 24
752 842 13
338 788 85
841 883 65
613 469 12
336 749 23
405 596 12
629 615 78
790 891 14
818 415 61
104 975 32
686 430 57
234 585 64
547 706 30
258 550 1
303 515 14
636 998 30
766 400 21
283 711 85
429 810 80
822 129 6
403 559 93
817 103 79
253 888 42
813 777 95
664 480 86
411 571 11
636 703 72
346 997 98
576 895 22
247 506 60
791 136 87
634 896 89
813 71 6
547 763 78
8 292 92
45 738 66
256 138 86
828 550 59
460 559 34
195 982 11
735 460 1
958 187 72
609 508 99
112 799 56
352 972 75
490 956 94
229 966 15
783 781 52
985 550 22
364 915 46
712 900 85
669 982 68
977 751 37
430 433 96
601 986 39
755 374 87
505 139 35
548 797 35
76 527 57
262 393 51
602 454 33
349 662 19
854 42 44
251 480 63
968 442 32
457 281 3
604 695 72
190 942 8
85 749 86
419 93 76
517 46 85
514 550 78
958 506 76
701 635 24
692 778 46
186 124 90
26 439 83
986 344 53
339 688 35
385 679 94
472 374 11
156 383 31
673 432 54
472 793 89
864 681 16
845 217 21
17 645 35
27 531 75
720 827 79
737 406 93
15 913 10
241 942 55
527 752 90
467 599 63
988 48 47
937 298 84
208 720 36
132 534 17
90 938 81
687 268 14
690 119 90
788 50 9
321 952 85
406 723 74
81 104 45
751 980 25
18 708 29
839 96 44
371 394 20
593 482 50
723 328 86
452 390 79
841 772 61
832 914 33
479 787 40
193 24 65
557 120 55
356 784 85
417 503 39
262 298 64
977 969 89
891 316 15
820 780 21
960 572 93
942 923 22
993 68 47
714 87 31
785 706 29
507 562 16
785 954 52
541 773 13
660 670 2
980 717 32
521 784 53
186 662 5
509 170 23
398 253 65
197 401 11
176 154 55
488 341 72
260 652 31
22 696 96
33 452 37
144 615 47
213 155 4
908 237 18
549 451 36
7 695 8
870 412 65
10 898 10
350 718 47
222 768 83
211 401 17
417 988 62
82 51 78
300 844 68
218 976 59
596 311 87
6 773 10
705 495 70
379 940 97
701 405 40
638 928 79
264 175 25
15 491 46
900 885 59
826 954 71
305 309 44
166 505 85
724 910 96
246 261 49
890 198 42
502 175 99
480 732 52
914 365 45
569 341 84
792 62 51
248 155 29
648 450 20
279 140 37
227 578 40
784 146 96
648 704 88
103 963 94
390 259 68
366 908 51
358 884 51
549 814 46
542 37 87
524 343 10
217 40 22
159 315 63
912 438 35
22 402 38
414 88 91
60 624 62
747 728 76
133 149 59
141 772 38
183 912 5
812 481 57
911 952 34
406 404 25
422 496 37
645 55 37
181 314 73
981 592 21
712 724 10
842 269 18
297 684 56
285 277 50
272 492 17
79 193 25
941 701 22
608 533 7
918 583 5
807 354 10
131 500 61
845 686 19
339 657 63
830 704 35
431 738 28
578 426 1
840 977 10
140 797 18
183 376 53
955 694 77
458 879 60
772 738 9
435 434 51
101 775 30
445 294 43
803 927 43
337 134 57
689 408 7
174 987 87
589 934 47
152 604 60
54 565 4
498 35 77
3 238 58
578 608 95
506 441 67
612 50 99
760 416 5
151 859 55
300 558 68
547 196 72
177 142 92
14 228 64
836 463 73
857 315 51
192 442 5
980 422 75
493 808 91
548 555 59
407 850 17
234 923 70
842 119 76
972 49 33
115 465 37
185 689 23
923 55 93
748 420 95
969 115 60
866 608 12
930 148 83
153 55 28
616 609 66
374 302 12
443 234 45
938 885 49
754 248 75
748 537 5
104 82 22
565 159 3
815 608 100
548 386 14
848 112 80
727 74 80
552 735 60
230 129 20
261 22 100
709 462 46
881 412 89
553 785 19
184 970 43
55 326 46
399 192 93
739 784 63
148 390 93
928 472 90
121 904 48
302 344 28
247 116 12
188 646 22
501 883 27
736 438 29
799 990 36
143 946 39
977 618 75
228 833 15
741 216 41
214 677 17
5 257 25
355 85 72
927 739 60
894 256 86
269 689 82
355 170 45
341 931 10
17 395 93
655 261 96
162 642 78
161 648 91
341 357 88
724 137 59
751 521 72
511 922 5
252 3 65
773 769 34
620 177 59
882 424 9
700 852 7
487 929 63
486 376 99
381 889 10
173 619 94
208 596 88
884 115 45
368 431 50
361 172 32
777 870 71
621 111 2
187 706 22
774 926 2
290 642 16
968 613 23
221 784 98
767 776 92
552 188 70
217 746 54
666 592 16
126 420 13
584 687 100
743 411 87
788 205 75
298 383 92
190 563 95
429 305 98
815 487 59
922 765 4
625 621 51
496 299 34
888 846 83
1 960 4
245 42 90
557 180 17
848 994 47
146 255 26
502 407 37
298 580 88
543 398 83
866 574 12
699 798 6
203 600 60
750 196 25
655 884 52
764 333 79
115 493 93
270 982 76
270 44 20
475 508 37
344 992 51
655 885 98
995 182 25
240 231 81
663 666 64
301 375 57
89 786 13
659 140 66
798 327 2
828 232 59
559 134 83
457 233 24
983 632 4
847 263 99
5 587 88
515 995 65
934 140 75
650 26 84
206 801 31
778 989 25
784 825 16
606 190 77
819 977 69
321 202 47
658 440 23
188 864 39
228 35 29
30 361 93
252 54 44
327 775 8
835 937 21
111 245 91
644 486 46
875 348 17
108 383 16
828 125 62
805 908 70
228 878 16
186 0 6
73 162 25
142 844 42
102 253 22
915 391 43
186 858 42
486 560 68
46 592 21
227 269 9
972 829 62
928 521 23
991 212 87
310 189 35
844 372 44
597 941 46
990 4 66
629 302 14
429 592 82
998 836 95
416 125 92
787 507 48
630 553 22
288 590 46
206 909 75
485 368 50
879 586 8
878 718 76
897 535 77
731 202 67
997 837 27
990 537 35
687 692 40
898 284 69
955 884 24
51 913 35
459 863 34
939 465 21
88 577 74
637 733 27
317 223 29
78 126 29
162 467 64
50 90 52
852 834 25
698 37 97
75 999 85
986 519 92
289 180 21
119 355 23
219 653 56
870 814 93
893 124 42
768 82 66
28 502 64
579 923 55
991 938 46
893 798 90
768 265 53
792 866 35
592 91 91
161 717 30
857 521 54
524 879 68
14 50 29
746 660 18
394 141 61
262 20 52
658 307 63
83 491 43
490 761 61
48 926 94
511 340 53
411 923 11
148 656 18
554 413 27
75 398 19
643 169 25
594 130 70
953 88 9
119 656 49
925 118 93
69 517 26
406 44 81
854 815 52
258 912 89
618 484 99
938 69 17
764 962 98
889 559 18
454 191 5
2 720 38
238 830 87
957 363 19
856 106 33
402 19 73
648 616 57
187 893 65
975 148 87
901 824 61
841 895 30
420 463 13
71 52 95
841 397 95
418 156 7
806 213 96
620 761 98
287 496 50
816 778 22
184 310 14
481 426 68
19 6 75
884 462 45
845 809 66
983 694 74
919 442 95
447 864 31
659 682 61
665 454 25
419 798 42
220 832 95
718 224 31
926 483 43
528 950 94
352 436 50
13 194 94
417 928 8
259 434 29
929 913 75
268 63 99
531 815 63
564 400 58
550 58 25
498 227 69
346 428 14
940 58 49
967 899 9
494 614 57
993 670 73
98 705 13
982 210 77
415 962 16
791 59 91
44 32 99
139 64 71
770 738 55
923 564 17
697 955 38
552 998 91
151 965 37
948 298 95
294 571 97
485 830 44
995 754 57
627 339 18
4 549 34
303 355 78
450 240 27
467 607 75
846 628 43
150 722 3
243 262 18
873 641 71
658 788 45
419 268 18
669 199 20
333 335 82
636 655 94
686 56 95
141 232 18
568 657 12
769 363 70
174 687 10
425 444 6
601 950 29
188 676 47
753 316 93
402 552 25
514 706 44
160 829 72
127 579 49
400 755 68
285 826 20
821 372 43
391 503 90
453 205 39
138 580 94
763 848 5
246 225 100
766 914 27
851 900 41
46 138 4
540 586 19
219 63 46
804 294 21
594 533 9
762 208 54
179 253 2
69 153 32
705 489 3
478 486 48
506 775 31
782 306 44
33 291 62
883 553 39
124 780 39
725 796 50
287 681 79
804 963 73
793 669 4
483 267 68
856 714 94
691 53 10
285 401 79
872 540 33
444 577 18
869 575 6
617 486 60
86 877 39
464 547 78
724 904 15
496 588 87
895 837 100
548 334 61
678 47 71
85 659 44
976 855 12
746 162 60
494 508 62
45 896 88
627 15 18
245 710 81
389 789 16
327 644 23
362 465 52
696 263 92
436 341 1
302 902 49
452 751 10
451 712 1
242 472 85
959 922 63
753 957 61
304 261 9
693 850 4
258 53 4
308 274 82
442 950 78
857 697 75
663 541 24
223 320 83
219 382 73
947 775 60
352 126 45
902 932 65
688 721 45
890 419 2
397 557 28
597 668 20
72 264 50
582 790 14
675 201 22
964 512 43
811 152 24
401 493 95
369 838 47
487 231 97
405 922 65
508 54 66
748 675 100
871 573 41
995 996 68
207 100 78
686 716 65
421 49 35
78 106 80
936 762 20
458 654 5
639 27 7
996 622 16
175 510 74
853 174 30
238 573 5
89 863 83
169 259 11
614 101 1
703 912 99
330 893 100
253 728 77
273 332 52
458 87 56
631 112 75
213 18 46
208 319 12
847 349 72
1 894 90
680 520 50
53 749 34
418 731 41
791 589 40
235 687 6
378 669 34
281 557 67
389 331 44
370 368 32
807 934 49
296 22 42
283 98 6
424 327 40
825 833 41
972 161 16
415 555 83
892 236 25
842 439 5
840 380 22
38 493 36
460 751 8
181 59 27
573 832 85
113 775 42
378 540 45
701 768 95
736 56 93
114 895 33
629 993 86
364 41 55
288 583 50
435 892 88
173 854 35
472 820 76
591 237 27
496 76 7
403 329 10
566 573 88
686 647 31
189 967 68
122 513 96
98 174 88
602 226 60
665 221 94
899 931 83
902 835 31
672 160 36
965 755 92
429 661 1
762 93 43
398 808 31
629 765 21
924 764 40
477 491 6
729 128 31
277 503 98
861 460 13
338 741 44
835 909 24
521 304 32
486 856 8
50 646 94
462 213 35
929 711 93
500 381 68
314 73 33
945 425 24
902 270 57
137 765 24
816 589 91
820 885 87
9 47 70
791 733 80
29 535 73
252 114 80
228 406 26
259 820 65
901 749 42
286 224 37
904 343 51
394 332 100
217 74 52
39 590 86
408 719 69
789 394 57
524 218 96
503 819 100
405 347 2
667 700 50
981 713 50
931 899 66
833 829 35
757 599 20
282 270 89
43 112 78
263 876 24
198 603 84
359 470 23
646 72 76
556 73 55
474 457 42
595 953 2
838 26 43
533 920 20
373 287 10
527 623 1
106 783 49
428 204 21
503 995 58
239 103 44
407 310 57
860 983 96
779 377 90
988 450 15
894 464 44
976 982 87
684 316 34
377 726 18
673 590 39
132 285 78
735 377 63
519 580 51
275 641 1
712 493 29
748 669 73
988 675 70
314 560 13
844 94 90
568 922 49
48 472 49
843 704 87
558 419 81
684 709 91
474 421 6
265 13 13
251 375 57
758 936 33
830 339 87
552 651 58
95 172 51
242 770 23
631 873 65
692 719 80
685 594 98
673 246 34
184 144 68
938 223 33
302 169 36
290 294 75
234 306 72
952 773 18
383 473 44
548 590 8
148 70 64
961 100 62
474 510 4
920 883 52
11 56 87
45 115 15
829 152 48
854 668 36
285 852 63
698 678 15
224 725 14
632 841 57
739 751 34
866 809 19
793 500 89
366 346 29
740 259 22
918 641 12
898 733 85
907 999 78
291 314 18
635 260 52
391 93 93
748 967 50
678 557 80
126 562 66
177 815 32
18 535 9
411 929 56
43 522 67
177 974 72
595 446 29
914 310 65
391 718 4
245 80 53
774 710 53
877 36 52
922 388 92
415 447 40
354 686 65
610 455 88
971 302 6
134 900 71
982 150 66
894 398 70
547 595 3
895 95 74
415 536 37
939 755 5
969 747 52
433 819 63
570 598 45
931 208 59
929 591 25
608 644 68
786 557 7
764 657 33
962 152 15
824 128 94
149 255 35
165 347 21
719 668 83
44 666 42
442 692 72
479 8 7
19 209 55
161 371 100
249 109 8
917 356 23
848 801 85
548 531 27
64 589 81
767 354 86
735 40 29
806 294 92
221 310 94
334 328 100
744 898 98
366 678 86
998 169 93
90 565 90
307 202 44
513 658 50
209 772 82
431 827 43
508 556 94
609 417 68
13 579 94
168 309 80
887 46 37
217 781 43
453 374 58
939 143 13
690 695 84
898 874 91
483 567 14
257 872 92
47 57 13
40 762 48
776 55 81
532 571 11
129 750 92
646 877 16
702 912 18
227 68 75
944 734 1
621 607 56
22 17 36
228 822 36
315 465 99
746 875 2
671 791 17
938 458 73
26 172 27
462 56 57
59 460 14
654 700 64
656 158 8
61 826 52
627 511 88
292 121 80
986 322 78
492 598 78
410 609 74
934 280 59
237 971 8
161 422 59
649 830 32
40 394 17
526 819 2
656 122 27
929 951 37
538 959 80
286 551 41
436 281 71
358 764 95
529 594 25
358 886 98
689 247 81
950 116 71
265 848 78
489 711 78
968 513 36
660 898 67
394 25 90
964 464 11
462 31 39
186 70 88
958 702 88
770 9 90
748 975 26
91 735 88
921 907 92
509 389 55
302 42 23
759 29 26
307 31 52
67 672 63
445 970 5
794 987 62
808 365 43
685 557 47
626 760 56
725 551 47
961 693 96
575 427 3
692 166 8
480 342 24
424 384 87
1 603 32
797 730 29
128 158 41
101 99 49
84 553 71
549 693 41
826 222 70
21 453 25
643 277 84
94 309 8
793 724 72
791 24 2
910 518 72
410 254 98
333 707 19
636 137 13
232 712 65
708 533 95
722 443 77
2 42 46
684 509 40
718 240 92
400 575 87
948 635 84
117 540 24
624 895 35
998 4 15
267 445 45
821 485 31
273 353 72
141 205 50
192 465 39
488 133 37
902 2 74
992 529 83
121 996 83
815 190 2
645 276 71
216 672 35
819 981 5
908 216 17
161 248 27
182 844 100
253 175 87
985 358 49
740 690 92
373 586 1
660 337 48
253 31 15
410 379 33
499 648 72
683 68 89
829 407 37
570 282 37
751 594 73
595 921 30
547 202 65
372 189 30
128 74 39
419 47 53
177 836 58
847 456 61
192 138 91
378 454 92
53 526 52
643 303 11
997 781 79
763 920 62
600 993 4
85 873 63
658 308 52
21 278 83
975 532 7
113 295 7
834 20 25
780 549 20
927 174 52
297 75 12
282 519 29
462 273 56
712 700 12
481 606 73
62 623 75
730 193 19
707 298 90
990 561 54
38 555 79
382 931 9
723 785 77
339 736 76
566 472 59
80 293 56
901 71 82
560 530 66
31 238 6
866 120 38
581 206 87
702 961 15
25 170 61
455 205 15
3 152 7
526 297 66
599 417 11
760 305 82
245 490 12
86 712 6
624 226 93
189 623 92
248 449 79
319 285 36
728 548 81
865 364 82
621 909 8
576 938 51
979 475 15
514 424 100
138 428 2
273 472 61
992 627 51
663 994 3
282 209 38
198 791 64
147 399 62
7 798 87
90 801 12
806 574 96
913 244 49
335 953 100
869 608 98
793 796 100
305 160 92
463 566 31
25 205 30
434 287 95
970 642 88
454 674 21
99 730 20
943 501 92
618 710 49
492 268 13
546 143 29
403 794 22
571 207 22
524 489 85
777 262 72
755 3 72
494 557 89
608 182 55
568 423 24
830 960 75
551 858 22
279 286 94
786 390 48
876 845 65
586 891 86
949 194 58
65 894 97
330 352 33
931 676 79
476 350 13
381 375 35
649 343 32
71 123 4
123 788 90
739 678 63
958 883 79
647 843 17
333 849 7
563 174 4
236 463 82
592 158 31
360 790 77
903 525 66
200 58 50
961 487 38
8 194 80
434 237 20
573 192 50
240 380 75
259 147 83
222 420 26
124 756 40
617 645 10
755 467 60
69 904 4
894 438 27
579 885 26
243 19 82
692 898 43
177 844 11
430 408 67
187 637 91
71 755 13
439 512 19
425 444 28
962 10 83
521 607 16
269 363 16
559 457 84
319 433 16
771 298 69
937 987 80
984 455 33
994 792 42
915 420 97
866 84 62
74 333 91
288 720 38
530 363 1
245 206 51
365 503 56
866 298 3
137 154 36
871 504 11
826 212 49
618 311 14
528 906 11
353 353 15
347 386 99
616 633 20
691 354 31
262 968 48
517 278 38
479 934 56
764 663 62
462 373 68
680 85 38
168 665 82
426 4 18
185 703 91
589 246 28
10 108 70
798 197 9
41 401 36
131 858 79
426 94 95
7 487 42
990 843 49
290 624 42
670 721 33
887 934 91
461 577 50
623 81 21
35 418 89
650 562 45
883 401 12
552 571 50
869 620 31
868 314 57
736 924 17
940 589 98
522 549 61
527 164 54
831 12 90
868 574 48
187 105 2
290 628 70
258 272 10
622 90 54
427 603 29
957 434 14
960 147 23
862 314 3
681 554 42
704 106 15
251 357 55
219 958 15
852 170 28
594 737 79
326 336 79
467 833 57
582 684 27
587 616 28
805 974 100
276 364 12
87 203 77
411 951 62
573 485 37
476 627 10
463 738 44
199 462 20
422 866 59
932 872 33
420 640 99
864 302 30
302 656 66
261 638 87
149 852 4
231 968 53
304 47 36
648 836 5
514 911 97
465 662 68
436 468 66
945 603 86
947 775 25
646 955 77
921 416 49
395 440 59
980 209 70
40 662 88
314 917 99
154 403 47
547 765 94
85 373 13
16 828 82
911 984 40
991 809 55
211 790 71
209 183 43
255 349 60
733 632 94
975 217 69
487 310 81
514 557 59
525 999 88
711 902 94
757 716 53
240 529 65
491 500 43
455 702 69
40 772 81
657 575 69
713 203 27
750 104 73
724 367 8
770 814 84
149 419 21
867 536 37
972 461 59
271 380 2
624 748 27
579 575 13
332 657 31
306 973 84
783 725 15
740 99 53
922 187 16
457 945 7
97 912 36
457 105 95
363 10 100
856 249 35
687 352 73
349 594 31
173 397 68
418 954 67
726 153 26
617 132 100
682 658 48
434 690 64
525 247 49
319 961 6
237 904 55
895 4 70
75 660 21
287 449 6
570 419 36
201 936 55
775 618 72
603 357 82
257 176 79
909 102 49
660 643 47
675 508 17
322 611 73
803 558 71
225 827 37
73 127 78
419 887 55
262 378 71
824 231 19
595 602 13
779 464 80
690 745 26
564 710 69
979 879 79
423 477 26
464 73 45
271 132 60
804 363 17
52 127 27
596 866 34
146 899 46
561 891 61
597 364 4
587 822 33
754 561 17
467 111 38
895 775 57
51 586 17
666 908 96
609 932 17
861 147 60
248 846 86
798 811 53
595 921 19
702 243 57
893 542 84
876 796 2
363 146 11
871 380 76
645 378 44
720 351 49
356 680 80
706 320 8
725 554 5
444 176 66
195 581 37
93 274 88
472 503 31
26 906 56
578 916 7
115 926 17
27 308 1
638 358 81
393 881 43
198 979 83
20 748 77
368 968 10
143 907 91
763 622 41
279 634 60
728 315 94
12 665 85
346 216 70
430 426 86
130 976 3
721 125 80
927 236 23
104 43 81
230 174 15
482 333 47
106 595 64
697 305 93
841 840 85
57 802 79
961 628 66
447 851 3
858 58 6
881 960 75
617 491 75
257 465 8
484 92 59
993 699 83
927 992 15
480 134 72
547 338 65
772 190 99
326 869 34
323 256 37
509 567 21
102 513 2
873 199 36
59 825 48
612 628 85
996 167 47
104 624 16
176 895 64
653 153 62
986 274 3
625 659 87
811 860 58
949 330 46
831 893 51
0 558 79
634 471 39
964 943 93
829 685 59
906 262 90
553 851 54
435 536 43
837 315 14
323 128 30
494 940 15
986 859 52
437 690 42
579 531 42
602 154 36
451 540 75
647 341 98
970 286 57
434 108 54
470 337 65
543 110 98
158 642 62
897 987 61
298 915 2
333 53 63
263 121 64
116 210 72
665 816 47
649 553 29
698 961 84
555 536 37
100 189 33
624 890 1
493 849 46
234 341 30
236 82 36
466 845 92
282 502 87
195 518 40
272 675 1
903 78 11
488 501 63
4 392 64
304 848 1
612 432 2
356 906 28
230 741 87
573 219 29
816 306 31
359 464 12
470 979 31
500 640 72
172 960 43
359 102 55
733 406 53
870 206 83
663 993 90
284 981 47
595 69 76
921 691 55
841 716 83
940 321 48
820 986 63
330 782 40
851 629 12
398 754 35
911 84 26
446 843 66
751 254 21
47 391 1
417 591 68
985 172 80
156 169 16
720 567 28
400 954 77
698 595 72
406 745 58
549 702 16
235 284 52
85 935 86
977 115 55
31 138 57
697 965 72
935 501 74
499 760 21
891 619 53
990 660 2
223 129 70
894 33 77
787 328 60
127 850 66
98 264 64
733 864 65
741 255 28
487 673 50
726 927 57
132 704 45
106 705 56
540 786 14
249 980 5
361 823 22
805 292 46
972 74 46
480 358 3
179 29 49
772 134 11
188 520 70
272 446 30
667 858 68
731 506 89
904 673 15
754 223 8
436 962 26
851 492 61
907 539 87
735 408 61
695 217 31
864 634 98
