1000 5000
694 858 47
997 766 46
129 638 73
114 190 69
684 908 58
122 595 63
729 955 45
411 415 77
146 569 18
113 260 44
145 263 57
586 651 52
113 722 23
820 470 69
579 509 19
195 109 60
726 392 18
979 231 82
263 360 61
487 375 60
605 463 70
437 332 39
320 50 36
497 841 71
484 301 99
790 868 54
632 161 38
182 831 38
403 997 93
88 201 6
884 890 55
968 249 84
545 584 34
332 97 4
449 308 79
701 534 39
729 247 95
313 953 18
20 708 35
750 986 82
618 920 14
950 347 25
247 788 59
464 732 84
647 335 69
994 9 7
818 271 63
3 953 20
613 507 73
920 683 18
236 875 56
830 114 66
68 553 67
852 934 55
811 511 80
257 153 82
829 372 95
160 489 11
467 884 69
434 622 77
113 479 8
589 265 96
574 85 13
217 407 75
74 434 72
656 837 5
972 854 58
763 383 100
186 389 4
113 533 57
837 679 69
625 384 70
235 976 98
112 627 35
496 103 38
677 428 25
41 541 31
350 472 56
865 6 55
622 278 33
279 834 14
36 977 2
456 642 74
473 356 72
988 945 27
627 894 60
707 671 94
131 564 50
567 299 96
282 64 49
977 136 19
64 84 44
234 100 41
504 712 59
215 528 32
992 999 69
941 647 92
811 261 58
509 68 25
106 456 69
474 684 30
139 658 94
610 437 34
815 530 23
416 788 25
29 854 13
251 302 28
507 156 3
458 592 84
602 460 55
630 988 46
242 345 67
273 504 88
417 34 85
930 861 54
477 391 80
526 220 59
160 177 2
817 568 77
470 465 50
761 427 66
577 813 66
23 722 74
552 91 10
807 785 10
972 55 82
852 519 71
394 981 40
269 717 91
743 237 10
676 984 60
131 7 78
67 872 87
354 803 81
731 65 29
425 490 10
613 662 49
492 36 34
677 978 71
784 418 7
472 597 46
833 367 83
158 256 94
425 410 77
218 124 96
825 271 47
878 804 41
357 510 76
873 927 91
267 534 78
423 880 44
752 985 55
788 794 83
511 444 98
13 248 10
847 75 40
509 912 45
968 953 29
351 200 99
237 484 79
557 972 45
923 412 93
448 200 6
27 125 2
454 23 39
69 477 49
714 14 60
443 228 17
504 494 95
34 477 100
205 158 55
640 100 11
178 402 66
363 909 51
91 315 35
310 604 50
946 94 14
232 22 79
463 94 60
6 937 95
857 893 21
894 64 10
487 719 21
234 564 15
23 656 11
618 926 31
588 291 21
469 691 27
129 729 17
284 942 29
586 178 90
539 19 33
695 585 15
488 585 66
543 504 19
413 549 88
768 580 83
924 312 85
70 203 28
745 842 56
916 503 46
829 549 4
311 497 65
888 441 47
166 950 3
920 590 5
659 642 32
351 426 32
126 21 59
902 955 21
232 727 58
870 642 90
234 302 27
474 780 77
213 822 85
164 788 60
935 472 11
953 368 38
893 581 19
544 973 75
965 326 73
572 135 35
414 903 87
493 429 39
931 375 79
308 0 77
523 668 1
237 715 57
241 167 21
740 156 4
695 59 96
571 866 80
538 754 52
834 225 61
447 601 74
868 62 13
869 759 29
217 692 22
94 363 73
379 54 15
643 868 6
445 491 52
574 326 27
743 143 87
652 741 67
863 812 96
551 666 23
597 948 48
784 541 81
136 890 100
968 123 42
347 59 61
366 275 31
395 576 35
50 392 78
69 281 10
870 991 95
154 41 58
924 317 86
884 471 21
801 888 31
922 529 2
86 597 82
369 894 14
515 793 29
821 439 58
191 716 78
929 169 10
480 945 79
84 685 85
234 176 79
760 773 25
856 852 73
254 255 100
780 836 36
859 192 45
586 397 93
234 348 1
588 941 93
581 277 29
108 574 88
458 16 1
582 457 78
845 439 82
327 265 9
215 744 33
151 950 19
922 510 57
887 99 96
694 97 18
989 877 99
955 305 9
266 41 17
773 999 16
447 67 45
678 566 23
724 939 73
651 508 44
236 387 91
445 339 84
607 961 16
585 325 14
265 264 16
372 63 88
935 210 60
205 400 34
887 867 9
606 530 6
307 306 29
949 648 71
838 721 62
895 311 51
940 562 69
54 412 69
837 45 59
162 9 14
985 580 78
42 904 17
654 806 17
448 460 48
986 854 93
540 919 55
700 771 4
804 379 92
787 630 92
773 157 60
479 880 28
232 309 82
405 544 4
929 134 45
605 22 92
824 685 22
634 757 61
171 396 32
666 431 33
440 609 98
192 169 14
195 674 83
419 462 50
958 774 46
290 305 12
553 897 52
422 357 100
568 929 45
978 390 75
176 192 49
64 959 44
905 717 95
672 916 66
574 45 26
891 495 57
273 295 20
546 717 77
126 873 63
293 607 73
466 628 76
367 146 10
3 850 3
719 590 41
101 908 63
955 505 38
591 496 100
176 340 89
963 771 52
319 731 78
439 974 11
404 161 10
464 567 40
432 904 54
892 330 14
331 712 92
122 184 99
976 827 11
943 941 78
165 524 69
56 884 15
613 14 50
824 417 20
811 644 25
913 347 83
906 482 44
844 347 88
539 175 58
93 312 77
90 733 51
619 133 1
650 223 93
604 312 13
37 504 32
713 389 17
372 460 3
815 764 2
330 804 43
743 989 42
505 392 78
931 299 10
819 672 94
227 240 15
37 830 60
938 239 65
1 197 9
274 855 18
810 586 69
909 221 52
883 395 34
521 798 100
149 136 51
829 60 53
979 52 10
971 319 49
123 764 39
194 812 65
889 713 21
323 879 74
191 625 34
840 471 36
301 115 64
685 253 39
304 484 59
435 894 31
918 909 40
362 260 100
746 528 62
287 906 96
61 641 45
232 180 15
945 646 71
213 889 45
884 818 11
879 550 34
762 874 95
33 896 53
554 487 45
337 585 61
725 481 36
859 505 67
170 353 81
500 537 78
13 820 3
978 519 77
327 528 25
263 719 54
107 508 21
242 623 83
266 391 7
228 834 44
491 524 8
808 397 30
940 246 70
215 933 91
476 590 70
865 761 94
497 458 82
915 812 70
423 877 7
615 912 99
47 270 78
831 986 52
687 483 81
341 894 97
668 491 69
637 762 36
94 914 8
945 393 86
927 265 12
721 955 42
49 159 18
269 826 99
960 133 15
603 818 35
928 716 83
25 364 16
833 311 4
993 289 74
619 513 16
138 875 62
692 252 57
342 622 25
580 229 42
353 956 2
300 37 10
433 577 32
160 642 31
350 306 33
940 116 17
594 137 91
102 159 72
354 397 47
330 333 26
91 444 82
866 543 83
439 255 85
912 319 4
58 724 33
194 169 19
950 550 91
859 642 53
500 474 79
996 458 14
377 709 45
825 25 79
113 909 68
588 177 90
690 627 62
930 262 90
715 122 10
621 890 60
575 231 20
405 714 52
827 484 12
305 253 39
954 256 52
811 495 95
298 471 12
943 473 80
175 627 46
106 840 97
73 980 81
993 358 86
593 408 83
461 331 95
611 953 18
288 561 56
671 857 9
124 938 70
991 46 13
378 226 70
600 549 33
428 342 94
710 565 17
261 320 9
592 743 92
164 863 50
427 224 15
643 346 61
356 136 54
407 984 40
111 835 15
543 718 82
962 832 83
538 481 17
737 710 41
34 985 96
527 455 36
969 491 94
668 577 53
625 163 85
649 131 51
333 726 4
190 697 48
538 217 3
369 363 99
158 980 2
793 771 6
538 188 8
624 947 90
823 357 95
122 189 64
616 54 83
169 529 72
138 871 73
297 485 71
152 388 4
895 889 3
989 890 60
563 137 62
698 841 70
541 280 49
679 248 59
590 866 52
255 265 62
69 887 70
723 188 55
502 258 42
49 541 60
453 16 40
650 915 33
364 461 39
20 627 90
695 985 100
50 238 80
142 649 78
830 915 64
549 876 27
753 480 75
803 405 21
901 411 8
165 922 64
483 177 25
315 988 62
539 347 18
66 672 89
154 254 55
728 751 70
99 294 98
619 808 24
100 987 66
656 349 45
24 193 65
351 379 86
622 821 98
174 416 51
769 258 8
949 544 25
362 766 6
610 507 99
928 798 34
315 557 53
773 186 7
479 97 15
723 943 23
221 292 57
893 17 56
362 605 80
886 609 47
717 192 91
682 60 68
467 31 93
345 515 62
988 155 57
274 347 73
109 425 1
695 689 34
712 189 92
357 769 16
720 785 73
592 613 99
382 480 70
35 77 61
958 724 46
128 230 41
12 543 37
902 317 63
486 657 14
739 963 5
466 766 16
550 195 47
292 411 68
218 486 51
967 117 62
874 185 81
379 557 70
839 652 67
673 752 65
681 105 46
567 807 7
321 697 59
130 679 81
186 259 31
362 551 83
770 142 25
296 250 86
365 596 2
458 224 83
35 503 58
852 505 20
771 910 76
343 15 81
567 182 8
292 114 39
998 884 60
443 553 77
351 651 4
314 309 14
481 314 33
816 704 100
877 507 74
880 525 55
296 20 24
643 953 52
675 797 15
650 396 6
888 757 75
994 595 57
785 120 87
126 331 47
692 133 99
95 450 29
267 278 63
909 286 3
57 432 97
698 161 86
752 357 58
520 942 8
477 401 55
79 433 6
98 357 38
343 370 85
646 528 62
846 471 30
697 87 85
978 168 88
609 708 11
654 180 95
681 721 29
956 1 98
338 118 98
39 393 70
685 497 70
733 332 46
753 66 85
222 594 59
339 472 67
91 856 47
105 584 66
945 604 42
711 309 47
629 439 15
636 776 69
824 327 79
960 389 39
855 860 34
291 728 95
454 658 3
165 948 6
153 408 20
198 314 8
909 694 28
509 170 33
691 993 73
114 892 41
634 492 27
166 655 7
553 353 66
971 70 71
852 727 2
748 139 45
333 38 46
833 803 32
232 388 86
608 239 47
669 243 39
944 487 49
997 423 82
299 576 83
303 702 98
590 956 94
40 530 52
935 850 99
606 752 20
547 915 72
732 491 79
457 588 84
506 573 62
625 549 82
627 454 24
275 490 15
56 83 27
305 833 13
969 74 38
258 618 61
596 862 78
976 917 80
510 222 37
165 881 59
935 52 62
210 687 50
228 249 56
500 745 100
291 289 60
834 464 21
861 685 22
55 599 45
481 982 65
998 302 55
55 716 21
113 508 18
866 176 97
323 827 1
388 328 18
416 583 12
804 64 75
508 623 21
992 974 85
17 353 29
598 27 18
315 99 64
425 533 58
96 402 68
885 828 63
559 868 58
444 782 91
636 43 93
553 399 95
479 586 16
567 893 36
324 597 42
498 626 51
800 835 79
976 896 30
116 933 50
866 631 59
585 243 9
798 8 77
394 793 20
384 574 64
252 50 78
712 645 55
939 913 53
44 89 77
30 606 54
382 994 79
302 773 96
322 327 62
32 994 61
548 455 51
349 76 40
927 649 10
606 772 71
511 630 100
808 493 13
614 179 92
94 229 32
585 991 94
502 782 14
541 465 47
387 991 97
672 855 60
223 931 78
837 319 92
632 368 96
787 377 46
215 798 86
425 475 47
471 277 54
316 525 37
210 392 62
20 994 50
135 897 5
271 23 52
298 797 95
844 361 45
600 71 13
844 812 87
22 171 20
752 438 34
535 325 8
684 657 45
954 195 27
917 620 83
830 757 82
47 658 19
496 166 11
836 556 18
299 905 86
492 406 16
329 12 27
480 763 52
266 716 9
110 55 38
666 864 29
270 104 93
628 860 66
209 826 26
56 987 84
648 244 96
729 435 73
300 843 72
886 434 4
797 838 10
102 205 76
409 668 4
590 61 99
888 186 6
754 271 95
988 203 87
815 242 75
564 791 4
517 392 31
274 803 13
942 52 5
134 445 15
670 872 48
949 68 12
290 117 78
970 286 79
992 837 63
981 741 49
721 593 98
991 414 91
917 301 71
456 274 6
566 135 90
750 904 34
194 992 74
345 453 54
895 788 39
504 839 11
12 889 15
39 886 31
143 529 32
495 992 44
527 312 42
496 822 88
761 126 78
981 372 30
949 967 60
171 73 99
232 457 75
220 351 51
626 558 26
924 662 42
787 909 40
337 395 54
488 820 21
522 265 84
913 307 70
167 135 94
438 874 66
572 770 72
604 781 82
573 579 6
928 718 6
83 664 36
744 945 46
689 905 69
830 119 43
688 127 3
962 497 7
320 341 4
128 105 72
780 291 45
407 217 49
530 820 92
998 707 24
833 593 67
852 187 57
676 851 45
29 43 14
617 356 40
465 691 7
769 555 73
457 623 68
804 974 44
222 8 82
159 513 31
75 805 55
468 717 43
527 220 85
299 837 2
113 841 24
895 569 15
931 781 2
877 487 77
772 570 28
865 206 96
422 902 22
409 507 84
482 153 98
534 139 11
157 926 99
684 867 86
428 161 81
865 817 39
769 811 58
816 505 89
891 742 19
365 532 34
435 971 34
34 706 48
366 302 85
583 421 17
185 356 18
18 169 59
648 37 93
581 240 45
640 525 49
496 394 80
761 634 93
333 335 43
468 267 71
512 639 78
107 679 56
71 724 54
911 885 16
951 747 67
360 226 5
322 968 86
723 910 9
972 245 61
950 669 81
388 166 68
39 891 82
952 815 1
758 698 19
123 306 33
210 273 40
487 314 67
550 16 17
809 527 87
28 463 19
310 739 72
174 111 24
484 272 93
338 209 78
861 691 62
671 454 5
103 721 28
831 755 86
137 54 90
987 937 77
30 235 24
574 244 28
902 710 78
358 392 3
896 38 51
27 802 59
795 486 26
767 267 38
667 584 34
57 132 19
880 533 41
864 941 95
776 191 25
123 728 91
887 405 82
646 356 30
788 478 44
808 825 49
937 18 51
408 960 34
650 367 6
303 551 45
700 655 61
480 721 22
557 659 71
920 972 31
117 997 7
947 367 86
314 100 49
953 343 10
724 632 56
56 584 7
254 578 17
210 131 58
767 26 33
743 20 79
27 309 20
593 313 5
517 843 38
936 340 14
309 14 37
563 785 53
10 488 7
611 887 14
923 7 44
979 220 26
132 481 28
311 227 50
92 537 26
8 371 77
245 885 73
146 463 80
411 201 78
12 709 63
18 769 81
350 906 34
791 687 53
454 334 40
464 297 97
887 748 14
436 463 49
287 914 35
988 460 91
72 178 36
800 442 98
68 807 93
223 832 9
407 866 59
60 573 85
655 712 16
329 47 71
953 311 31
996 717 18
318 724 9
990 736 7
848 426 29
290 167 67
102 150 22
438 478 12
983 260 58
89 216 62
450 508 72
335 885 36
959 755 9
322 698 9
424 797 8
707 190 93
18 278 83
178 389 8
39 208 58
19 234 90
381 770 17
958 11 44
97 869 98
336 561 14
655 387 54
453 94 7
225 233 88
909 978 95
764 519 91
284 624 42
263 325 62
363 733 96
256 76 2
769 141 89
65 94 18
918 767 40
518 667 64
903 866 49
683 187 66
543 654 94
351 70 52
141 0 52
56 760 47
559 254 9
254 996 60
2 673 50
371 558 56
576 552 64
560 902 59
943 202 67
140 76 25
845 84 35
366 647 39
175 837 70
155 402 19
35 422 63
378 25 40
835 686 86
95 638 3
270 826 10
397 277 34
852 145 84
323 911 37
973 432 53
1 716 2
929 285 10
979 499 83
491 172 32
468 788 24
914 231 33
273 452 56
916 670 21
554 691 31
148 928 51
410 311 70
688 871 94
777 441 1
396 284 37
943 312 80
43 43 84
538 460 26
747 144 17
185 559 17
128 898 18
506 716 94
173 812 61
488 592 93
797 910 98
382 236 9
948 599 37
775 621 33
636 358 98
969 904 71
625 821 89
34 655 75
759 341 17
392 380 53
742 502 48
176 707 96
628 863 36
545 754 66
756 770 68
241 361 58
765 458 22
507 549 6
488 527 78
947 640 29
77 760 79
105 849 4
675 576 38
511 953 78
188 385 20
740 566 89
915 243 67
228 544 83
755 83 12
433 244 27
944 103 39
80 428 44
3 458 66
639 562 78
449 18 38
913 344 8
733 239 12
983 933 20
34 552 29
778 37 70
955 314 77
632 939 44
114 686 93
692 419 38
873 502 51
931 547 81
660 585 73
416 20 1
251 910 72
730 749 13
923 690 81
133 56 62
613 64 19
507 141 7
637 890 58
756 522 66
669 642 27
696 258 58
403 349 41
200 382 43
118 785 32
240 434 68
423 145 80
891 93 81
858 382 64
524 257 94
524 547 25
918 986 51
408 384 38
575 847 75
181 769 88
449 372 5
66 278 20
247 768 28
340 26 3
425 634 65
556 136 83
916 114 70
472 801 1
472 598 95
571 503 98
12 641 67
494 487 79
863 768 4
883 516 56
958 919 90
756 574 23
439 59 54
818 526 6
140 349 7
935 190 66
245 845 100
614 80 61
41 840 13
77 109 36
320 21 16
773 397 54
484 955 61
690 800 68
83 639 33
165 332 80
955 550 80
473 670 17
34 681 75
95 162 32
285 318 79
235 399 80
906 657 38
925 721 14
431 566 44
889 568 64
14 17 22
14 780 62
870 700 62
401 544 34
696 132 93
450 945 75
623 982 94
747 397 34
807 816 14
190 377 10
596 152 67
429 253 28
713 169 75
796 694 9
364 635 58
288 79 91
925 900 73
63 734 82
607 35 36
319 255 11
189 447 38
798 241 3
852 873 13
389 653 3
70 877 94
281 975 1
715 333 64
345 661 27
452 832 34
846 761 81
138 592 96
967 824 80
12 969 40
345 235 6
705 111 71
110 392 77
314 544 65
694 69 27
423 409 39
718 577 10
371 373 74
934 152 52
659 646 51
104 437 63
707 930 45
566 477 33
724 727 85
372 107 5
948 638 62
831 261 95
472 79 88
850 217 90
658 151 85
30 38 36
121 727 55
825 974 28
392 522 86
457 468 91
54 141 20
0 645 8
298 818 24
779 624 70
368 229 45
182 856 15
636 281 14
937 845 52
411 456 12
360 385 28
58 726 78
133 461 30
582 530 25
649 43 1
323 787 5
217 971 21
828 270 21
101 301 72
325 703 59
386 74 81
235 614 28
949 634 70
112 292 30
863 756 95
787 162 32
599 837 82
841 874 86
403 561 5
486 763 24
998 716 65
321 704 40
689 861 18
522 9 11
884 422 97
202 976 88
36 505 38
948 277 65
892 372 13
216 474 18
681 493 33
895 540 62
658 97 64
316 471 9
186 334 74
642 177 7
835 735 9
63 29 90
53 208 95
0 415 70
557 757 20
81 251 90
840 348 60
214 476 16
297 779 73
322 844 40
170 762 27
228 497 80
997 257 23
928 58 78
525 606 36
754 864 98
609 807 30
412 535 5
799 303 29
46 807 53
804 437 7
72 502 41
471 22 78
561 82 98
133 953 35
642 162 3
600 127 91
738 898 12
603 89 79
594 564 50
186 291 55
509 993 79
980 254 30
221 387 57
328 226 77
416 908 34
689 533 74
762 895 94
951 300 88
215 687 71
937 4 42
274 561 3
684 524 49
765 425 98
832 283 66
918 765 94
141 446 46
462 230 28
571 51 27
303 936 22
50 777 43
673 317 23
556 698 52
4 326 53
750 126 50
774 564 55
335 483 14
44 255 78
990 654 73
991 628 50
781 538 63
235 658 22
32 556 99
672 294 29
892 823 5
302 226 46
629 651 56
109 854 6
805 413 34
836 631 77
273 377 37
228 522 11
124 576 7
646 394 67
274 463 67
450 201 28
671 672 50
901 17 23
125 274 13
229 197 39
882 200 29
355 641 16
251 298 69
414 309 95
347 217 47
96 191 59
956 89 41
325 424 33
974 365 6
166 423 81
330 859 52
977 543 81
646 587 32
249 288 45
901 840 63
50 960 70
281 300 85
214 901 99
70 572 30
881 578 41
33 997 55
263 319 93
903 265 90
622 496 20
355 932 31
456 172 71
15 187 43
509 203 57
391 430 5
630 861 60
628 446 27
165 155 79
325 184 55
425 943 19
841 94 99
634 445 68
973 780 83
64 555 48
563 364 50
781 970 89
762 143 96
888 15 70
639 963 41
108 142 46
212 690 14
743 818 33
577 822 78
133 298 40
551 110 20
754 249 82
106 520 9
282 622 74
994 585 45
922 874 80
447 877 86
366 86 58
637 89 83
14 692 61
752 309 17
549 362 48
768 745 80
606 639 1
903 263 68
466 752 25
46 868 1
91 629 41
466 391 11
558 776 31
220 147 66
715 627 55
806 604 44
87 739 78
384 747 29
96 754 34
102 655 72
887 543 100
953 226 75
895 2 25
650 373 62
139 297 16
751 686 40
106 85 55
955 494 57
415 283 12
217 896 46
36 742 24
540 404 25
56 673 19
681 924 75
187 262 6
425 308 2
353 166 80
666 769 60
541 729 95
495 858 12
172 378 9
810 282 24
275 792 85
196 622 73
531 134 7
318 417 8
788 417 30
766 465 29
778 128 1
646 938 49
934 868 27
283 660 14
920 821 84
619 618 100
163 781 87
926 764 87
10 551 15
694 127 11
299 582 28
112 83 26
95 669 4
796 113 86
522 441 20
58 712 16
161 944 74
92 5 66
809 367 26
6 339 76
218 721 14
450 831 43
911 56 20
250 177 65
533 109 81
267 316 70
496 567 75
427 312 3
132 349 4
735 698 34
806 974 56
727 58 24
892 464 75
783 949 88
850 9 97
476 116 40
971 324 31
913 726 58
843 296 58
707 657 99
869 137 2
450 116 43
163 139 59
620 875 87
598 308 58
845 741 42
288 390 7
970 517 54
489 698 54
735 83 50
618 729 80
243 864 63
48 26 67
696 684 6
252 275 67
126 479 27
915 988 98
469 110 15
88 517 77
754 406 82
438 671 35
518 916 78
261 850 4
534 506 40
864 183 76
902 370 84
125 379 28
68 312 45
563 394 21
481 335 46
139 829 95
831 817 26
611 274 80
568 612 34
84 224 2
860 79 49
569 493 58
341 189 26
530 565 52
393 123 15
510 351 25
89 849 96
681 787 60
629 582 52
218 331 12
677 273 47
999 922 40
835 194 78
332 956 37
519 898 64
467 977 92
189 842 48
402 407 13
954 779 71
249 795 61
397 797 51
625 165 72
174 299 31
379 893 25
159 278 59
437 550 65
946 988 76
412 135 7
986 936 82
322 431 78
697 800 73
699 185 37
333 237 30
116 448 38
970 887 23
998 623 35
799 703 11
278 552 9
950 226 34
96 628 83
779 952 73
944 806 81
122 149 35
287 599 58
429 504 46
541 504 86
779 621 62
308 542 53
324 64 62
115 119 66
320 354 86
921 656 98
371 271 60
299 515 50
470 877 31
627 325 91
506 114 23
877 366 4
577 886 85
355 40 58
366 731 18
484 53 45
20 645 48
125 461 36
641 810 37
816 652 37
590 900 99
10 966 49
583 18 48
475 309 60
917 264 88
394 701 12
208 245 73
230 126 66
470 966 69
894 152 47
618 656 62
609 77 1
53 148 92
213 353 86
392 988 94
877 107 67
530 79 56
69 496 44
182 436 2
540 529 64
360 948 47
842 917 13
656 865 31
482 519 24
267 693 90
823 102 46
576 419 89
874 483 12
842 704 27
571 940 31
287 829 7
991 700 57
238 21 24
424 493 10
883 872 72
46 160 68
629 256 83
69 171 61
768 788 21
15 936 19
711 97 26
816 566 7
60 845 99
968 449 87
356 667 62
487 125 11
868 4 83
645 448 56
716 489 11
986 291 89
723 126 90
122 971 46
945 80 52
636 832 39
763 611 46
255 979 91
853 637 37
46 748 66
818 282 25
568 929 55
621 863 47
714 218 95
228 413 86
662 324 35
491 692 9
356 75 3
413 820 50
64 749 31
338 99 6
873 159 5
253 854 40
205 35 17
541 847 58
101 54 84
407 942 61
707 1 13
45 277 39
145 335 86
132 286 28
987 648 9
254 313 89
693 408 57
793 690 44
733 949 71
112 395 75
857 377 18
482 694 31
201 635 74
715 337 47
787 43 15
599 80 34
981 791 34
475 316 29
752 659 67
852 934 14
871 5 95
101 116 30
158 892 61
96 122 12
814 553 88
443 939 12
248 510 19
974 962 25
837 513 71
911 983 10
164 411 65
389 567 17
4 693 68
93 18 66
931 62 80
257 852 88
570 231 86
914 879 50
637 803 34
584 440 86
270 81 30
918 6 5
680 24 78
378 761 93
579 208 20
574 11 73
22 913 79
49 37 49
308 840 14
210 555 50
719 150 80
225 748 36
160 953 73
9 341 11
608 786 39
0 914 43
885 984 9
876 214 40
793 549 66
785 596 25
660 942 21
977 952 72
432 918 3
453 928 29
958 876 18
162 409 79
70 371 26
416 865 85
640 17 12
248 216 29
390 132 92
164 451 28
307 340 13
467 501 30
212 461 44
671 428 23
823 836 23
45 8 2
595 356 44
717 6 47
345 254 56
208 196 24
213 600 79
456 732 10
714 175 16
7 637 44
773 354 13
783 606 57
972 250 54
472 38 82
166 433 55
177 620 6
930 239 74
917 833 19
867 115 89
250 493 44
884 544 62
332 923 94
899 972 37
453 496 43
822 8 62
541 360 53
531 23 71
43 685 37
681 436 45
690 243 19
710 42 4
325 821 92
119 845 87
413 121 73
303 223 91
399 915 66
158 745 92
684 839 21
468 18 89
933 820 44
819 812 80
51 122 28
916 502 5
89 239 90
235 53 27
523 838 22
74 800 92
394 219 75
900 543 66
202 577 88
928 204 100
833 554 14
192 72 15
553 431 66
942 244 81
882 97 93
899 896 79
283 914 70
223 183 6
263 720 65
84 761 42
433 220 36
992 395 13
369 977 97
644 34 86
240 209 60
628 310 78
573 667 22
25 327 68
679 438 74
306 465 45
451 80 15
511 5 47
374 188 90
570 758 93
513 119 55
874 831 100
914 323 4
529 20 77
855 963 16
788 743 56
784 207 9
324 28 14
515 124 57
517 69 44
606 159 48
657 701 96
226 158 65
249 814 22
424 571 53
972 814 41
141 612 38
733 40 97
914 333 3
672 372 57
360 731 68
815 427 75
355 327 33
822 764 2
505 94 26
513 36 97
301 176 96
319 71 50
193 764 74
123 970 67
976 624 66
889 27 44
633 909 74
377 328 19
280 56 24
441 620 34
945 728 45
424 436 32
432 15 69
707 387 73
782 626 92
52 974 46
795 850 56
589 822 89
675 411 36
439 72 73
903 59 4
256 883 61
728 746 25
882 272 44
225 157 79
643 335 12
616 729 15
841 52 65
789 170 45
230 907 58
739 964 34
108 286 12
513 652 97
567 23 16
758 741 95
698 938 34
779 628 69
83 97 11
164 423 93
116 335 76
20 781 70
473 372 98
45 601 76
313 258 51
58 3 24
781 925 62
200 998 5
51 356 9
216 870 11
790 593 88
494 155 24
228 684 43
520 122 21
677 257 42
179 624 32
889 663 30
840 804 85
466 953 14
612 816 72
792 231 37
631 321 69
945 710 3
700 898 78
992 462 14
787 491 23
128 597 84
893 283 83
398 537 3
152 636 96
719 149 36
922 235 28
185 890 15
766 520 36
509 494 61
399 697 70
565 944 60
957 481 59
946 257 4
847 859 81
276 41 68
870 572 27
112 866 56
489 374 58
361 106 7
957 917 20
522 976 26
454 832 93
289 979 99
194 285 88
687 756 94
915 909 71
964 473 42
322 722 31
269 655 78
382 976 78
948 786 78
76 656 75
243 627 68
333 180 41
214 108 39
366 130 25
380 354 13
975 415 31
76 251 95
690 95 75
658 281 85
934 225 33
727 71 98
261 99 61
852 956 79
518 573 40
615 440 58
728 612 70
367 610 81
921 74 31
970 965 52
465 147 4
789 827 46
623 103 40
680 807 69
442 152 6
226 379 13
888 979 29
526 810 63
38 282 34
503 465 67
621 554 88
7 873 31
711 646 56
538 588 94
755 228 28
147 139 90
424 924 47
972 805 82
36 589 82
531 87 74
767 515 47
364 145 8
106 820 80
380 27 1
67 226 68
85 402 87
107 827 58
180 835 75
860 876 92
558 573 24
869 834 89
630 578 8
451 927 32
902 138 82
704 651 94
713 31 18
381 365 88
754 685 42
290 40 2
325 449 53
658 628 88
370 453 17
83 126 10
147 880 48
705 13 94
456 252 87
701 103 29
186 516 78
667 988 90
603 373 29
397 462 5
705 120 24
971 777 77
446 234 50
219 416 86
96 988 66
270 548 91
110 399 1
136 666 60
730 100 49
369 834 59
331 594 62
170 436 32
557 109 34
660 891 8
385 443 4
602 923 95
615 500 55
411 776 59
521 865 51
976 266 49
646 492 55
464 968 17
770 838 52
290 968 60
748 76 59
566 448 5
13 92 26
747 762 47
856 549 12
659 141 78
397 559 90
109 141 47
110 459 46
306 74 55
536 985 67
159 527 9
984 153 99
798 616 54
289 945 76
869 430 12
382 4 67
314 803 5
312 637 71
19 622 87
838 206 22
7 44 99
456 290 12
522 233 80
276 889 14
516 999 97
105 118 38
213 507 16
448 551 50
843 590 9
65 806 37
849 131 79
803 86 17
592 722 79
4 57 74
469 603 6
422 445 57
659 425 83
965 178 79
129 316 90
867 410 95
515 116 7
61 540 39
467 444 49
580 808 100
430 402 85
999 289 10
58 66 51
316 162 83
354 982 6
962 364 3
815 831 91
902 451 50
971 848 2
679 339 36
160 704 29
325 292 85
320 721 16
324 25 99
67 153 46
994 141 97
43 756 73
941 396 81
441 40 68
411 350 47
904 636 49
71 240 11
418 175 96
706 250 81
731 856 69
242 683 58
418 687 77
755 170 99
559 72 98
384 521 68
43 812 81
573 831 100
310 547 99
467 987 55
502 761 93
303 19 97
361 722 50
604 788 22
580 968 64
965 308 86
2 424 77
313 995 42
649 189 64
10 692 35
687 178 48
396 70 80
440 61 13
578 474 1
348 73 98
498 337 73
581 777 78
714 862 18
953 114 52
455 207 91
616 45 53
954 962 57
491 586 49
926 956 34
113 935 73
416 932 62
788 269 1
464 321 27
694 378 22
437 163 86
11 405 10
691 430 91
709 245 54
63 601 14
174 333 58
245 707 29
652 530 46
330 930 84
107 938 48
345 682 55
150 628 68
938 491 55
372 604 80
441 162 43
522 604 19
486 500 72
403 191 14
87 574 50
416 654 95
129 645 60
177 486 71
521 168 12
201 418 100
169 77 73
313 263 69
75 527 58
969 26 37
248 303 31
669 712 64
508 825 42
545 965 61
531 6 70
864 834 19
544 524 41
116 759 71
361 606 29
224 391 62
897 492 98
142 310 7
804 584 17
412 980 35
381 491 61
259 402 39
101 150 15
31 981 93
273 784 44
597 648 85
662 682 53
594 329 56
736 153 46
802 483 46
90 463 60
386 875 13
822 860 52
270 161 14
433 153 12
14 199 93
213 426 76
691 310 75
746 570 7
979 176 95
220 784 28
118 620 61
514 99 52
376 50 38
469 380 5
584 510 99
733 321 99
838 450 97
269 59 29
547 671 32
672 829 12
743 178 21
240 481 90
294 605 45
101 944 31
184 217 11
920 503 30
665 709 68
794 897 3
976 91 25
176 527 40
314 301 63
953 529 23
437 263 8
584 943 86
943 527 4
651 590 72
338 799 42
275 170 88
686 436 55
741 120 89
299 989 42
403 354 30
29 659 90
240 407 21
285 828 42
702 790 89
219 603 58
134 56 17
730 566 98
318 99 40
417 971 1
735 250 88
270 648 89
143 105 99
474 660 21
584 159 87
342 662 64
666 340 79
465 879 8
928 597 61
60 800 82
696 830 65
521 247 73
258 190 49
494 485 34
139 716 61
202 60 98
23 145 25
544 347 27
124 842 1
186 91 77
608 816 2
493 426 18
867 367 38
11 775 59
628 928 47
165 551 41
167 642 52
175 503 8
642 846 70
825 259 72
142 139 87
808 566 42
86 782 100
833 73 36
659 16 42
836 791 87
231 94 54
705 783 43
874 73 55
715 146 59
100 606 86
443 995 60
163 40 46
361 806 59
113 696 9
980 678 96
633 218 74
833 659 94
495 109 98
615 191 46
304 740 22
133 474 95
194 581 46
989 944 42
107 742 69
444 310 2
955 587 53
683 525 86
696 116 16
939 994 82
242 110 27
16 106 53
492 517 12
802 923 76
468 703 3
736 698 55
766 937 64
150 934 92
859 814 8
758 703 81
863 819 48
841 499 25
334 989 14
929 173 79
383 448 6
644 123 45
8 161 92
894 644 89
606 907 58
366 393 35
180 141 61
387 601 57
168 185 25
511 739 44
676 526 52
501 318 33
222 494 42
486 710 57
771 852 82
370 653 99
72 281 52
710 500 74
724 373 58
380 194 13
342 212 76
2 38 96
424 791 69
451 552 30
128 244 54
814 967 15
899 62 10
315 58 8
458 295 10
295 176 42
361 781 49
813 471 29
628 85 51
49 530 31
803 129 82
320 353 70
143 899 36
328 267 67
879 927 22
804 842 75
560 659 70
302 389 1
886 74 64
204 410 70
197 327 6
741 628 87
221 831 32
269 646 3
437 369 89
426 811 18
41 508 84
635 937 96
617 925 52
470 879 34
544 879 8
899 141 66
58 233 45
768 813 60
56 384 27
83 87 29
276 720 17
520 474 62
851 762 90
155 388 71
538 553 100
485 949 55
49 329 87
605 609 85
627 504 35
229 861 15
850 161 16
612 263 54
15 242 92
343 245 75
76 693 42
646 630 99
464 727 89
462 573 66
873 298 53
21 463 93
265 690 76
775 989 86
161 510 23
958 299 12
122 283 50
1 244 32
939 703 70
636 344 31
505 860 34
543 6 19
199 376 73
710 374 81
749 753 42
814 497 24
174 988 61
594 326 99
786 273 93
651 644 96
523 30 29
848 997 79
224 216 13
975 55 73
753 982 13
940 209 40
62 88 8
735 212 82
101 355 11
748 335 74
276 463 50
127 655 63
706 718 5
659 114 85
670 184 90
950 552 80
298 764 88
758 764 22
106 501 72
881 306 43
12 543 16
261 663 71
472 613 84
260 655 8
117 418 93
369 246 88
854 773 11
376 661 76
685 839 55
586 114 21
732 346 65
475 227 16
655 708 24
830 935 27
658 222 6
75 202 54
305 482 31
813 586 94
820 445 46
533 643 39
202 653 97
186 291 2
188 486 83
947 172 37
195 37 17
78 949 17
566 146 74
893 288 72
881 647 54
435 981 21
826 798 6
227 522 6
672 292 75
132 593 8
642 776 51
641 784 74
866 763 76
363 416 86
692 357 47
28 566 98
471 684 4
656 439 71
639 199 51
370 642 92
419 864 96
999 141 13
310 352 29
269 640 26
624 666 12
719 990 98
757 977 60
631 983 23
391 222 55
220 597 38
434 780 28
243 143 19
957 532 91
760 914 60
259 902 79
900 529 6
800 693 6
204 2 33
396 106 6
87 653 75
674 377 88
736 604 12
147 307 56
510 953 79
97 241 20
975 142 38
586 834 17
26 332 70
839 119 33
821 816 75
517 292 2
557 440 43
258 6 52
318 79 97
587 842 42
402 456 68
289 953 91
542 589 85
166 844 31
709 313 84
105 634 75
598 397 71
577 866 100
498 695 59
290 51 35
853 59 36
605 995 78
24 158 43
792 454 73
845 158 99
334 500 39
464 782 2
269 561 60
136 860 98
11 311 47
79 401 27
607 936 74
186 772 30
309 3 66
200 296 54
728 866 34
433 127 55
953 564 54
437 251 10
276 633 68
389 722 79
976 21 53
717 741 21
951 117 21
547 675 21
830 525 47
853 658 43
916 862 22
11 632 5
359 891 64
663 325 7
375 771 94
58 399 80
726 497 76
707 372 20
362 692 80
78 454 8
568 383 38
226 328 47
301 740 38
572 96 54
437 618 88
3 771 30
66 335 59
121 440 4
662 442 32
411 408 41
818 40 41
656 272 45
653 739 32
901 624 86
345 172 69
86 73 35
721 710 98
347 340 28
883 858 37
4 872 76
327 594 28
535 408 47
63 168 48
118 968 20
916 102 1
191 324 91
923 17 50
475 428 62
579 163 54
457 621 39
244 831 70
427 861 60
232 722 49
589 584 49
483 488 81
967 846 49
412 447 80
655 836 72
690 392 78
437 913 17
367 62 10
230 838 94
5 710 60
867 57 33
299 949 73
734 437 10
860 685 93
533 153 63
485 542 80
0 353 64
344 998 98
155 372 65
801 938 28
209 268 66
62 474 69
188 344 67
363 845 78
284 884 78
699 593 78
625 443 79
25 652 42
160 600 67
151 610 50
989 729 97
268 654 81
75 770 23
320 395 3
39 358 73
29 391 42
555 890 96
714 770 39
991 190 51
563 257 84
587 134 55
144 593 97
224 211 2
567 634 75
395 92 87
500 525 74
44 757 26
98 777 49
156 47 97
370 976 82
568 810 32
964 998 81
521 872 73
246 591 79
822 621 22
790 268 86
743 868 38
159 675 76
103 574 54
47 764 79
121 680 54
846 511 16
781 760 1
697 554 29
235 399 9
705 70 53
359 282 6
503 864 29
805 423 25
505 48 7
829 603 84
70 924 5
827 134 70
582 792 94
985 611 83
791 713 46
734 708 39
435 443 26
443 388 18
563 290 51
150 86 86
798 664 77
620 182 60
225 863 90
330 109 26
634 352 47
613 841 52
869 595 69
251 136 20
652 366 25
125 943 78
109 761 97
620 863 35
665 300 94
398 713 82
212 922 54
125 893 15
68 634 79
258 155 61
875 245 77
826 437 68
342 336 34
515 458 79
129 230 34
790 72 72
5 355 38
989 607 98
938 913 10
884 253 94
442 919 22
133 219 26
215 963 4
206 452 12
351 846 79
507 335 71
254 397 43
753 119 65
246 498 9
468 824 10
617 678 61
545 688 57
38 549 62
552 331 5
0 136 1
803 651 59
613 643 75
842 821 86
820 293 62
618 736 59
630 492 76
822 125 17
176 182 50
843 966 51
574 632 99
447 785 100
319 952 28
278 503 86
180 918 16
187 310 50
517 881 24
822 280 7
983 208 24
54 901 51
133 913 78
805 834 51
787 909 95
259 400 88
315 235 5
482 536 24
101 746 45
341 559 37
886 436 10
700 716 37
384 728 26
469 679 14
583 984 77
253 406 13
443 665 19
12 193 81
783 132 62
975 864 23
715 742 7
504 641 59
699 434 9
314 270 91
146 695 49
258 276 51
121 131 90
69 42 74
58 873 9
905 352 85
736 601 18
700 936 49
217 312 55
113 350 57
963 937 68
887 907 53
986 411 7
993 464 18
130 660 52
339 876 49
838 269 6
692 406 84
118 492 29
857 481 88
957 603 18
103 836 91
608 203 74
958 135 85
94 159 90
994 111 88
577 516 13
712 265 93
497 101 92
133 72 63
163 972 78
912 662 25
657 509 33
244 39 11
888 579 11
76 466 73
247 385 74
758 6 87
443 713 62
735 930 100
168 646 72
870 981 25
476 723 4
76 261 19
471 484 74
274 418 9
66 264 89
111 5 15
631 275 85
537 580 5
770 348 41
234 953 72
792 383 87
85 194 8
741 74 95
743 709 98
298 445 35
399 776 84
127 691 19
825 948 33
181 798 81
950 26 32
513 30 60
263 497 51
68 155 28
72 294 56
555 325 8
957 351 90
641 9 36
366 139 81
458 572 22
352 270 14
243 844 51
996 644 14
508 917 58
792 353 33
616 156 8
953 577 69
394 720 8
452 827 15
68 435 74
996 731 96
979 212 54
122 239 73
520 15 62
22 659 3
341 110 70
770 633 50
780 205 24
174 763 40
452 870 62
842 834 41
509 348 24
807 738 94
521 128 18
848 390 59
393 616 12
846 771 18
935 982 77
522 660 74
473 168 86
889 582 26
151 799 42
506 542 66
720 719 65
581 374 96
314 174 15
547 441 30
702 769 44
902 283 44
188 716 92
740 242 3
428 343 40
427 950 30
731 993 56
746 65 56
225 27 4
129 704 62
708 474 1
316 879 14
164 697 79
854 546 50
698 148 57
653 640 75
751 884 30
982 625 77
618 677 67
719 722 56
215 678 73
692 746 66
389 885 55
484 322 10
433 261 60
757 88 56
405 448 36
292 262 75
118 151 97
184 484 15
281 366 2
107 26 72
110 820 14
621 340 54
838 211 79
124 623 55
708 863 83
407 356 97
563 67 78
504 984 27
204 459 27
697 748 30
729 269 78
550 556 91
122 476 80
557 91 3
348 438 12
189 940 41
719 511 45
818 834 9
115 806 98
873 404 78
782 539 56
868 20 49
440 204 63
773 580 27
488 126 15
12 568 62
34 635 27
97 31 70
605 738 78
785 416 97
692 325 60
435 733 42
972 397 2
703 148 22
436 858 28
378 543 50
735 103 52
800 569 83
127 436 48
2 838 14
473 526 9
8 176 88
740 504 64
479 743 18
260 137 33
354 279 6
782 224 31
474 598 21
959 330 75
438 616 22
625 551 93
297 756 71
842 802 28
681 963 14
356 364 75
228 243 1
994 112 38
89 533 89
727 224 74
636 683 19
791 677 18
646 90 89
868 362 11
502 637 99
893 945 18
133 569 32
945 499 70
772 937 17
314 75 62
205 298 67
268 430 32
446 858 38
809 188 48
937 33 69
5 63 10
473 192 40
430 163 5
72 189 21
640 861 95
865 704 21
254 764 17
151 133 45
545 754 85
374 726 28
282 15 82
710 575 10
8 201 91
805 494 89
114 217 84
427 788 82
474 458 39
424 338 61
90 357 37
673 66 76
656 233 46
247 517 25
626 306 30
652 419 13
216 447 74
594 22 68
36 227 36
205 769 69
1 721 55
565 739 64
271 96 18
858 193 32
801 482 33
639 403 73
685 266 77
890 532 61
703 734 90
315 544 53
433 677 52
634 615 13
974 598 78
393 465 69
465 128 54
72 395 67
246 717 19
221 363 13
611 600 60
878 830 67
194 891 67
568 465 55
59 582 42
152 219 30
597 328 12
860 502 86
886 709 16
409 325 1
507 379 74
409 889 64
774 147 29
78 822 29
865 197 64
834 551 18
464 568 64
504 419 15
290 979 22
123 709 85
882 300 92
886 43 11
489 440 30
944 663 29
668 226 61
878 990 70
561 172 9
852 805 44
218 754 94
351 682 82
340 557 42
237 612 70
233 534 49
180 481 82
317 777 67
223 240 63
358 934 83
818 509 73
623 460 3
203 346 7
263 378 97
553 48 36
314 312 56
468 93 33
601 754 59
6 288 35
726 386 8
834 167 7
106 947 64
549 563 33
171 579 78
42 672 80
215 903 12
551 46 86
24 656 100
891 301 41
720 928 9
518 784 99
383 355 79
946 386 96
907 545 7
777 60 24
444 512 42
339 472 42
209 75 72
250 417 6
225 541 99
210 707 99
711 345 18
737 835 6
413 582 52
182 149 7
647 248 94
483 929 31
700 888 15
259 145 13
117 448 51
736 150 66
82 220 56
668 374 9
442 526 7
469 529 71
930 2 100
59 883 84
292 237 2
910 842 91
74 456 13
826 772 2
263 299 54
177 162 23
648 17 38
80 35 74
101 662 18
699 870 26
311 275 36
398 880 91
819 175 68
536 873 50
474 288 45
380 353 67
450 758 79
162 97 10
796 628 46
590 983 59
877 562 88
568 460 18
804 81 11
493 975 64
645 443 58
656 932 17
325 117 33
23 108 98
578 574 30
973 462 89
271 212 94
370 958 23
630 534 58
408 501 11
81 793 39
109 470 66
724 580 86
281 647 55
385 530 82
362 429 9
761 741 79
117 509 55
207 385 46
783 764 65
230 313 50
295 935 11
829 23 24
569 831 83
521 590 100
377 827 82
786 107 89
994 208 74
648 706 94
819 214 29
962 487 99
885 339 61
200 170 41
909 771 22
714 934 14
52 323 13
659 438 71
387 726 68
257 180 97
882 945 94
818 112 59
578 837 66
643 473 53
178 385 78
469 300 14
370 561 40
525 669 58
742 85 18
786 966 71
144 687 73
362 371 33
890 123 25
31 732 56
8 302 61
729 348 54
49 415 18
384 686 96
74 418 40
741 383 67
620 143 58
750 24 53
865 711 74
318 933 7
389 60 29
215 939 90
237 905 56
352 466 90
94 212 36
849 153 57
567 829 61
522 424 72
942 73 38
369 314 34
899 358 93
289 94 18
397 679 67
836 845 4
229 533 87
471 871 73
371 581 12
764 749 26
251 273 27
29 33 59
993 403 9
29 700 22
325 657 44
36 889 77
634 243 28
855 861 85
141 122 51
582 639 50
49 13 64
789 294 9
952 27 2
232 507 80
697 74 90
330 125 14
309 156 71
457 712 69
788 291 13
854 811 30
932 534 72
197 311 6
961 331 95
583 962 73
973 308 38
7 894 97
309 377 39
536 700 38
532 720 8
620 519 22
887 439 62
880 759 75
233 921 25
875 499 14
804 884 59
287 812 18
242 493 8
174 953 94
254 299 75
898 288 81
283 423 15
415 675 64
127 933 65
527 336 71
63 601 3
405 184 80
45 287 59
328 119 19
268 639 73
998 801 83
402 476 38
471 59 98
662 889 35
807 499 22
731 417 96
115 661 10
967 301 67
824 58 18
355 321 88
660 432 69
47 841 20
132 847 27
694 501 16
375 688 90
242 896 34
770 164 40
380 263 42
724 925 18
870 820 99
331 955 11
966 117 23
653 771 93
625 811 48
893 41 6
448 563 5
106 950 45
980 349 36
213 537 58
429 250 97
250 944 12
756 267 68
350 790 62
232 506 42
778 345 99
752 525 50
92 991 46
592 270 16
546 223 44
746 146 22
183 745 26
240 754 100
351 207 86
113 912 50
153 832 61
140 738 40
947 173 57
803 10 51
752 477 54
223 156 69
282 34 53
920 942 91
722 484 52
172 69 90
678 960 43
528 110 26
757 295 82
237 275 80
770 742 72
476 645 5
750 352 55
943 809 49
907 160 51
445 690 25
644 221 69
384 442 89
827 392 22
373 124 97
256 118 6
4 663 39
109 842 27
479 621 81
246 858 18
573 513 100
936 237 23
532 852 75
469 742 24
337 762 2
518 444 89
129 605 35
77 601 45
532 349 66
685 592 97
23 87 95
862 481 12
71 709 31
60 777 8
586 795 2
393 913 36
401 952 1
182 546 61
431 647 90
446 109 2
265 162 31
618 904 88
485 35 92
778 232 57
29 367 43
588 310 59
773 666 55
883 776 13
772 421 21
276 675 34
363 796 36
814 968 41
174 57 41
581 468 32
242 800 48
933 890 63
382 106 28
632 609 15
518 893 11
559 572 78
566 694 53
45 575 27
822 180 44
520 478 82
271 877 91
885 182 88
530 49 64
406 128 29
668 634 21
492 192 49
556 665 13
401 507 30
30 604 64
95 410 25
155 117 68
876 107 59
466 802 14
656 667 59
448 398 86
304 817 65
276 41 92
10 542 14
410 908 59
907 768 86
46 387 59
345 652 48
97 989 74
873 872 53
256 337 69
383 135 94
484 698 87
703 647 51
851 241 81
285 336 65
539 960 51
718 345 37
712 436 90
601 348 29
871 19 78
387 923 69
47 811 67
73 831 5
952 19 58
268 242 15
489 250 30
750 121 60
339 432 79
946 419 76
937 631 28
840 166 51
722 320 58
498 722 87
57 335 63
170 712 32
566 515 80
284 177 13
566 273 37
937 359 50
649 829 37
218 821 74
114 729 76
952 309 33
304 615 70
667 599 36
185 270 94
650 200 87
870 885 62
951 733 33
828 794 18
951 675 17
213 660 24
476 911 6
100 365 21
553 974 19
126 725 93
419 887 77
45 539 17
917 23 79
805 235 29
823 928 28
250 341 84
843 165 78
279 523 17
114 507 89
623 193 68
647 945 54
14 692 73
840 942 3
258 700 57
15 384 96
612 972 78
8 81 19
438 37 76
539 251 89
661 925 54
736 621 32
169 8 45
285 103 75
601 566 22
213 699 1
854 622 30
580 591 24
613 212 82
156 425 36
22 301 7
269 245 31
617 520 17
735 680 51
676 997 5
434 260 51
172 353 34
67 158 31
271 72 60
68 254 82
336 111 37
42 334 74
346 717 39
926 229 50
251 152 73
308 335 86
31 467 75
480 661 92
489 692 35
462 48 23
152 321 76
985 554 52
313 30 74
340 961 45
477 750 48
56 994 85
848 549 70
999 9 12
379 651 75
246 65 51
903 666 4
926 477 45
753 639 12
420 641 87
630 159 82
61 78 17
146 651 99
244 327 74
299 258 46
23 736 68
200 595 99
303 872 43
322 645 58
415 386 55
165 18 81
797 163 18
59 619 42
568 280 32
381 283 95
998 883 41
697 226 54
877 397 36
484 623 80
207 166 3
680 945 18
527 75 83
516 666 42
380 924 74
937 804 90
404 331 60
282 508 64
315 982 33
200 621 13
533 758 56
2 337 35
926 456 14
124 868 48
641 695 93
422 565 34
758 935 7
752 31 17
279 247 19
899 603 98
447 94 79
639 12 77
975 843 47
579 345 11
77 529 1
48 892 89
699 572 45
418 607 23
194 288 48
714 946 43
858 726 100
536 199 12
266 579 62
251 429 14
748 515 14
946 107 68
50 566 25
534 563 77
735 510 72
195 962 45
365 817 92
251 69 83
468 491 52
768 618 82
216 132 22
323 382 36
353 104 87
475 249 88
547 452 24
544 81 25
62 627 82
567 839 26
543 520 19
528 778 70
805 409 88
60 939 5
307 917 22
276 258 65
93 386 29
704 710 62
83 156 3
648 935 11
19 120 22
684 353 98
287 74 37
221 268 15
413 875 15
14 258 67
716 666 48
379 693 33
631 695 33
639 780 91
661 720 10
592 680 28
383 125 22
824 852 81
943 926 50
664 703 94
533 777 57
879 140 53
387 514 24
199 438 97
909 325 58
18 152 18
417 350 36
150 140 4
207 344 96
681 169 21
313 6 43
289 63 77
507 219 20
336 604 9
156 310 10
551 900 83
279 260 75
134 772 16
57 286 99
456 885 26
530 566 11
853 198 63
615 426 24
32 441 88
556 870 75
501 803 52
743 209 43
203 688 64
29 978 90
174 641 24
880 34 28
467 919 9
487 14 91
111 746 2
15 347 65
975 617 4
997 593 23
481 569 57
694 866 75
793 489 27
235 942 64
457 159 14
821 85 42
878 371 49
419 169 14
155 983 15
323 957 60
483 961 62
37 862 20
263 263 96
206 377 57
57 911 32
249 695 12
532 726 57
990 622 39
694 456 71
791 340 67
705 433 80
280 565 14
140 921 62
578 150 63
174 123 18
150 206 82
986 307 71
853 658 72
994 847 68
575 245 76
833 236 60
276 51 86
320 475 87
363 255 39
693 303 50
892 873 33
857 14 48
981 641 9
381 372 20
477 608 13
442 586 48
447 43 46
104 235 83
962 653 29
343 384 64
849 55 43
305 64 19
157 75 27
673 722 56
800 571 67
538 554 89
503 741 97
819 376 82
867 862 18
248 786 22
584 686 23
432 866 32
983 110 44
995 950 20
569 906 56
578 761 96
601 605 27
473 565 88
609 238 83
178 913 22
689 838 69
286 428 5
992 525 54
804 980 90
132 636 37
354 207 75
455 370 21
170 645 17
761 105 66
513 956 72
453 474 62
424 182 77
254 168 48
613 12 59
890 784 60
502 143 64
10 340 3
554 663 63
687 450 70
464 479 94
544 980 75
245 192 80
346 532 49
990 253 8
196 462 34
254 354 93
123 379 58
72 181 54
78 439 40
311 40 67
807 956 19
721 863 85
354 838 5
736 56 4
415 990 16
962 697 3
928 140 7
261 108 51
708 167 41
723 820 90
900 111 7
69 770 91
372 810 1
990 690 74
447 124 64
987 967 79
625 54 57
841 699 93
337 383 39
277 883 88
996 480 12
106 209 67
618 474 60
886 869 27
347 805 59
477 0 74
614 819 58
357 552 60
928 945 74
856 921 73
151 28 26
922 686 78
994 234 68
401 653 4
263 832 53
610 433 67
294 68 97
888 862 88
134 481 99
802 894 21
807 829 84
569 852 72
728 410 31
13 995 30
223 873 12
87 727 13
364 596 33
555 210 89
125 81 45
483 888 38
786 213 51
23 365 85
929 23 72
79 470 16
911 344 41
570 929 14
398 629 46
752 331 49
316 61 70
542 678 49
905 496 41
619 485 16
412 335 23
936 582 97
910 560 18
719 664 93
616 740 50
135 638 11
33 83 5
725 711 73
517 746 69
190 474 22
927 973 26
912 894 15
115 110 12
554 954 41
437 980 35
579 721 42
912 776 27
770 344 51
165 122 80
559 979 5
492 945 6
739 281 14
475 912 85
959 42 34
633 238 87
409 108 84
262 999 27
408 504 99
38 415 10
495 47 35
243 321 1
272 639 63
296 119 72
645 155 85
41 33 76
366 334 47
314 427 93
985 824 73
844 974 73
388 268 4
28 730 2
684 445 46
228 707 6
289 468 46
7 405 2
518 138 95
380 462 87
705 514 87
805 366 24
546 643 21
136 166 78
116 954 87
531 94 63
95 577 3
69 364 31
698 534 82
907 970 6
579 261 15
460 187 26
740 612 54
99 708 5
402 513 46
598 840 27
449 939 96
530 806 76
129 451 20
750 300 76
617 667 57
551 216 29
274 493 78
240 990 10
110 141 40
987 16 40
379 239 98
770 843 47
237 472 76
444 250 2
171 646 81
968 741 21
945 378 93
963 485 75
336 801 89
706 344 79
653 423 89
897 160 38
61 900 68
136 409 30
871 853 60
894 626 88
235 66 63
727 143 78
583 169 47
680 101 95
832 676 30
689 524 99
276 668 87
973 284 21
994 715 90
297 87 44
751 36 82
436 409 30
447 423 26
980 252 12
151 282 32
754 135 81
243 970 30
272 357 64
250 629 23
843 792 68
81 387 37
253 595 46
187 493 15
456 116 57
758 753 62
655 6 48
697 966 43
525 424 19
107 696 35
437 827 54
986 76 33
926 691 56
89 502 71
98 850 23
656 891 66
330 802 3
698 903 12
372 629 53
198 59 46
606 941 45
496 449 4
792 588 26
501 745 86
595 778 68
331 60 87
860 941 28
341 669 72
940 29 81
830 351 73
420 35 24
879 435 76
211 45 90
574 113 29
424 835 47
738 418 57
944 26 100
825 607 57
176 958 95
36 467 4
157 473 68
552 860 33
334 177 17
420 776 30
404 769 100
781 529 65
973 661 91
655 815 95
394 595 68
672 591 2
731 727 5
748 742 44
770 520 67
688 892 89
170 867 79
201 598 57
143 615 66
699 228 94
353 559 18
899 773 91
795 541 22
837 329 7
30 772 86
828 981 51
406 54 6
379 435 98
760 563 62
601 923 37
930 550 59
969 937 21
999 543 12
171 623 76
634 525 17
964 671 62
529 132 68
389 713 91
654 489 97
4 994 72
673 64 7
885 377 18
62 932 91
131 694 46
478 381 20
196 500 49
113 717 48
986 824 13
573 0 87
547 865 25
142 420 66
740 279 64
576 218 60
880 356 87
161 56 33
132 456 62
865 476 35
347 116 83
758 886 20
424 593 58
198 209 75
348 886 45
152 709 19
203 567 8
601 157 73
687 455 57
782 376 18
627 143 29
734 825 32
278 135 81
914 885 39
665 168 60
46 450 53
861 208 72
974 449 67
845 857 98
200 677 54
181 713 47
32 850 55
647 103 63
353 987 92
239 3 98
609 342 76
406 897 12
731 134 15
827 475 57
836 941 69
821 517 13
58 481 46
394 102 40
219 706 98
374 535 18
345 18 75
328 432 62
487 402 31
732 167 16
314 895 7
746 725 78
33 780 24
301 968 85
522 282 25
302 215 82
954 100 38
486 128 88
366 9 98
321 602 4
119 471 54
855 234 74
538 176 21
598 313 83
41 709 32
557 33 34
803 360 35
296 657 52
163 998 91
425 496 84
768 147 46
851 560 96
442 763 50
858 337 13
877 242 39
280 941 71
927 163 69
12 839 3
626 185 76
315 827 41
909 463 41
245 861 85
416 22 26
434 963 3
18 20 30
30 576 7
474 723 33
542 354 1
628 82 48
572 648 5
520 856 53
600 657 72
727 646 5
392 574 88
671 368 1
936 266 69
743 504 2
596 139 29
883 244 92
56 161 29
104 133 37
497 341 22
368 522 84
220 414 79
275 916 22
312 244 2
223 967 33
502 502 50
702 412 26
274 101 33
949 977 79
179 696 11
990 264 43
927 76 53
616 570 77
580 395 81
551 62 89
961 212 63
823 734 31
272 805 8
964 567 59
759 849 85
728 170 35
193 127 5
224 304 38
417 756 90
317 680 29
827 75 17
81 382 52
146 44 60
213 54 16
354 432 98
140 851 89
69 869 81
936 437 3
529 545 78
307 769 4
35 642 50
943 714 93
974 121 27
679 361 56
90 660 54
898 987 7
753 924 19
643 486 4
485 529 39
370 618 56
159 146 80
738 189 79
830 932 33
83 917 41
947 54 82
915 733 93
589 31 23
64 787 72
307 954 93
706 333 20
87 681 100
8 473 50
413 361 83
181 878 9
149 230 44
87 751 10
49 77 4
455 696 7
854 510 22
92 434 37
587 777 29
436 262 32
144 664 6
340 708 95
243 626 93
363 595 4
842 468 58
727 345 29
882 265 69
805 803 54
545 99 74
721 831 17
902 844 23
565 455 67
492 87 14
892 410 17
131 245 77
286 495 78
322 378 21
588 565 71
459 610 80
980 557 14
293 805 1
703 276 36
346 186 91
304 196 11
992 251 10
926 863 4
417 99 15
82 449 16
624 236 4
637 778 10
855 393 20
41 500 63
504 660 47
953 402 14
752 48 31
404 587 72
357 316 31
498 952 71
921 549 59
627 397 5
188 223 2
182 768 75
693 938 39
135 675 100
799 864 51
126 466 64
72 597 87
14 250 17
657 651 60
861 391 79
555 198 44
10 303 97
653 499 64
161 967 87
755 110 30
424 897 61
555 376 99
808 269 33
830 305 34
654 235 5
898 774 84
313 740 2
875 846 100
670 736 82
53 317 51
846 834 68
414 105 41
373 240 18
181 350 98
620 421 32
9 731 85
956 225 78
463 543 10
190 791 6
3 531 51
116 436 83
172 981 41
640 646 5
156 210 58
683 153 52
916 422 54
82 334 38
800 269 83
178 692 92
170 794 98
79 479 75
995 548 67
728 237 47
720 75 57
927 722 91
795 219 51
955 48 61
406 839 7
775 799 63
518 120 100
375 955 58
459 73 88
757 724 56
489 782 79
116 209 44
836 960 45
284 944 16
914 569 59
991 129 50
745 78 6
272 67 82
381 782 39
764 778 76
64 516 93
466 280 81
48 435 72
717 187 91
472 472 100
924 49 35
403 850 84
194 602 90
429 327 79
405 71 52
287 898 26
903 845 1
887 699 43
325 820 9
750 417 16
136 500 3
596 416 63
674 234 5
233 880 98
477 591 78
987 133 96
153 478 85
3 804 18
65 293 25
416 283 65
447 360 54
317 721 52
364 664 24
517 570 56
278 641 1
50 620 21
598 848 59
839 882 30
541 80 71
623 308 54
9 384 54
644 421 22
593 446 43
645 744 87
41 852 23
505 210 55
288 159 17
841 179 26
623 977 89
561 392 28
208 502 100
389 579 15
736 172 86
35 888 44
970 426 32
210 918 40
836 803 6
597 148 18
818 695 80
829 882 64
849 387 65
6 868 70
656 787 41
748 4 23
309 717 59
890 646 50
768 158 71
438 922 79
170 883 19
713 218 76
38 265 70
352 281 83
93 25 48
54 830 59
803 650 52
391 952 15
178 231 15
5 661 89
294 504 18
25 458 59
103 852 91
64 314 77
248 40 89
356 44 80
371 922 54
540 564 57
284 851 79
74 460 19
695 634 91
345 34 36
258 17 27
730 202 96
665 195 37
158 231 72
72 938 14
464 651 12
21 51 44
385 157 60
558 627 55
197 517 46
113 16 7
503 730 20
180 781 84
938 190 20
353 22 54
106 508 64
80 551 93
621 621 61
303 533 17
281 946 7
545 832 93
238 904 54
242 605 36
767 253 87
842 491 45
212 952 8
790 599 3
301 549 9
322 0 98
478 978 5
205 920 91
113 327 53
869 881 6
957 568 69
895 400 49
805 570 50
907 208 95
251 574 94
576 537 92
173 583 57
691 62 50
621 402 96
149 377 46
447 308 80
410 170 8
710 303 35
197 642 20
435 535 65
924 128 91
980 27 18
231 568 91
516 260 27
951 668 73
255 72 84
652 681 83
747 967 94
941 385 11
689 2 71
625 215 83
418 582 30
149 999 40
115 906 60
309 206 74
575 830 86
343 722 24
98 907 51
475 333 67
923 707 39
829 864 11
893 404 73
896 668 7
426 811 81
17 648 86
509 698 25
187 666 3
701 528 79
21 967 11
423 325 45
93 55 81
263 673 24
367 793 45
579 253 24
609 848 10
790 962 40
619 468 94
924 731 97
122 782 80
120 208 14
595 328 22
859 838 76
597 253 97
201 682 15
891 455 2
602 312 88
350 524 9
907 727 27
560 702 62
58 855 60
800 170 10
862 351 98
829 574 84
391 616 52
433 352 39
402 642 83
144 511 19
709 241 72
831 244 43
432 946 40
862 706 67
907 116 79
398 866 59
426 209 8
708 70 94
696 185 33
888 346 36
464 61 65
505 295 13
293 963 26
5 539 38
436 166 62
577 907 40
378 539 16
77 689 22
105 918 32
628 880 1
637 931 65
376 804 24
77 13 36
370 697 50
481 722 72
282 67 79
755 520 83
615 767 89
667 699 11
15 487 61
294 463 3
85 935 14
925 819 7
500 374 17
662 184 91
190 425 4
141 281 4
656 412 63
463 96 16
80 628 99
906 630 51
919 526 62
736 88 2
621 305 90
405 788 45
963 754 93
310 307 79
673 305 99
228 157 55
93 550 79
360 115 58
298 454 95
881 949 74
332 240 6
700 377 36
37 236 18
289 734 7
449 551 2
976 642 78
884 682 36
204 741 63
489 218 26
822 747 76
751 317 4
242 395 24
968 594 87
637 110 19
209 401 92
25 815 58
167 779 12
491 4 41
858 873 50
444 801 11
821 46 21
949 0 60
923 968 7
117 496 86
368 238 40
56 700 98
653 109 28
489 419 28
315 350 98
481 661 15
137 816 100
653 324 71
939 981 67
40 988 98
159 147 91
691 430 28
620 381 20
421 879 49
187 498 20
650 445 36
11 168 69
41 782 97
826 680 50
835 680 27
948 880 63
782 188 88
590 948 62
740 869 1
577 946 59
273 464 50
896 546 6
474 198 57
967 462 4
520 922 43
106 218 76
564 372 41
800 552 75
687 841 25
255 221 53
177 75 14
964 170 75
409 510 17
120 988 10
197 284 20
76 527 73
331 593 12
798 502 30
253 31 51
744 742 82
240 60 12
460 728 12
106 587 98
918 13 74
24 989 75
272 182 63
315 569 54
358 815 18
910 946 90
629 235 16
944 205 51
787 540 54
304 858 8
842 67 41
231 251 81
642 125 6
736 687 31
462 942 45
162 253 46
59 322 20
926 277 9
192 755 94
565 839 72
367 981 17
815 764 8
455 723 62
367 484 1
24 714 29
123 990 11
646 121 53
343 543 17
722 409 2
625 88 8
17 662 40
631 42 35
889 823 9
983 465 58
418 936 56
169 793 65
972 98 77
930 854 36
44 786 69
592 473 51
505 969 51
472 998 37
683 166 67
668 795 96
496 90 55
754 228 28
888 461 95
852 789 51
44 585 93
609 797 64
394 278 29
970 123 94
389 286 95
702 728 8
546 799 66
133 394 44
122 474 14
473 131 52
17 619 86
411 749 36
391 311 90
342 76 52
468 263 57
456 854 12
170 28 14
36 301 62
220 193 89
696 223 72
110 716 90
248 912 84
816 209 100
840 5 41
286 878 81
70 665 100
273 26 72
533 607 54
894 228 28
977 457 73
624 908 82
77 913 46
821 149 90
867 801 22
95 383 49
459 310 52
548 417 64
222 596 56
244 597 7
328 95 4
555 774 44
776 113 23
146 649 1
514 744 56
225 201 68
101 642 61
872 944 75
7 56 54
383 441 71
106 460 71
155 276 81
722 27 81
485 811 23
802 306 69
402 229 61
983 251 63
786 712 11
805 964 64
721 258 65
137 751 26
461 164 82
637 225 83
793 237 17
64 247 42
499 151 7
548 485 60
246 706 66
887 497 91
579 509 33
561 240 78
587 901 77
579 356 57
488 378 68
717 818 33
879 364 14
975 978 79
647 656 64
291 508 71
356 760 49
950 56 4
441 613 19
760 281 99
794 899 65
66 340 49
361 800 17
984 199 5
728 837 96
441 201 6
186 431 73
449 854 11
394 651 43
327 356 8
97 856 11
280 406 15
299 863 98
578 693 91
547 579 63
872 872 14
84 600 62
828 798 10
550 324 63
739 913 70
424 52 98
94 378 91
553 106 41
279 437 4
681 124 23
81 259 46
490 262 77
328 536 95
46 96 43
227 69 56
646 928 15
525 555 55
365 744 96
725 970 92
246 58 88
48 187 92
912 369 48
621 758 78
986 52 62
738 2 49
919 728 11
858 706 27
146 597 2
354 41 88
900 988 29
958 852 59
879 855 39
104 545 2
718 222 4
140 311 43
555 666 19
975 985 29
231 671 34
871 949 90
444 621 42
61 365 1
198 822 68
525 131 12
874 612 31
674 642 33
185 306 15
988 114 91
124 349 36
138 602 68
718 465 66
935 318 60
730 123 21
199 900 71
711 389 18
318 503 12
785 100 14
643 615 51
27 556 69
155 956 33
215 420 65
409 284 54
737 937 66
300 164 48
1 952 59
251 574 94
110 198 14
58 399 26
127 939 34
501 57 11
983 105 65
967 497 84
930 154 83
819 6 41
934 655 13
532 131 12
821 40 51
169 564 76
58 578 18
484 496 62
912 429 21
683 963 28
494 852 25
745 691 2
895 423 51
347 980 94
127 827 32
475 450 36
2 898 76
724 563 41
540 607 71
262 349 82
822 971 79
828 718 41
266 477 84
436 29 90
224 955 49
692 368 51
510 604 33
156 932 51
161 918 37
416 151 42
684 287 98
985 550 37
123 277 97
390 814 55
103 731 25
457 6 18
466 751 60
390 64 79
762 57 12
206 49 48
655 21 11
940 71 49
870 912 19
355 939 12
440 36 92
102 128 42
63 423 52
921 71 66
110 648 14
504 708 26
359 381 31
969 353 73
267 161 67
710 536 13
425 652 73
36 887 64
751 582 33
719 711 76
805 496 91
108 842 13
492 694 78
348 143 41
653 575 37
822 983 92
501 652 80
830 256 13
901 398 28
358 20 59
607 963 33
749 143 66
636 428 87
241 363 33
845 837 69
350 748 46
453 809 15
368 667 15
131 252 85
903 782 36
480 435 65
640 374 63
659 518 9
530 257 20
437 851 74
181 561 45
17 481 58
76 247 68
400 268 53
774 96 91
737 34 16
768 781 99
289 330 20
739 450 58
