3500
7000
225 1212 91
2014 927 94
497 678 73
1350 2672 1
1856 274 49
2271 1507 71
3310 3099 23
933 2775 25
595 2033 22
1469 2811 42
679 2464 35
3441 981 78
1023 607 25
2468 1498 85
2822 1642 9
1305 1361 35
1413 2677 60
1427 1404 18
3188 1333 37
3128 769 14
2036 857 66
1616 1083 67
2854 3091 93
3055 3159 57
1141 1707 18
2712 1673 67
1412 447 41
2549 1612 37
3418 556 26
1102 3067 4
2797 1983 11
1003 2617 11
2906 695 12
664 1189 31
2065 409 50
2212 432 90
1882 3397 33
301 1288 81
3480 1970 92
170 1615 67
1371 1761 13
3101 3317 100
704 3014 57
490 834 6
2973 102 70
178 457 84
1180 1515 89
2063 867 72
829 1069 57
423 633 60
1 3321 36
1999 3038 8
3405 36 94
3247 2383 13
1082 1925 7
1922 1677 7
1286 2419 14
1977 390 35
993 2957 30
74 745 21
551 1691 70
1671 204 93
2450 1440 39
2758 1023 21
3205 86 1
1679 2879 45
3048 1544 100
2325 1495 23
3456 2467 30
225 548 66
3320 2410 41
2363 1713 5
3434 2407 7
3244 2112 100
58 3479 52
1550 1846 98
2737 1283 64
2374 1843 83
2076 3290 86
1640 2356 21
728 2615 62
1999 327 85
433 1799 62
480 244 96
103 375 86
1375 931 96
2350 3398 53
3420 1972 89
1983 2999 52
691 1098 48
1590 748 8
3395 3459 95
3361 2085 67
2911 1305 41
1105 54 100
1077 809 79
354 3259 78
1912 400 17
2676 2439 65
3204 728 70
292 1587 94
2791 1259 25
2358 1528 47
567 2273 99
13 2266 4
3257 63 55
1273 2291 90
2173 1009 86
3315 1468 65
1972 143 57
1740 1658 3
900 296 80
453 1692 28
1134 2533 7
2107 2934 19
347 1300 62
1862 997 77
3231 211 98
2420 1956 45
2130 1496 20
2831 151 71
3355 1312 94
1370 118 15
3063 2168 11
2769 156 90
412 3469 79
2981 2901 68
1217 2942 42
2100 1508 80
1781 2658 69
1639 1733 42
1869 2599 69
594 2071 48
635 1106 61
879 3383 55
1582 713 74
292 261 69
2439 2036 3
1526 2003 20
1103 3014 3
2192 2311 85
3203 1847 11
2912 3017 28
1433 790 41
2104 864 77
3367 3020 51
860 2333 99
1738 3479 29
1139 1895 94
2709 1848 28
1263 2267 26
587 1119 79
603 10 76
235 2591 74
389 535 67
355 3153 81
3433 2550 77
2217 1570 63
2787 972 16
609 3190 89
3106 157 92
442 1948 21
742 3355 87
2360 3060 93
1030 2940 19
634 749 84
888 435 94
1990 1046 97
2223 2104 68
1842 2587 74
163 981 1
3319 2340 44
35 1669 42
1725 836 51
1709 3236 9
1227 1350 10
237 2366 62
1347 2347 18
1598 1414 79
3254 2856 71
1053 966 51
491 2592 71
2458 2165 74
2245 3305 58
2554 1137 23
3162 1293 13
975 939 34
2893 986 64
122 313 68
3032 1847 46
1773 2549 8
633 2519 67
1439 2213 36
2642 2286 1
875 965 5
567 2581 31
1731 2094 60
1942 230 54
518 1488 38
2892 3141 7
2017 1301 47
2540 463 95
2004 695 20
1628 3153 69
320 1069 51
1597 2831 20
2440 1729 77
349 2927 25
2760 1620 46
3044 1147 42
843 2851 39
1884 2332 15
3134 3404 80
3199 2702 62
1012 2991 60
1565 896 17
1718 1852 34
2425 3293 59
1499 1816 31
2311 1861 28
2960 519 70
2151 2114 57
2225 2167 27
2797 617 50
3483 2902 74
3289 3069 74
236 690 60
1356 1211 8
1668 2742 77
1845 3155 17
2928 1745 21
525 522 96
3197 2184 80
208 1757 95
2068 2423 33
2545 1572 88
1871 2838 98
1139 622 67
2550 2325 52
2469 1864 23
706 3243 40
2448 3102 16
2203 801 96
538 2062 40
3252 27 98
2118 2864 40
2852 3012 52
3001 1356 44
413 2715 59
3015 3265 64
1847 232 84
2994 2496 94
2653 1781 47
2116 624 54
1312 828 74
1577 1136 87
999 119 17
1865 2477 64
2640 2208 23
2739 527 77
2858 959 44
2959 2312 68
1902 3351 27
1672 2287 47
1606 19 52
2833 2425 41
202 1436 92
2841 532 72
1261 965 84
480 3424 33
940 2680 65
1808 522 71
2565 1461 76
2251 1945 11
798 1220 37
846 2233 19
2553 1076 31
1175 597 38
1724 1654 35
3392 2764 46
1342 2172 79
3446 3442 69
1943 2013 14
2127 1944 63
3118 2086 1
521 1006 26
35 1215 89
1231 552 56
1928 1483 5
408 890 33
786 2202 48
937 1468 90
2961 479 18
2087 1971 21
2161 1069 25
352 651 4
2996 2700 60
2709 3385 47
3444 3028 87
312 1093 93
3106 1177 2
104 1124 14
2813 1547 99
1262 1505 76
3294 1251 74
367 2689 13
3383 486 94
1695 1713 61
2525 2855 1
3154 1201 26
589 2261 94
3094 873 41
1884 3348 19
2722 3082 70
2295 3087 93
1777 320 15
121 94 12
923 950 38
3014 422 81
1373 2561 77
2059 2922 79
3041 74 70
293 750 62
501 2762 3
88 1710 52
1714 3343 63
1575 2748 43
888 1385 11
2364 1621 23
1725 1390 71
2680 1760 74
2035 1850 67
1939 1156 7
100 1572 45
500 1745 71
1702 2752 61
1685 1808 16
1893 3232 55
2746 1725 4
3336 2196 2
170 2684 56
2274 301 5
3267 138 23
10 3213 4
1971 1715 52
38 2767 38
2827 3459 54
2798 2596 16
2529 3213 33
1314 3115 84
2671 197 21
3307 1154 75
1627 149 73
504 488 94
1478 1557 58
317 2193 79
2023 3303 96
296 1614 64
2234 640 58
1936 2032 57
1966 2181 91
3429 407 98
2145 2451 73
2770 2920 38
422 3221 50
1525 3394 41
759 3227 79
2173 119 74
2116 255 96
1363 3195 48
493 1033 59
3494 2622 45
2135 3063 7
1228 1560 61
1949 2761 35
1977 2575 52
2660 1886 68
2175 2905 88
2249 2871 90
490 1471 44
279 3473 29
1428 3240 20
965 51 59
1132 1051 71
3436 1603 72
124 2418 75
3383 1476 83
458 357 3
1797 572 90
797 8 19
2902 46 32
1725 865 29
1236 182 49
2854 1456 95
1777 2225 63
1677 1093 21
2199 502 84
821 2239 1
3223 25 96
1379 2138 99
2315 903 2
114 3398 12
1839 1754 52
1625 2991 9
2779 3026 33
1732 3400 94
623 638 44
3352 1494 53
1397 3174 60
586 1897 75
1701 183 74
1395 996 90
262 163 50
1073 2610 36
2980 1046 23
69 2458 51
439 2535 7
393 1289 53
1800 1184 30
2937 63 63
2547 1572 96
753 1153 39
945 951 1
322 3104 68
1880 155 67
2333 2692 17
2841 2095 44
27 1312 75
1295 1255 65
2863 386 35
2444 308 30
155 1855 4
11 375 3
683 3432 3
476 179 32
2527 546 72
1223 3156 96
1249 1819 45
993 2676 39
1176 1488 35
1091 874 7
2656 3268 37
793 2789 89
318 969 77
2787 2310 69
874 2316 5
2806 2954 42
2941 2006 42
1997 2551 10
1493 1856 78
1557 2750 19
315 1449 67
483 2568 9
3239 3486 53
451 1352 41
3101 3230 45
1451 1769 94
2524 2328 67
2249 2805 96
907 2489 28
188 2382 87
1521 774 65
2943 2199 43
2806 2260 81
2575 1748 90
418 3224 31
1745 3403 94
1425 1892 70
599 609 2
2007 2967 37
1292 1599 14
1082 1182 51
1637 2769 4
2782 2201 18
1702 2830 8
3166 765 17
3036 28 86
496 1152 36
2426 2143 59
3387 3160 59
2481 2460 100
1587 2900 17
3103 562 68
1645 1340 57
2605 1622 74
1610 2373 76
557 227 3
1454 2313 51
1320 966 53
2063 1724 3
1523 2234 63
2061 70 3
1626 3491 55
2154 2489 18
147 3229 16
2392 1513 60
945 3093 58
3116 593 91
3337 2276 15
213 992 47
1226 949 48
2888 1028 35
1544 531 88
2786 2017 95
2790 288 45
3074 3310 33
418 2066 96
3182 1357 44
2920 2806 19
25 3211 85
334 3295 92
3078 2582 82
1665 2550 24
387 2658 38
289 500 71
387 996 81
1385 2051 16
390 2611 70
1391 786 90
154 1055 62
3450 2434 38
151 463 5
2532 826 89
2754 3124 51
1835 2971 14
971 2573 76
2112 1131 63
131 1955 90
485 3336 58
3430 0 71
3172 86 12
3329 2517 96
2084 1622 28
2270 2083 6
2644 506 7
2585 1622 6
319 903 13
479 3149 29
2175 2050 16
2601 1412 14
2593 2226 39
1457 2759 57
3107 673 42
3140 654 30
1405 2727 66
2727 2089 20
1324 2123 20
1636 1662 91
1835 1435 89
1759 2916 65
1248 471 68
2776 1069 75
2414 1891 31
2886 2134 100
3113 2368 4
270 614 49
1879 3195 7
1457 1598 70
986 1277 26
2407 2989 14
1038 967 81
2321 544 97
2562 1379 49
2384 2170 79
1896 1675 83
2475 1844 46
2534 328 10
832 753 42
1320 925 68
2322 3051 72
686 2868 19
572 2116 56
227 1792 43
1761 3455 85
912 3318 79
1592 296 83
1192 1963 71
1169 1495 69
245 2185 58
575 1250 90
1671 1747 97
2823 2063 96
3228 12 91
942 2327 56
1392 1771 93
937 2090 67
2678 616 100
3336 1638 92
1678 1161 75
379 424 16
2092 3184 80
1170 140 79
1036 583 37
7 431 40
2136 3007 39
2068 1308 98
2135 2384 4
2823 1444 58
764 2134 5
2406 806 54
1076 1781 71
2451 2123 24
1524 1188 53
425 2758 87
2464 3324 9
777 642 26
1249 1898 44
1469 1102 63
88 1305 69
2037 1944 4
2270 2412 17
2923 720 8
1853 1608 79
1216 2464 89
2644 2364 33
127 2972 68
2119 1338 88
277 1813 84
3072 541 19
3290 976 98
3407 592 47
3150 2901 34
3367 1962 26
547 1259 34
1164 2473 39
1927 2058 27
3015 1303 69
520 905 20
1613 401 62
3401 2283 69
1872 261 5
1603 2884 68
1462 3221 14
680 3321 24
3240 295 15
2853 308 1
1605 51 16
253 691 79
1886 309 58
1430 1508 85
3138 1632 34
1100 1976 6
951 1213 38
69 670 17
795 2739 30
3215 15 85
2005 2456 95
1837 479 82
1758 2737 9
1558 1436 41
1824 2217 26
1021 1362 43
209 3330 41
1497 3496 4
17 1642 100
423 234 57
2428 2831 70
2363 1371 75
683 2349 5
3376 629 82
3362 820 42
1063 1188 56
3096 1016 83
518 1157 45
3309 1255 57
2208 1139 85
1771 378 24
3006 300 2
2148 3358 65
3030 2918 22
756 3482 55
1653 2544 40
268 1794 4
1905 2700 79
3371 1499 97
973 863 73
2750 1666 85
1781 2426 37
127 1203 62
2344 2690 36
3427 480 61
311 1288 98
3462 2933 10
2617 2865 2
1389 1774 33
2187 1462 12
3021 1700 2
738 625 20
3040 1102 3
2663 450 65
3301 26 54
1667 1610 48
2608 2051 69
1673 665 5
1770 2139 50
2062 2209 51
1563 2754 65
2051 390 32
1395 236 23
2445 706 48
1912 756 64
1941 2184 2
1755 1640 78
1849 2872 84
2720 65 46
1746 2402 60
341 3234 34
1693 3031 59
2592 3361 59
91 2462 90
541 1285 85
1019 1480 77
2066 30 19
93 2463 70
690 839 39
2728 1851 56
3141 3242 78
1291 1835 82
1902 411 98
1209 2991 20
1070 268 35
1788 443 20
3458 2241 87
354 3438 82
3171 2836 21
1604 418 91
583 301 88
2560 3127 49
2812 3096 39
3188 982 95
1841 467 18
3086 2246 1
1346 2098 17
736 1447 27
3078 1033 66
1152 1826 10
3377 1791 2
2309 1536 2
2749 263 88
1952 1280 20
1618 2767 9
1429 353 44
1506 3066 26
603 2252 35
1239 1969 18
2512 3096 22
1421 1552 95
2292 1336 33
176 1028 77
2696 3215 100
1198 1615 24
2556 3256 48
1698 294 29
631 2264 44
3060 938 29
1679 2637 74
1080 2279 32
1795 780 52
2427 1591 92
1099 2573 98
1853 1427 32
1440 1684 3
2314 1018 97
2443 3431 45
1144 1684 48
1537 1081 59
205 1853 97
3192 2951 24
2009 679 34
2120 2097 13
2677 2307 87
427 1878 48
1145 1558 79
3293 1641 67
129 3369 19
1361 1739 80
1304 2531 9
3244 993 3
3021 1522 41
586 219 37
1890 2805 5
2338 3283 83
1755 1409 53
1087 2342 51
770 1036 48
2998 236 11
1449 3152 96
2355 256 86
2417 2925 80
484 121 92
1667 1967 18
1791 2238 10
2297 550 90
1485 2179 13
1166 1239 34
338 735 50
1658 2352 75
2874 1342 96
1098 2662 100
1980 2621 41
2094 1073 10
752 1111 15
11 3480 60
601 1689 93
698 3146 36
2460 255 63
3390 2556 82
905 504 13
747 2053 91
1263 1739 55
1819 1849 67
2784 2119 45
3180 2977 18
496 2041 58
1089 1899 80
243 1689 26
1466 1193 51
2025 2387 30
2398 1681 61
816 1445 62
1561 140 69
450 474 98
136 1249 6
1652 2882 87
1517 148 27
316 561 22
361 2859 4
2221 185 7
1193 632 13
221 1372 13
2986 265 53
3484 2098 40
2476 242 17
2713 1532 2
3345 2527 82
83 117 20
1059 3478 58
191 805 73
2972 956 22
2046 3279 65
3170 2144 9
1393 2485 53
2801 1827 20
2419 280 88
1176 714 79
2759 2147 72
188 1796 85
2002 1483 80
1999 345 93
2391 2422 61
3004 779 68
542 1339 57
1886 1777 8
1958 928 69
2707 2557 100
3216 3109 24
2397 3155 37
2524 1284 88
421 26 97
3008 2759 52
3045 2200 30
199 3453 42
1312 3472 60
2369 1996 67
47 2880 6
2429 1453 70
2266 2179 50
2898 1969 29
3090 1836 62
1143 1680 97
1195 1952 34
754 676 86
874 1613 47
3402 1459 33
2878 471 37
2254 2885 17
767 58 31
773 2917 47
991 241 68
2514 2116 93
2195 1710 25
466 1490 72
2588 2733 76
1085 2311 85
1519 1356 24
136 3024 5
1264 1282 95
2358 178 62
2599 315 87
1000 496 33
2397 50 67
2584 1779 38
1377 933 31
2651 706 3
3385 760 72
3173 3247 34
415 2568 100
301 1001 75
3326 3103 11
352 1729 13
736 1805 10
611 3365 51
2223 1581 88
2377 1126 45
2538 3420 80
948 926 43
934 1729 13
15 3488 10
2710 2812 93
292 571 29
2837 1996 80
3164 3165 83
1138 2589 46
2793 1788 21
2478 2773 67
2851 1255 60
1676 3241 18
1018 2666 84
1714 3290 100
550 2328 7
1319 655 76
626 90 86
563 3435 68
1227 997 71
2270 2737 51
2961 330 65
701 673 93
187 1931 75
3134 2272 79
2649 1113 37
617 997 38
600 1416 58
186 3117 92
2749 3183 73
3133 237 68
2750 952 81
1625 66 12
857 1691 98
1995 182 11
3140 1580 94
177 3089 93
2648 1725 25
1637 2837 86
2951 1212 76
2373 2342 9
1994 2488 29
2780 1640 1
1709 3217 48
1448 2639 44
753 2845 75
856 1095 100
3127 2652 54
1238 2074 80
548 1669 92
585 545 24
441 1943 42
1389 1250 67
482 1811 25
569 1453 20
3259 1714 18
658 3356 52
24 1430 49
75 2019 65
88 1129 75
2977 2674 40
1641 135 42
792 3283 38
3146 566 84
2714 1148 64
3195 1659 100
2702 2612 51
2127 275 51
3217 2260 87
486 2572 84
41 525 35
3041 3052 18
2064 3165 11
709 201 57
230 3021 1
1871 2475 18
1939 1061 86
3289 2376 96
51 1561 98
723 2980 94
1484 728 52
1989 2958 49
2417 3227 48
950 3178 70
762 684 1
1580 2805 93
227 1912 27
1816 2334 13
3155 2926 87
2934 1143 14
1059 2605 54
2763 1357 90
1913 3413 25
1726 3126 4
964 2607 21
3093 2034 65
1053 1386 85
3237 776 61
2711 2854 41
3051 1170 27
351 570 35
1594 1859 85
2049 2717 81
2899 603 66
540 912 59
2688 3067 13
2181 1177 74
11 1276 99
2527 1509 66
2759 2008 6
2953 3375 55
2139 687 82
107 3092 46
828 1220 62
1902 451 46
785 1932 12
259 1473 11
2433 3086 56
2303 952 74
1883 2681 64
92 837 90
1336 2144 60
2267 3397 6
947 2896 65
3139 948 80
412 2545 61
1522 3115 3
1581 157 45
901 2189 72
2207 810 23
2003 1886 45
1844 1898 88
804 2782 54
83 2085 86
1235 1951 65
2219 3379 18
474 3132 47
2233 258 96
2504 1993 82
1666 3385 11
1428 1782 14
3260 885 16
3087 771 50
1062 2949 16
1855 2947 84
2696 541 34
513 818 44
317 64 99
920 830 16
2564 433 99
1083 452 36
710 2217 72
3471 131 18
3463 924 91
852 258 45
3269 2659 51
2400 22 17
2220 2028 25
56 373 18
1458 1431 50
2128 851 83
1346 3288 76
3153 438 49
185 1905 61
2433 1180 52
1631 1336 82
2621 3300 9
1942 198 48
1031 2723 41
58 159 35
1437 2979 95
2183 3083 10
1755 811 16
3444 3463 53
455 2566 81
1423 1344 17
2335 3172 60
2306 1256 31
2853 1768 59
2822 2050 25
350 1240 1
1552 3387 14
1560 889 39
1247 3189 96
142 1679 100
1077 1415 22
1941 2807 74
2515 1085 6
1803 2260 66
3156 3293 65
92 210 22
2652 1404 14
1229 213 96
229 635 3
164 734 11
1451 770 10
503 2290 93
1177 526 71
1658 1985 66
892 717 77
1345 603 91
2474 155 8
881 963 4
2139 1596 34
2661 3050 44
3487 1411 25
2292 931 58
2554 3355 54
2394 1046 80
1130 1814 72
1313 3036 6
2586 3058 52
2438 1474 91
696 1257 11
2522 3110 18
2359 958 48
3452 3173 73
1205 1416 75
3124 1037 90
1393 212 6
49 442 21
1044 1614 50
1576 2413 36
3200 1566 93
2107 478 75
597 3193 25
2644 1653 11
2566 1239 61
3343 2258 40
271 1296 69
731 299 44
2359 1619 77
1926 283 64
284 3122 39
2520 92 40
2120 2646 27
1887 665 100
1509 3364 72
3119 2891 36
2640 1540 50
2467 566 89
683 218 63
44 794 82
852 3368 49
368 3417 59
1356 654 59
743 1396 28
2048 149 13
2336 2209 24
1264 3449 14
1594 242 84
277 2040 25
950 2607 67
2764 1266 84
3385 2980 13
480 2519 77
2317 1171 14
1523 3156 10
3477 2891 43
2098 1820 87
843 1394 46
657 2852 79
107 3443 85
1583 2425 67
1066 3331 95
786 112 11
851 2081 27
1745 2194 34
3140 653 47
426 1461 74
2171 2657 95
63 2749 60
2874 3062 51
412 3005 41
1722 858 62
2134 3154 28
163 2080 21
1311 2802 70
3296 2689 72
3392 3211 2
1828 2511 61
2823 307 31
2067 1024 16
790 741 50
1481 713 74
851 2501 100
2181 2624 13
798 3273 27
1692 2039 50
2254 1568 37
1757 3036 43
2855 10 79
1259 535 39
2397 1326 7
215 1740 12
2749 870 34
2390 3452 49
642 367 10
1535 935 74
865 2267 52
842 3325 41
2232 3388 27
1726 2174 76
206 2121 43
1286 1180 47
1945 2666 34
3016 976 63
1692 514 70
2604 319 46
126 2440 44
638 2209 14
1492 2419 27
2914 3400 37
2359 139 18
137 3398 61
2638 2191 53
709 930 34
2809 70 83
429 1381 26
1171 2535 22
1338 35 4
1049 725 39
1736 2566 65
1884 15 90
493 3425 43
1645 295 98
970 2670 56
1222 163 21
51 2942 93
3222 1107 52
1313 2791 21
2244 211 18
2669 2947 80
1316 1456 87
1151 2357 78
2109 418 5
1631 581 1
2246 3200 36
2813 246 63
2993 3421 92
180 507 52
2799 2028 29
2434 2056 22
218 2143 69
1691 3412 7
2950 2999 49
1032 1958 70
3485 2478 73
2689 54 30
608 2278 66
1422 107 10
1067 1008 61
2346 2907 28
1020 1242 46
1817 3323 23
1929 3097 91
695 604 37
3243 1062 16
2308 1225 57
643 1934 57
760 361 65
2718 1664 76
349 2267 70
1682 258 6
3369 2486 24
2199 416 17
933 3365 90
1601 2011 60
2429 1327 20
1799 743 97
392 3127 61
1322 166 30
710 3233 64
397 3149 83
2788 2740 11
1812 2786 7
1110 2165 92
1960 1222 24
175 2148 13
1863 2440 74
2169 1382 91
2033 3231 58
3428 3497 90
2700 3409 8
452 2667 44
3137 2275 70
1156 2152 54
2811 1084 48
2318 2823 46
577 1765 73
718 722 4
791 2560 70
3366 1406 7
2032 1055 41
269 1904 93
1905 2641 97
846 2348 44
917 2449 24
1038 159 13
46 1944 14
75 3268 81
2527 689 47
2180 1666 93
2788 2682 23
3228 143 15
224 156 97
491 1103 89
2729 2421 89
2348 2490 30
949 2889 32
712 2091 19
2172 2994 42
900 1694 77
1539 103 89
136 2098 48
1861 298 79
3305 2264 16
442 469 18
1756 1133 6
3451 1617 62
191 1515 86
344 2888 3
547 2853 24
2536 1878 41
1992 1408 4
2967 2056 86
1554 2807 34
157 2526 41
1655 1371 37
776 2195 28
2027 1079 39
2979 1983 68
961 2082 42
1938 138 73
2223 3266 87
361 488 46
2153 855 50
1875 3112 62
833 448 29
1744 800 72
1503 960 68
1034 850 37
155 1253 5
3372 783 57
2766 1750 34
2421 612 39
1204 3282 7
2751 2714 67
132 1416 47
2431 3130 56
1317 1230 82
1790 2794 63
2359 1213 91
2789 575 71
1018 490 23
1276 1027 71
1318 3194 56
327 236 42
567 840 42
380 1770 74
57 3308 19
1433 3383 69
3383 2482 68
2578 1550 83
1101 169 100
2614 3137 64
1479 3038 82
808 2971 78
2089 2246 56
1613 625 18
436 1484 99
2769 1339 42
2196 1835 6
230 235 33
2234 990 17
1320 1659 81
552 1811 67
2763 2070 4
582 962 43
1528 2656 30
2616 625 9
1440 1750 100
1974 2549 25
2891 1863 60
2045 764 35
2479 1588 56
3139 1497 91
3343 1858 81
940 3328 94
2842 835 95
3114 2445 53
2247 3101 6
404 1646 56
3096 2215 2
1064 300 43
6 2847 4
374 2133 14
1233 750 77
803 2851 67
3175 2177 50
1189 2615 90
1860 242 10
135 3370 82
3137 2733 67
690 2349 98
842 1648 83
1385 221 85
3046 1071 69
1535 2957 97
2030 1575 20
1431 482 61
2424 2455 32
2661 1793 89
1292 1157 12
669 1581 27
1439 2545 81
2776 2983 65
790 1648 23
2305 22 28
793 2442 65
1082 2339 99
3366 615 38
2343 2854 25
2970 754 75
1368 864 47
1506 3257 86
3480 3091 33
2285 2610 6
1511 2096 18
3396 676 69
985 2645 59
2819 3368 54
3270 1579 72
510 940 38
3487 3124 88
3005 2794 42
1144 3332 94
711 1371 31
1999 121 77
132 3199 42
1641 3355 75
3201 1600 67
3383 1811 58
3051 505 55
1351 2600 13
2664 2423 83
1049 3355 96
1382 614 3
1621 2102 40
362 1552 58
1857 2146 83
1110 1909 10
3043 797 10
2933 1931 45
250 1542 80
2259 1451 34
1539 3252 42
260 2621 24
129 219 53
1435 638 94
769 1443 38
1571 3441 45
2379 1508 33
723 96 31
1932 561 20
3183 819 96
3295 1634 49
1244 792 80
1851 1273 68
3067 174 63
1817 1518 97
3135 1469 51
2276 279 40
2097 1107 97
1492 1454 61
1824 744 79
63 1769 73
346 3105 39
10 681 80
851 2668 82
2349 2985 35
2127 1062 21
549 1788 9
618 2060 54
2182 1238 93
78 2932 52
1349 1854 75
257 893 12
3294 787 71
1002 1351 77
3109 228 31
2214 2359 10
1491 507 37
1067 2893 18
1215 2874 55
861 242 88
2960 444 94
826 986 11
2319 2148 33
1174 2192 48
2589 2996 86
203 3405 96
2545 3113 9
1234 1268 92
3023 985 10
3489 290 38
2836 222 58
1833 372 24
2578 563 33
2069 1771 76
2129 894 11
2836 789 2
2992 2756 13
2905 2790 54
1779 1553 58
2050 651 73
1797 2091 64
2675 555 97
1382 2946 38
1605 1030 30
2147 2508 24
2085 3258 30
3392 1665 84
327 2094 63
2685 2704 55
2650 1063 14
2585 2571 25
1016 2082 65
2444 2993 45
2828 1826 9
3166 1940 50
2305 1494 53
189 142 23
324 2423 53
271 630 38
1427 270 94
1600 1792 5
651 1129 93
3233 1630 81
542 154 8
2903 970 15
3042 1699 23
3005 2999 42
3409 2776 12
1374 2238 38
1301 2741 100
1851 1191 60
520 557 98
3445 664 14
631 4 19
2489 1809 53
2216 2528 20
317 538 70
3267 3387 67
2472 2172 85
875 1593 21
555 2363 59
411 1465 40
2658 601 12
714 1873 13
779 93 30
2657 1952 94
1315 2912 9
2333 101 94
3109 2919 44
1663 2253 34
1741 2661 52
2513 2506 61
178 2171 16
3486 1143 59
2259 1928 66
3430 2817 4
3340 718 55
3454 3196 36
2929 1608 63
882 1263 88
1064 924 28
3241 1992 13
1302 3034 58
168 3223 84
1117 1791 15
289 3333 59
1302 1842 54
912 1402 18
1042 3136 83
552 2964 51
2363 1675 87
387 2038 18
860 1847 97
3235 92 67
628 338 25
1996 1022 72
3043 203 4
822 1325 60
2148 2060 32
2514 2407 11
3447 2016 57
2833 2712 42
3017 1878 13
1207 3034 47
1005 1428 91
1236 1089 36
1587 1617 86
2918 2821 61
2319 1752 5
1040 199 20
1768 1006 25
2985 1160 57
461 663 22
2207 169 48
2981 2573 62
1781 2128 87
1258 200 77
2778 347 79
94 633 56
2143 3185 72
1118 78 34
316 830 42
2720 2774 58
3389 1589 19
649 1165 65
9 1293 31
2952 2929 88
3016 750 66
497 730 1
756 2357 29
2426 120 3
800 2092 17
1022 3320 56
1392 2822 55
2812 529 5
39 2435 64
1252 3067 88
548 1191 11
1100 2201 14
1976 1431 30
622 2096 23
844 3432 12
2149 2299 25
924 619 26
2220 3009 39
1678 2024 17
2800 2519 45
1036 629 47
2620 1527 20
1428 3170 64
2982 6 74
1925 998 38
840 604 72
1532 2495 72
675 660 27
802 1529 36
178 2173 38
3449 69 60
1702 3098 2
1151 705 90
2645 1407 28
2084 2766 40
1792 1779 3
1343 3126 90
1610 1578 68
1997 3370 70
990 1108 81
3251 3102 83
1534 2349 19
1613 550 50
1938 3088 30
2285 578 56
380 1536 56
1526 2376 21
2783 2331 82
3163 1452 79
3497 1442 63
1296 2022 37
137 1507 13
2203 2342 13
2144 2156 45
637 201 83
2147 180 13
424 553 70
2090 451 34
1114 1132 29
2197 1747 32
2711 3133 81
403 2573 16
462 3315 66
280 2325 51
2216 330 20
2741 609 28
2709 2234 53
801 3019 62
3066 976 6
1610 3386 47
666 1004 89
2939 1448 61
329 125 97
2406 2218 79
609 2176 74
1806 1671 59
750 2234 15
1758 1056 17
1446 1678 14
2532 782 6
2043 1513 53
962 173 28
3358 737 7
1087 228 78
2848 1544 80
1569 964 22
2080 701 12
1913 395 80
2926 765 61
2428 309 68
2285 269 68
1379 2354 16
2851 2612 41
2698 2488 28
3310 3131 55
1286 3153 67
2856 2083 47
1931 2874 91
555 1970 54
829 2851 32
517 2186 57
417 2875 14
1092 1134 14
1421 2023 95
849 1348 86
283 2053 46
1501 808 3
1395 1571 39
764 568 61
2561 231 18
2536 687 36
3045 544 1
3432 2651 24
870 678 95
3202 2355 92
2391 1436 4
996 1383 63
1019 415 51
292 3050 41
3440 925 23
2576 2298 27
2178 3069 41
1998 698 76
777 104 23
3052 2129 91
1830 692 33
2039 3334 50
2685 746 73
407 3236 36
2678 2262 71
1579 2317 98
886 235 79
1303 364 47
2497 2346 55
2216 2207 33
2687 1952 29
2384 1958 100
93 388 84
261 2713 25
1485 2776 54
2446 615 24
215 1788 34
491 674 75
250 3133 54
1494 433 63
3100 2526 2
464 334 43
2598 2639 32
3312 2879 85
1681 2565 39
1269 630 12
3084 176 48
2280 1941 79
2000 379 67
95 336 54
3263 3471 70
2610 1503 28
656 477 100
2253 996 6
2222 2370 55
1683 2924 97
3208 2333 35
395 1767 2
2619 3444 56
526 1030 18
198 274 28
1146 1528 18
1815 2880 30
2742 1938 88
242 2584 53
36 2762 7
2331 2170 87
2024 3191 52
731 1588 39
1311 2771 6
3150 977 100
152 1219 88
3469 3251 75
3367 259 4
853 1278 78
2285 3449 70
557 2965 85
2501 608 2
2402 1849 9
550 1802 10
2570 2705 62
1305 1736 47
3033 3203 91
1774 632 35
2904 1161 66
1623 3065 1
117 1710 2
2977 455 58
2682 2008 24
1787 1115 47
2365 456 79
266 587 45
1881 3003 92
995 570 66
2477 744 84
1345 2447 88
2686 485 72
964 2282 78
1247 292 53
2680 2933 60
1445 868 33
3357 335 40
216 1845 20
303 850 58
772 1780 16
2441 932 94
2539 521 44
2210 2300 51
2607 919 51
332 499 47
3197 342 35
749 1564 93
1672 589 83
550 3273 25
1687 1241 99
1063 1793 94
3003 2535 34
3146 2367 38
653 2948 48
1478 43 53
3340 2973 18
2759 21 4
3417 3202 70
3115 613 18
3166 2392 66
216 3310 12
1994 49 7
1353 224 53
294 2641 51
2797 772 70
2749 1902 76
749 2803 41
3353 1512 50
1036 2891 8
2062 2779 63
3105 2652 23
2076 98 63
2014 1264 73
155 833 43
1226 2702 9
193 363 99
2545 637 1
1923 1963 100
3442 2243 21
1469 236 5
1149 2377 65
2804 1675 44
548 1351 41
3487 1139 65
3440 641 52
294 2844 65
2268 3009 87
1821 489 99
104 1808 16
3028 708 34
1558 369 66
84 1102 77
1930 1310 19
2240 23 53
1417 903 68
1086 2769 68
373 2917 28
3156 896 66
311 2488 64
1598 2068 75
3150 1762 48
2253 861 41
234 1892 85
689 461 25
348 2952 26
2761 1459 85
2974 3382 65
2957 1931 89
811 757 38
829 2174 19
2382 3130 19
1677 2618 6
3137 3323 90
2852 3003 92
2978 351 90
2813 3232 54
831 2489 69
2538 1207 40
1835 181 35
18 3370 62
2630 2943 25
3262 1716 69
3146 3335 56
3253 520 44
2726 2354 95
607 2189 2
1955 2602 62
2331 189 97
2349 2745 22
376 964 41
1259 3199 12
2919 1850 81
2127 2267 49
1480 1255 58
1416 716 21
3174 203 37
765 755 40
272 81 49
2443 1069 77
1779 313 80
2937 1518 89
1020 1372 17
3280 765 71
2661 1875 19
1999 746 93
887 2658 35
1901 2372 12
562 2470 13
23 2373 84
1429 380 27
805 2526 28
2763 2645 17
3245 3367 63
2496 2996 33
3420 3239 42
3248 3128 65
748 2905 1
2093 2619 95
3230 67 80
2598 2211 99
3275 1278 2
933 1337 49
1147 2282 28
3177 2319 16
393 614 72
3183 2303 21
2928 1483 55
2828 2841 69
3267 1496 33
47 3406 1
1213 148 79
820 1278 37
3362 2717 27
2128 2675 59
3229 351 9
3107 2815 63
940 450 63
1409 3497 9
2848 1822 89
2082 1608 39
3127 1306 4
2431 2055 61
3181 825 88
394 1050 16
2512 676 86
1913 770 89
2942 1025 3
515 2210 87
199 1496 3
908 2623 61
1886 1180 53
1656 1441 98
927 2501 11
533 566 28
958 804 81
279 1204 9
1658 370 73
2840 459 29
221 2069 52
38 764 15
664 823 77
1896 1753 19
3079 713 53
1256 2716 6
3027 2246 68
1875 1975 97
1992 3053 20
2930 1090 84
3328 1640 37
2672 896 76
1978 625 57
2936 1213 68
1567 1762 19
1868 1004 31
1078 621 73
1849 2926 54
3480 696 28
2394 3314 70
2839 2721 29
106 2826 17
689 2979 59
1392 797 11
2485 733 16
711 2157 45
2814 634 90
1077 2184 27
1938 1571 19
2423 1836 81
1572 1817 23
2782 3082 20
838 2115 42
2120 1883 15
2903 2524 21
1476 212 38
3009 3070 91
3122 2194 5
1202 2736 31
2611 1793 34
376 1708 88
2936 2350 17
1228 2181 10
2415 2301 14
941 416 63
1593 1364 34
771 111 86
3239 3343 86
923 433 13
454 928 70
2245 621 41
2557 3062 3
1972 1656 78
2068 689 81
2706 148 16
2897 2890 1
1964 1317 31
2918 2599 43
151 2894 33
1667 449 38
2274 3231 88
663 2567 82
3063 2758 75
308 1266 82
191 968 56
2573 3289 14
1188 285 47
2239 1756 27
2314 2455 51
2716 2817 77
2860 2770 9
2858 3138 74
975 627 67
810 2691 35
1083 3499 21
2553 2385 51
995 292 35
422 1740 92
564 3415 28
3115 1883 21
2642 1329 99
925 1253 46
3470 978 42
184 2476 18
914 434 37
3409 893 76
935 3095 87
2971 610 46
1999 3416 84
1254 996 84
160 3396 15
3234 2853 52
1433 2479 90
1679 2876 89
717 983 37
3242 3129 85
834 262 41
2607 768 15
2934 927 42
2786 1652 93
1469 28 84
1882 842 2
1276 3238 42
2439 1438 55
1352 3150 52
2791 3133 46
1619 1657 79
3277 3288 93
3430 1993 9
2881 2624 91
2864 2030 85
1879 3133 56
64 115 36
1335 3119 25
3482 565 33
1946 497 17
1302 3180 79
3004 1076 65
1471 2626 51
838 2764 65
1251 2078 56
1865 2183 29
1504 2067 45
3474 3055 54
400 1088 68
153 201 64
2596 682 95
2848 3458 77
483 2433 45
2787 412 51
1017 2108 57
997 2629 32
1872 620 2
2564 2356 9
3396 60 33
1712 451 100
3383 3065 76
2875 1024 89
1683 3326 100
806 3054 72
2756 2403 80
1353 596 16
65 2066 45
891 708 69
1897 3195 58
1111 811 66
791 3280 41
1139 2281 54
1434 1103 1
2558 2695 18
1155 3140 14
2250 1695 24
1268 30 2
2300 953 8
1200 2324 3
2495 2882 95
1568 868 72
2135 547 12
1766 2861 98
343 991 45
2709 2312 65
2692 1475 34
2188 1422 43
1947 2025 11
3207 3095 11
1016 1969 78
3154 74 39
1840 764 76
999 2785 9
37 640 31
158 592 6
2650 529 29
3466 1157 95
2060 3280 32
2051 1699 96
526 2187 99
2359 2480 32
3212 346 20
3260 582 64
471 292 69
680 1149 99
923 288 9
2097 3005 72
1995 392 88
1311 331 9
316 2996 50
650 2715 47
2871 2350 95
2599 2109 60
1873 3297 84
2823 3418 77
1103 221 83
1413 2569 7
2349 738 21
3344 112 62
2120 2912 60
3251 2279 87
374 515 18
3116 2935 90
572 3393 67
3374 1739 42
1941 156 42
2449 2496 75
1082 3063 40
1483 1412 89
2425 946 58
3315 1455 12
3112 1861 20
1061 196 20
3479 1762 61
3157 3386 43
2138 1781 13
1993 137 51
3295 3152 48
2228 1579 20
1453 1484 7
2642 3056 60
1674 1857 23
2473 1215 7
1888 578 45
1413 441 87
566 1515 95
2443 741 99
2521 2561 73
2578 2214 66
461 3060 56
540 507 76
537 1061 90
2951 530 29
1688 2591 93
674 1039 50
933 702 28
1488 3333 73
1788 3407 19
2580 998 65
590 1872 91
2841 1910 52
3161 2061 59
39 2292 57
3442 2858 54
2699 3006 49
1784 1349 4
1017 627 24
174 2561 75
1138 394 93
2704 2895 22
2627 435 78
69 3193 21
456 1271 59
2420 740 3
3175 3254 35
1657 1668 70
3458 1810 6
1236 721 73
3116 1465 70
1958 2940 43
1871 324 77
1744 2305 60
2775 3395 69
3375 1047 20
2931 1202 57
1000 95 17
3320 1942 61
1317 3414 52
543 59 42
1071 2226 55
3148 436 44
2569 3080 99
3051 519 47
2091 385 52
2522 1671 99
463 300 72
3054 1930 39
1115 3136 51
3358 3486 86
3010 3455 31
1267 2730 35
669 1603 34
2746 283 4
717 3395 6
1954 3399 74
2525 2462 60
1693 3096 68
1180 2633 14
1469 1114 65
491 2481 92
511 142 28
2457 59 23
957 3151 35
443 882 74
3391 2023 84
168 1822 99
1352 1890 51
2421 130 74
1785 873 47
74 804 46
2208 32 67
1435 898 28
1483 1862 64
2228 2364 33
2472 923 38
1137 2979 26
2425 1862 28
2366 2027 31
3117 1073 51
3423 2753 54
2593 1684 4
2868 1293 59
292 1795 47
101 553 41
3162 2695 32
327 634 70
3077 1284 60
1332 351 21
2421 647 76
1734 2611 76
765 844 11
1836 791 93
2825 2789 35
2200 2117 10
3002 147 28
1768 447 46
2636 1839 14
920 479 66
3237 1079 83
942 2973 29
927 378 78
2400 591 96
1007 983 5
1177 2826 9
2896 1863 41
879 3486 92
778 1077 71
772 962 11
2316 90 23
2961 966 54
1956 2335 30
2695 3270 47
1135 371 50
1682 3080 42
2778 1652 83
2753 2459 30
776 2875 78
2379 2901 63
3143 1074 61
990 2194 68
125 455 33
1547 341 98
2171 2848 41
1102 63 13
3253 64 88
1882 428 12
3203 2432 32
990 2364 88
1802 3090 79
3054 993 95
2277 653 72
2296 3047 33
216 1430 40
3402 925 48
3339 270 64
1308 3405 77
355 2369 45
823 3015 51
2381 3020 56
2757 1149 42
1899 1563 20
353 2897 99
2249 349 58
3026 1065 12
2019 644 5
2765 957 40
2545 1160 68
2577 3122 76
2583 3284 63
2452 1721 94
524 1183 39
2294 545 64
3270 2665 8
1871 1668 73
2176 3332 76
769 592 13
2326 1058 27
2461 29 54
2812 2680 20
2589 759 24
2538 355 98
1646 830 13
3416 1913 24
218 3402 97
306 778 67
2126 2093 95
3132 2352 76
1291 3258 90
2297 129 91
1159 2807 78
1514 520 2
1727 1166 88
3127 106 60
2826 1356 81
2351 2048 58
635 3330 10
1616 1671 43
2915 644 27
2141 3118 88
962 1725 47
1241 1033 8
1021 141 94
744 139 34
378 1739 32
3348 2193 32
1574 1352 21
2842 693 95
1927 465 86
3126 1405 52
1111 1814 86
1295 2644 100
648 2220 74
1933 3226 8
1349 1627 53
2826 2007 11
988 72 82
327 1772 28
2255 1436 80
2396 899 95
372 1560 14
2608 1293 83
3389 2293 76
951 1495 29
3372 3440 38
2370 1354 85
2098 3041 90
805 2647 39
468 2452 4
404 2937 83
3330 963 42
1033 2415 16
2345 485 70
575 2636 34
373 996 81
252 903 24
133 708 76
1345 1748 94
1707 1170 35
2727 1313 48
38 2788 3
1097 2313 32
1822 551 1
1072 2499 38
1980 2120 18
156 1115 56
2167 2369 58
2928 1560 21
1289 2880 23
1857 2273 34
2376 21 6
2353 1162 76
1704 2467 77
289 736 19
1572 3004 62
1093 581 49
1184 1016 42
26 87 37
2527 2539 7
3172 2642 66
1421 2522 51
465 1760 70
2829 309 5
3304 2742 1
2761 1101 50
1773 2594 76
3033 3108 41
2999 2153 25
2354 3481 4
1867 3435 78
2998 463 11
2520 867 19
2467 2219 72
2048 3024 84
2354 1200 93
467 1297 52
154 632 61
1984 3148 35
2941 1456 76
2463 1641 94
1946 758 73
571 2945 61
3326 2319 34
785 1006 10
3312 1808 66
2138 482 59
1555 841 20
3275 2410 46
1141 2900 14
1690 2438 70
2046 930 88
2639 2503 1
2287 2838 39
1126 63 22
2358 2434 29
1838 828 77
433 2769 34
2381 3161 16
2880 2789 87
2131 2543 75
2609 2875 68
1576 163 96
1585 429 94
1568 305 57
1871 2539 73
824 16 30
889 157 61
1462 2652 60
1219 1344 46
407 373 77
1683 518 70
3074 1110 23
1629 1478 24
2998 1335 96
3266 447 70
1569 2244 27
2607 667 85
2547 3328 93
957 1107 87
2926 1490 53
1655 3365 28
721 2811 24
1083 493 97
2518 2377 55
3189 125 43
2107 2269 59
1960 3224 64
601 495 14
220 1002 65
1874 3164 100
988 2545 86
1478 3188 66
749 708 34
2364 3124 42
2879 1166 7
738 2658 66
504 169 55
2897 1083 96
193 2446 45
2568 510 1
2895 3442 30
797 2939 12
92 1504 15
585 3055 63
1676 3168 46
2674 2087 61
3195 1530 38
2706 3276 30
2676 316 83
3400 2857 18
2110 938 90
2074 1854 14
2450 3071 74
2007 1974 18
2465 2014 14
2775 1931 79
136 43 46
546 3346 10
138 2656 26
2098 3349 85
1302 998 66
282 1220 45
222 1471 40
2192 1236 83
3034 747 3
1793 2129 66
2702 3409 7
1179 717 62
1338 2945 35
1473 961 77
508 3255 87
1912 1483 39
3442 1965 55
1247 1924 19
3453 3499 2
339 2739 88
2102 1912 41
2534 732 77
2122 1076 75
3184 3139 37
238 1427 8
1986 3067 6
293 2269 55
2080 1031 97
3121 2966 76
3385 2763 44
2766 2459 27
1491 1282 21
846 1812 92
1747 901 59
1790 2162 4
1425 2891 68
2039 3137 69
3248 855 59
2136 2502 54
3181 1246 88
2707 1905 58
2032 1399 24
3341 2840 86
1890 2626 48
2955 3248 32
1673 2274 77
311 1465 11
2344 3283 70
1140 2593 17
1882 1131 47
3408 2935 90
938 1137 74
2634 1968 67
1207 853 36
2492 1935 31
1723 413 13
3328 1587 40
713 3365 1
2011 2647 77
639 2494 20
170 3455 67
3370 411 93
2932 1178 22
492 1337 32
2599 299 52
574 2385 3
2182 2142 24
1513 1841 93
3392 3414 48
3418 356 86
3024 932 48
1236 1483 77
2486 1416 54
1437 1751 72
141 1500 28
886 2834 80
459 1310 40
2035 182 1
2334 3315 14
822 1810 71
480 1117 44
303 509 62
2502 2178 23
3027 2537 49
757 1693 88
2930 647 11
1900 3228 38
2032 1462 81
1730 3114 11
294 2215 44
2434 2567 31
1901 1076 50
2481 116 72
1006 2244 69
3008 2801 38
1928 2915 73
1503 1320 52
2081 1823 54
1879 3445 7
2524 1117 27
2051 1812 69
3020 1640 35
1765 3212 44
855 1839 49
1882 1119 57
2891 448 77
3184 1324 79
42 2534 97
902 2149 66
3483 950 34
1975 421 68
1966 1549 10
3456 892 36
1540 1506 63
765 2272 28
2578 1519 35
1905 1813 49
2817 2368 28
347 80 16
1805 1610 35
314 1038 91
405 677 11
1359 1255 76
1853 877 91
199 3389 13
772 776 76
2890 434 1
2518 121 26
2472 1960 1
1859 58 14
1149 3376 98
2365 125 45
558 213 29
1123 1844 24
2668 2247 90
301 284 82
2152 865 69
2842 695 83
773 3313 35
2968 1856 96
2034 1273 51
285 2657 96
3147 2698 6
1107 2274 66
361 3285 67
3145 1761 64
2813 2471 31
256 3089 65
374 2317 34
3341 825 22
2417 1341 62
877 3339 1
768 3253 19
2296 520 29
2209 2990 97
241 674 52
2809 2762 32
699 2418 98
1405 2582 7
2068 2161 87
139 1466 47
684 529 16
825 2819 34
1138 1622 90
1430 2220 50
195 1759 85
1612 1063 66
1255 2896 76
1751 3170 99
1630 1731 24
1895 312 87
3288 1588 71
2249 2192 41
3366 3144 83
2359 1465 53
2578 3404 99
136 412 91
1516 1520 95
6 2548 62
457 2882 76
3442 2744 12
2687 2917 64
2472 2787 95
955 2306 92
924 1812 66
92 618 93
1352 803 43
361 2760 10
604 1129 73
16 3169 31
2737 1351 47
255 315 10
2934 1339 53
1804 1888 71
764 1054 61
2550 2610 40
2904 1825 43
1090 3306 79
26 3117 66
1217 994 72
2674 204 85
2434 3280 57
2921 2265 46
3313 3371 59
799 1026 83
2959 1050 52
452 3416 13
2824 1367 80
454 2994 14
988 1209 69
85 373 18
3185 1898 8
3415 1101 47
3308 543 53
3224 1418 76
2990 2300 42
2192 2092 53
169 769 66
201 2929 9
2901 2432 26
3167 2154 3
2809 1778 40
1831 1028 68
3444 2770 93
2164 2886 82
2944 57 66
2649 580 58
3020 2516 17
564 3137 15
3429 3027 13
1392 3 48
237 2200 21
1268 327 93
628 1312 78
2365 2014 77
2247 2457 78
2582 1237 30
2321 2439 27
65 2246 44
2720 1339 6
355 653 81
1448 28 89
1985 2352 18
1824 1947 79
1304 937 25
3307 181 81
789 405 68
3201 2888 14
2477 3463 97
1600 2987 45
2557 1047 100
2396 207 80
2505 1882 67
2088 2676 85
3089 15 31
92 3056 92
2850 981 92
3439 262 8
91 831 85
1935 2342 64
775 98 82
2477 3259 97
948 101 70
159 1773 49
694 1582 15
2111 939 17
823 2296 6
2885 3112 5
1609 225 64
2136 363 72
497 1079 62
3440 3039 71
593 3022 82
1561 147 28
55 3478 46
217 1851 19
3018 2238 86
102 41 47
985 1476 87
46 2064 91
1981 117 45
2345 1178 35
3361 555 13
814 2508 66
1096 2682 57
1521 2094 83
2379 2948 70
1181 1004 74
2555 1547 19
1885 1891 26
491 324 65
3151 3152 61
228 1599 94
1672 851 65
1138 855 30
1155 588 66
610 1150 61
2876 458 14
1695 3308 61
1903 1830 34
2972 2880 50
3090 1439 35
2289 2198 73
2553 1772 17
2514 1075 27
586 417 34
1314 1323 90
1180 79 83
2973 1277 84
845 3235 30
651 712 19
718 3248 16
2097 995 75
1948 2330 63
413 2838 43
2722 1044 53
759 1865 100
699 2022 41
3286 2046 65
3129 3157 24
2919 922 78
1241 2587 60
3254 334 63
1914 1912 72
1394 358 21
2939 1151 47
1642 710 56
3124 2351 57
2099 3191 13
1474 634 16
1102 3061 76
3362 1307 85
1498 3016 84
956 2080 99
2939 875 83
1947 1885 42
1856 1763 14
2060 469 20
2205 1601 48
2184 346 75
2088 2160 2
3334 3321 16
364 785 44
607 2752 77
1488 2302 31
1508 2627 79
2903 2032 93
2038 3127 70
2778 883 96
1554 615 41
970 2358 34
631 1049 87
1754 733 80
276 2861 14
1303 2519 37
3039 1903 56
748 2023 73
1201 2839 37
504 2556 59
1684 3127 26
1982 938 60
1410 388 17
2811 287 15
3114 3174 58
2785 1540 36
3450 2236 44
1792 1469 52
2192 653 47
1444 2625 95
1077 2516 82
2002 3196 8
2686 2051 10
2861 1045 70
323 1458 59
2294 2889 32
2498 2130 14
1341 1815 69
805 914 90
2114 1350 86
1030 1316 35
2172 2503 79
3212 2146 10
1188 604 16
3090 510 5
847 3182 37
3218 670 29
2010 1461 89
2757 1903 11
1475 1583 20
298 2775 11
3347 533 98
1723 3248 52
2747 2163 18
640 1659 89
2555 3466 67
769 3406 82
858 2179 6
310 423 6
1490 2217 9
2847 3107 46
3120 3380 68
1237 2797 95
2279 3492 82
2966 1341 20
2775 24 20
104 1118 92
3199 2006 22
2187 913 46
2332 651 6
2409 1674 65
2861 2025 44
2738 2041 89
3232 1104 94
725 1624 4
659 313 42
1651 2828 84
3060 1914 71
349 1175 10
929 116 70
801 3259 55
1062 2721 99
1210 491 45
2423 1263 63
2752 1334 91
491 1253 65
3104 823 94
597 2441 72
506 1566 68
1353 134 1
956 680 6
2648 1490 57
1024 2004 73
1366 2485 59
2074 1280 28
2053 3051 8
2047 1874 80
1955 308 9
2196 2406 93
2247 2834 75
1052 1265 82
347 1635 53
593 2282 12
342 1291 17
3016 3346 35
119 2395 88
970 441 67
727 1881 61
1706 377 57
331 3336 5
932 2796 6
2743 3095 84
3409 3304 46
1885 883 61
569 105 46
3477 3082 98
2621 846 45
1986 881 33
1280 2445 7
2878 2272 94
514 2746 60
564 774 83
874 405 74
2551 2038 2
2397 402 91
492 1404 19
2829 603 94
2456 3059 66
38 831 31
65 2888 71
2713 588 91
331 2439 46
1047 3070 87
3025 1763 5
868 1291 10
1143 3294 29
2928 939 95
293 3048 16
2977 260 38
1586 2767 5
3173 694 28
2070 2631 65
1782 373 100
2275 1906 1
2037 2461 72
180 3134 31
3284 2239 17
1402 2949 38
747 3250 30
3340 844 28
2571 3109 87
690 3285 79
2567 2697 85
309 179 12
1888 2286 77
1758 739 69
2363 1419 86
3226 1783 92
456 2087 47
2546 1552 92
998 2140 60
1497 2265 8
1259 81 39
1735 1657 63
2252 1846 22
1035 1149 4
2245 1339 25
2228 2633 51
290 1848 70
1376 1745 21
3373 1748 80
2234 1631 47
1214 2483 55
220 1720 47
3334 983 27
585 3139 31
2642 1056 21
1196 433 64
1740 1656 99
110 234 8
1190 1490 32
232 1087 36
2136 1691 87
1546 2858 87
1126 2046 22
2553 933 73
1107 3357 2
880 740 96
2075 2518 37
2650 1141 66
1155 1333 36
1623 3359 91
402 1824 66
1851 2710 49
3123 133 72
3333 898 69
853 3159 56
2146 977 64
3022 2444 52
2984 2276 98
2915 2779 39
2641 3352 21
2242 2753 60
213 3053 9
2416 3310 11
348 965 35
458 99 84
1693 1862 24
823 2625 65
653 3414 53
1027 1959 55
617 3180 23
3273 2985 56
355 1164 71
1158 1598 36
93 2931 67
1640 2022 14
2297 3398 28
1928 3135 11
1001 1668 20
251 2334 51
2573 2198 6
187 2353 62
3364 3332 78
1528 2860 83
3054 2093 10
1951 3436 60
1993 153 21
812 3453 95
2782 1261 54
724 2769 77
3121 2798 15
965 2254 23
838 1536 42
622 2272 52
2602 3204 86
3297 1455 97
2059 23 51
2940 1856 100
2887 2606 17
1031 981 33
743 1844 43
1900 3085 1
2441 63 88
416 768 16
654 1337 98
1817 1026 26
300 2003 40
1609 411 76
153 617 54
3310 588 30
3015 1830 46
619 3194 54
2614 2888 20
1143 3164 74
1056 2923 45
1799 3472 44
2827 2581 60
1488 1504 49
1884 1332 48
459 329 29
6 2173 24
2568 739 75
1170 91 24
2611 3378 18
1695 465 24
3185 1119 37
1191 323 78
3336 3229 37
2063 1064 61
795 1934 74
2906 2844 100
2034 1883 82
969 2425 90
1284 1096 59
846 1834 33
1708 2510 71
543 2735 4
973 814 48
3485 1163 69
3378 1385 54
3207 331 37
636 1328 44
1520 2953 89
1760 3363 68
2343 1298 78
961 925 76
1363 2545 59
2694 204 21
3335 3088 80
810 1490 33
2324 59 7
348 1223 18
2748 2934 17
493 638 24
2171 816 88
2658 1114 4
3196 2118 65
665 922 25
1599 1827 37
2586 2443 33
1449 2607 94
749 2345 80
1836 3490 77
856 2571 59
1707 900 63
2921 1373 1
455 2352 36
2207 1698 80
741 3210 53
1788 1569 90
2840 2911 55
3386 1790 89
3438 2826 17
1054 3016 69
1509 1792 76
945 127 79
3141 344 43
660 2165 8
795 2051 32
912 427 98
1972 952 9
3087 1469 89
839 2656 45
3102 1613 12
560 1758 36
453 3496 57
2605 189 83
2036 1046 19
2104 1256 31
2750 1847 90
2301 1172 86
1284 445 35
291 2150 18
1652 1215 73
2655 1667 76
1916 791 11
213 3374 85
573 1865 38
587 3254 18
1571 33 53
2538 496 78
2375 2664 47
2199 1852 48
1776 857 29
3201 3446 25
2669 1479 30
1777 2506 34
1559 3478 5
2675 286 32
758 1752 23
1704 3223 88
1292 75 41
2709 1687 67
1636 2565 36
627 2890 82
2974 2755 48
204 1364 88
950 432 65
1343 2446 39
3234 1056 55
167 548 69
2360 1992 53
1758 1127 14
2306 775 75
1586 3338 27
549 672 2
2523 3041 44
105 933 4
418 202 72
3486 2264 64
187 2589 84
2004 386 29
2832 2350 95
2812 2182 59
2521 3227 88
2968 2317 31
1421 553 60
2354 2492 71
940 336 55
267 3167 65
2990 1565 83
1473 1882 59
611 3318 95
879 1328 2
3075 1307 14
3356 2650 31
238 708 48
1755 812 7
10 114 63
3398 3362 55
1595 732 80
1063 3134 64
183 2985 65
1108 3352 66
3239 1754 54
1766 1870 82
3245 1761 54
1443 1101 15
3355 2920 63
3176 3257 28
2315 1434 82
3425 447 97
2880 1485 28
1889 2645 26
2799 2511 47
1583 1208 73
1400 3177 64
146 3046 64
1480 3256 58
3401 705 25
120 1896 70
1274 3117 76
2511 101 25
252 1622 6
1200 2049 80
2883 429 48
298 2992 61
1492 2790 65
1964 1893 89
1468 2984 85
1395 3294 10
673 2222 72
1799 1861 14
2388 740 70
3341 2383 82
39 701 86
3095 972 89
383 1986 43
3028 3485 50
2450 919 15
441 1687 72
2530 1357 99
1377 2740 20
427 2194 54
651 2306 44
2564 1334 1
3444 26 8
2112 976 8
2130 701 50
1736 245 31
3086 3151 78
2256 530 82
2225 2789 61
1585 1684 37
3049 796 17
325 442 92
1129 2721 92
1204 2169 92
1018 514 16
1724 2260 44
2707 3404 77
1481 112 37
3437 1147 85
746 1903 87
2235 2129 37
1782 2683 48
1461 1904 24
2984 2157 24
704 1983 8
1609 2604 80
1227 2444 3
2361 3288 94
1638 2917 70
26 2567 78
707 1529 93
2835 763 4
247 2650 40
92 829 74
1286 2928 29
309 1899 52
605 2688 15
2460 398 24
481 648 55
516 2052 93
710 2159 1
3427 1967 94
3451 2335 52
3192 3208 88
2574 2329 31
2900 1786 38
840 1180 69
607 3316 22
871 713 24
1344 2933 99
2066 3201 45
3004 1923 42
3257 553 39
846 447 99
184 138 1
385 852 12
353 372 10
3339 3225 91
323 2702 27
1015 846 40
1773 973 3
367 2149 92
1832 1567 69
2700 56 94
1191 3340 69
2502 3167 29
2790 2664 92
2431 2038 19
804 857 31
2861 2838 98
1547 1493 18
1670 1505 92
2520 604 76
814 1105 16
19 2962 58
2451 2955 98
2667 490 61
1599 1349 59
1658 3455 70
1356 2419 13
1424 611 50
356 3082 33
3041 1010 96
192 521 40
2976 820 19
1166 498 32
446 309 93
1033 353 93
3370 1866 57
720 3222 53
189 2429 73
3072 2895 75
2368 3234 5
52 2682 12
990 1778 32
288 2969 57
2745 92 56
150 2631 12
2477 3398 68
1143 3063 24
2006 983 43
2970 2647 98
878 2476 86
3058 3452 28
1336 712 5
5 1080 44
498 1451 82
1066 1892 13
1978 1357 67
2844 1338 7
1855 2827 66
3432 2154 30
1251 3015 56
2679 322 7
2867 624 52
2934 3318 56
1318 1696 26
1394 679 5
2105 1449 31
70 24 36
1739 44 50
3261 2676 19
3037 921 87
1866 2496 3
1528 809 77
595 766 5
45 334 97
2156 2363 97
194 2500 38
359 2018 20
318 1057 55
3133 3457 87
3043 1345 24
322 1451 77
527 192 53
1982 366 80
3426 1239 61
3072 1162 81
1568 1804 85
1715 2425 8
1707 3492 84
491 2218 43
1454 2385 72
2859 2667 57
894 553 93
214 2732 26
2248 3415 9
645 200 4
2822 1834 70
1139 1907 15
1989 912 67
1510 503 87
810 851 90
2672 1954 78
2617 580 50
1139 1217 89
2941 598 48
2548 580 50
2327 2781 32
3411 474 49
3089 794 83
1467 711 76
2677 445 72
1522 2645 14
1811 2438 72
2404 2374 74
2903 539 61
2542 1224 24
2559 736 100
1572 3425 65
2521 1493 44
1229 2392 48
1384 3163 43
2763 675 3
2696 1531 59
1360 1605 100
732 1173 57
3457 953 13
114 807 3
2293 1337 84
1671 1577 38
3340 704 74
2062 413 59
1477 1352 21
1095 801 49
2873 1332 27
3025 2910 31
99 819 82
2898 1536 27
2688 3484 69
1521 86 67
3172 1420 25
697 1434 81
162 3077 18
637 3155 31
1802 3176 62
345 2164 5
144 1730 3
2689 426 8
2076 2039 34
3340 2197 96
594 2729 63
570 2695 78
3015 168 61
3043 419 32
2391 841 84
727 72 65
2730 942 80
2192 1294 37
606 2754 5
2053 3124 94
2093 3273 28
82 2072 44
619 148 99
2547 3287 59
254 2984 14
37 1870 92
741 211 94
3408 1232 96
3017 1177 50
3391 219 53
2551 194 95
2232 998 85
786 1932 18
337 2669 84
3487 2372 46
2431 3277 12
2442 2322 98
2783 2181 68
3477 1808 72
994 959 35
3070 2542 31
2038 2495 35
239 3151 29
770 476 54
2118 669 79
312 167 23
214 260 80
894 727 49
279 3282 46
2310 2615 70
1797 587 62
1369 134 62
561 1885 50
1884 2052 37
686 739 38
2967 902 89
267 512 64
2428 721 12
1541 2295 19
3161 1376 99
3444 3338 2
3166 1465 47
362 2895 41
237 1455 84
86 320 96
1336 1456 35
1655 482 22
2323 2601 90
2953 2368 61
320 116 78
3294 2703 54
1059 3090 91
1417 3215 73
98 2519 33
2472 1471 79
2444 123 70
138 3444 30
2105 2008 100
413 2060 6
2885 3015 41
2939 2298 75
1901 2955 76
908 1393 100
734 2146 37
992 244 65
1869 2889 55
717 1775 93
3487 627 43
1388 1230 19
1537 2526 36
2989 2175 84
750 2791 28
2595 2891 26
2835 662 19
2807 1396 10
904 1012 62
2837 1178 88
3352 1546 82
2159 2983 61
767 335 64
2982 2441 63
2076 1950 56
2128 3057 38
677 1517 7
2442 959 36
2660 522 89
535 39 63
2588 2811 56
2514 1469 26
2979 844 43
3375 149 79
594 3398 70
398 508 64
1121 2830 21
2603 2479 18
146 1765 1
84 1982 47
1264 2029 20
1764 1548 63
799 1596 78
1291 1239 22
1310 1725 18
627 2437 80
8 1042 67
196 2755 22
2317 1822 76
1118 3324 69
521 1073 51
2797 2437 16
2674 3218 54
2806 568 29
2958 1379 18
23 1640 16
2511 2852 71
105 840 1
2805 1541 4
1045 2071 14
182 1908 48
762 1440 14
2981 1446 17
3401 1325 3
3339 2233 66
2506 1341 69
3378 3094 61
1699 3054 21
1371 1771 48
1920 150 32
3123 2398 62
395 1349 42
1842 1641 77
1322 366 89
2077 0 52
2017 2111 4
1110 793 20
1472 2951 87
3241 1508 26
214 3222 61
947 1576 93
2684 3043 53
1488 972 98
1189 1118 50
3480 862 43
656 2680 44
1337 1937 52
2468 2266 12
1680 3216 48
571 3150 31
1928 1568 50
2004 3047 36
681 1190 82
2692 522 26
892 2222 20
3211 1815 39
3125 959 76
1916 2471 95
590 1994 50
2854 198 21
3421 137 20
2145 1687 93
1041 2680 90
69 3291 34
1425 3314 2
1968 1631 74
2210 3329 32
76 570 15
3352 419 60
1703 2999 3
1376 2544 35
1787 2458 84
1906 1931 48
1379 2995 47
3063 3016 18
2788 31 2
2938 2275 11
642 2468 33
546 2295 53
3212 230 18
1699 2860 22
1173 3387 51
1740 544 74
1447 2763 14
1718 1256 25
3363 680 99
630 1003 96
466 3387 75
196 633 38
947 180 49
52 1796 4
2875 138 91
267 2723 44
1396 158 40
1247 889 68
2162 2172 82
2385 1371 2
272 3084 52
311 1078 34
56 1531 5
2692 3259 37
187 1449 76
362 751 13
2790 1304 14
2728 3330 15
2204 2268 20
553 2170 36
3112 2838 47
2105 1028 35
3360 862 72
1292 181 49
1680 1894 100
1830 1367 40
1918 2343 15
2191 1596 34
1282 412 62
1332 2307 71
1040 3071 61
540 329 83
2648 837 78
3463 2177 4
2036 2646 100
305 3256 14
1647 540 99
1291 726 23
2761 152 62
3231 945 70
718 1722 34
125 582 61
3175 1469 81
1350 2398 53
1486 2266 46
540 2669 41
650 2253 45
636 3027 46
3340 1281 40
2996 536 34
2632 1245 4
1510 7 18
1219 1061 78
2669 381 61
861 584 92
1448 2129 99
3229 177 74
1586 911 18
557 1911 12
2763 2093 36
2756 2015 69
1072 879 57
317 941 59
3150 2659 95
261 1172 23
1043 1036 63
487 3128 3
1546 99 29
281 1609 89
1937 2254 23
2776 3316 6
3396 3136 9
3055 2300 93
3485 165 85
96 2153 56
1014 137 2
2727 876 10
1303 1492 62
729 75 96
2603 2966 11
1253 2273 80
1737 1145 67
2640 2800 49
2266 1450 72
306 669 68
473 502 7
583 1368 13
3475 1948 21
2701 140 8
2321 336 37
1072 1504 34
2771 978 29
2009 2889 14
2676 1610 54
2275 961 62
890 2191 13
644 2723 86
2823 1730 1
2477 1203 21
1125 2222 48
1828 949 82
2846 878 74
359 601 100
1922 92 40
2122 382 44
3468 2090 98
1409 2916 34
1452 2817 62
2233 723 38
2146 1923 24
2607 2042 64
246 3442 100
1536 1656 4
1598 969 75
3344 2201 90
2002 484 98
2609 2735 86
1286 1896 49
2227 2913 72
1782 1872 1
1477 2726 58
962 3019 26
304 880 89
3192 1501 46
1350 2911 45
2059 2443 51
3414 1932 98
1960 814 6
3403 2099 36
1931 1036 87
2898 3410 45
347 2022 12
457 2347 79
291 1518 52
351 2646 91
1129 1191 23
1948 417 77
2585 3040 30
135 2266 55
392 721 95
510 1784 59
2225 2107 46
2720 2606 2
1676 490 42
1777 2529 63
437 1983 90
1318 2414 7
3488 1461 77
2877 1890 65
2691 620 7
227 1747 61
3376 1145 95
3284 1202 78
54 301 47
127 983 92
2363 1340 2
3059 3360 4
1357 1329 93
1168 812 89
2015 1617 55
2023 2763 23
3138 1534 91
566 3057 3
2005 3171 41
1449 2544 28
1874 431 50
2797 2986 81
3195 1659 70
27 3229 36
1003 2132 76
1385 773 98
992 1293 83
2026 586 86
577 2349 48
942 3320 10
8 1572 2
1277 2973 25
19 2660 62
3085 2121 80
3229 3305 42
939 3368 85
909 1213 81
386 1752 51
3446 3227 91
450 1505 87
2766 1305 73
2609 1985 79
1443 1151 28
942 1689 99
1809 1655 98
3017 312 62
1496 1804 14
509 3138 59
963 562 89
1176 833 52
485 1203 98
690 2485 16
874 715 14
3102 2016 78
224 1988 51
1458 3066 68
469 2890 67
36 2760 44
884 2724 99
438 2672 92
2567 3470 38
13 2264 78
2107 1432 91
3361 2952 90
616 3092 72
386 2117 68
2661 2314 87
3353 2811 58
3257 2028 19
2809 2540 80
2951 2633 9
2845 2776 97
2801 2888 53
2362 2044 72
241 3332 93
1941 324 58
2074 3400 86
2810 3265 41
64 2199 11
362 599 12
1904 1615 59
838 2914 45
183 2760 42
98 1215 87
1977 3146 2
394 98 21
2669 2430 58
1293 547 89
990 370 31
3163 467 83
2743 3264 32
466 2881 59
496 3247 80
2765 3464 20
1108 1952 21
414 3073 76
3202 2325 89
1122 3091 40
1776 1367 99
1675 3499 82
2367 1361 82
2219 237 21
2152 2449 47
1544 3498 37
1484 2987 27
1298 1702 40
3255 2437 81
2339 583 88
2763 2175 92
1438 600 43
203 1288 2
1841 2460 97
3288 65 16
2973 238 80
2561 3408 98
1775 3241 80
1638 1190 18
2745 659 42
354 1746 20
2768 1346 33
2159 2194 49
1200 826 29
3220 1366 33
3060 554 6
1950 145 26
3243 1613 81
1187 1406 40
3397 2537 24
1553 1086 43
1839 3000 76
1794 1430 33
1304 1820 41
1128 3464 83
1107 2540 39
1533 1340 78
2417 882 78
1573 718 38
2411 3460 90
828 2791 75
766 2024 43
3021 645 79
2302 2174 29
3203 3117 38
3290 1174 90
846 1929 44
1805 1310 41
36 1981 84
44 579 40
2923 1036 95
110 2873 63
3375 2530 33
208 455 22
3335 2776 43
1068 374 27
217 3101 43
3362 518 91
533 1299 73
2030 1246 95
2650 2909 76
1965 1020 59
2576 2765 88
1053 1844 53
176 360 39
2840 2559 46
104 490 6
2884 1991 91
43 2844 71
2557 84 84
2450 3281 90
274 1066 80
1163 1642 96
2300 2800 30
2433 2953 26
1499 424 89
3270 307 61
3026 494 69
1762 3193 33
152 2011 87
3145 3386 57
3139 1634 100
2233 548 11
1077 2251 31
780 902 54
3454 528 50
3040 3033 2
1788 2493 39
1832 810 16
457 251 9
1576 928 66
2826 2428 39
1523 1918 86
2171 3293 17
2460 2306 2
1005 1727 27
392 720 65
420 3119 32
306 639 48
935 1690 73
3006 1518 39
687 715 100
3225 2174 52
1162 2301 72
3107 2547 78
2168 2229 68
1323 3461 25
3221 2154 52
940 284 74
3496 2868 61
2860 1420 79
2094 647 81
1476 2304 95
2309 2669 72
1100 3073 59
1517 1432 41
1137 2877 98
3203 3190 39
1085 2939 90
2446 683 76
3229 215 95
2178 2010 34
1288 115 88
2578 1913 66
644 728 29
1957 3246 41
135 1643 29
2142 162 58
900 472 91
2584 497 89
797 283 55
1270 2993 51
2139 1576 22
3430 2118 53
73 455 41
15 431 44
3381 1275 61
2307 3188 6
914 780 83
966 684 25
2360 2740 44
634 3077 89
2960 1416 86
511 1734 75
2505 1949 43
506 1858 85
2363 3236 7
2745 91 77
1594 2244 43
2784 2970 59
1926 2229 4
1650 323 48
2712 2830 98
2261 3356 87
958 3378 79
2704 1775 42
2501 46 7
2719 1336 57
1776 487 22
1055 1180 93
2628 1982 96
1228 2174 89
1088 1585 57
3140 521 30
363 1291 78
1357 367 82
941 2907 72
1569 1070 27
1542 2612 84
1648 3010 59
3499 1775 99
1428 2428 81
2488 135 40
704 1114 29
864 2112 81
3353 2030 48
2754 1686 83
1462 790 58
1666 1223 53
1696 2338 97
906 2307 89
2747 1077 27
2307 2778 20
2141 3257 85
785 871 91
2190 1902 16
2159 1756 95
942 1720 15
2631 1849 59
816 1316 68
4 580 68
1541 1095 59
3203 1246 60
1383 3454 67
1491 430 2
348 927 86
1925 945 20
666 2528 13
2968 713 8
3193 3480 49
1385 1691 55
1180 390 84
468 3082 19
28 2808 29
2873 2934 88
3118 733 69
1538 1798 46
2792 1861 75
394 508 11
2356 2043 82
2351 1280 58
2860 3270 24
1203 1039 16
2298 434 27
1631 3006 94
328 123 35
1159 2553 86
289 904 6
1245 2069 75
2036 341 66
2833 2699 33
1087 1810 78
2396 354 46
2273 1263 99
2889 340 68
3210 2175 4
2470 3410 59
667 436 64
3299 81 46
1436 2889 92
3304 1252 43
1652 3020 78
2686 2879 3
717 821 58
3112 940 23
998 2718 16
43 578 51
633 2303 22
2309 2362 59
2741 2932 58
467 1029 74
2934 1316 40
1218 1271 14
2031 2151 96
214 723 10
3496 3032 53
3117 1834 31
418 1066 77
3208 571 37
1358 2300 94
1142 2858 23
149 2789 47
564 721 20
1838 895 1
2949 1219 65
2009 2346 24
2185 1847 60
993 1760 39
1183 3108 85
287 1535 76
984 2742 22
111 2035 81
2183 3053 83
832 1351 73
96 1813 52
866 2067 89
1850 1319 68
1089 96 4
2480 2610 68
1315 1260 66
1697 802 77
1686 2213 96
904 1767 19
2299 1509 91
22 3082 30
215 1162 51
1716 2635 19
1324 2839 56
699 2758 69
2984 2096 82
1187 2727 32
3313 184 24
743 2196 65
3434 742 75
1956 562 72
2848 123 89
328 727 75
1930 2049 58
2342 3153 81
2229 602 38
1411 1899 61
307 3069 70
575 288 85
2276 220 70
1885 19 100
137 2404 93
598 8 55
2206 513 50
1070 1918 27
1515 1772 21
513 267 16
2619 3288 98
2022 2453 84
2508 1082 7
703 1552 38
268 153 46
569 1335 39
2748 2198 60
1965 2059 21
395 3422 99
1546 3117 79
1080 2635 94
2619 2373 74
2299 1879 83
598 2013 98
3495 3267 11
988 523 61
2645 1125 41
1355 2949 37
70 1252 84
1641 889 20
1457 3020 90
3153 1322 98
275 2316 56
1775 1208 54
3097 996 38
431 3188 65
3402 1567 77
1509 3084 68
933 1430 100
2121 638 19
2502 39 80
920 279 52
406 205 62
2439 1618 98
2406 2887 53
3405 609 24
3430 2857 93
1501 3363 65
2917 3005 86
3133 2040 27
2406 3360 34
1226 1706 79
3338 1301 68
1767 997 53
1822 3235 85
2553 1248 62
2581 3081 17
349 1167 65
1213 1138 22
1621 3226 18
855 3276 51
3147 820 7
2868 2265 95
1920 410 82
2183 1209 12
2949 1374 26
3264 2502 32
541 162 87
2699 552 94
574 1926 15
3068 939 38
1673 2773 39
2867 241 3
1510 555 40
3333 3096 77
1056 508 25
3272 2157 76
2272 3167 40
879 1280 90
3114 1231 72
3138 988 27
470 560 38
248 3077 59
1559 1376 58
2641 1267 75
752 1911 78
1050 3358 15
1863 333 34
2104 1152 58
917 2215 13
2826 3234 46
300 2066 75
3339 694 53
1001 419 8
1363 1892 42
2107 437 43
2598 1600 71
1973 622 38
2805 1679 45
622 2986 94
3260 3480 51
2490 2128 4
1764 2251 96
611 1119 76
2914 1974 13
1201 3144 90
2865 3405 31
2154 2391 6
2904 863 92
3080 1561 26
1534 1193 99
729 458 43
2924 2249 14
24 416 1
1538 393 59
2923 624 30
1460 654 8
850 2518 92
495 1184 34
93 91 1
2251 3483 70
3478 1800 93
901 2061 68
3454 2326 5
2645 3352 75
2507 1411 85
342 2648 71
3193 1253 89
857 1617 21
2855 3133 38
2936 1119 82
2691 2497 67
3189 33 3
42 3268 77
1191 1237 3
3019 2281 4
2405 760 42
3027 76 89
3016 2037 16
2639 2899 21
2871 1086 39
285 2803 76
2492 682 3
936 3443 56
2614 1570 95
3042 2657 12
280 2654 100
2263 2698 79
2500 3431 14
2244 697 35
1193 2391 19
354 1743 82
324 1909 15
1510 3398 42
1175 3146 5
1284 2587 72
1986 2683 72
26 2894 19
126 1713 49
2877 411 15
3220 306 62
698 764 78
1455 1358 19
3325 1555 89
1244 3386 35
2604 106 5
877 183 73
3158 3194 83
918 3031 76
2875 3211 52
965 1696 6
1798 2560 31
1935 2775 10
1753 3311 55
1873 1597 3
765 2321 57
2823 2939 7
3467 1066 22
2937 3365 98
1785 584 72
883 2119 43
1149 1872 16
2423 1841 69
1026 1638 32
661 632 90
721 1120 73
676 2772 61
1787 811 21
1418 1354 47
718 1196 61
2348 3337 97
1478 2916 21
655 1017 93
1811 3124 83
150 1885 4
2862 654 58
1757 1567 77
1574 1855 99
729 1308 11
1487 2388 98
1898 1368 3
3441 442 31
579 3267 89
1647 1995 37
1468 1974 61
908 2057 36
2616 1094 7
2613 1490 78
1259 2150 75
133 3254 86
2789 3484 8
3229 3447 36
1740 3087 64
1701 360 56
1259 3022 31
1659 2534 47
2885 345 38
349 2047 92
3197 3063 88
2880 251 11
360 2475 6
1257 66 27
845 2363 89
1578 1520 100
1596 2691 54
2237 866 22
109 399 60
2659 2486 93
3210 1266 27
2174 733 96
2978 1530 92
2741 1309 51
1445 3031 14
2002 2633 68
2406 1746 47
419 975 62
1669 1595 54
3211 123 54
1308 3217 18
2192 937 80
195 1265 67
1398 1656 3
2091 425 44
2275 84 50
2672 559 99
2570 3412 52
854 1134 38
1697 957 16
930 2062 53
412 1627 66
892 2854 38
2170 1133 50
2586 1630 54
1208 1761 25
971 2462 75
3218 1983 98
982 1045 20
1942 2197 20
964 2486 72
2693 1454 39
1817 262 99
1814 2158 29
239 3212 74
2788 559 24
397 3480 80
2162 373 44
829 555 73
1201 3180 28
1696 809 79
3301 237 88
2578 2168 37
2946 490 86
1378 113 25
1175 724 87
3357 2955 1
875 2331 35
3315 1222 85
1939 1775 29
1115 78 53
1741 1513 48
455 1111 85
2032 3164 30
579 2642 96
826 3298 43
3259 1414 76
3120 2229 12
3132 3044 58
247 2734 22
2036 3407 29
2978 1127 5
1533 3262 70
1286 1602 73
3133 2028 63
376 2230 25
1597 1749 86
1239 2076 53
2661 518 11
1675 501 63
3396 3087 54
1020 2198 23
175 746 40
264 3273 94
350 979 65
1587 2977 8
2601 1731 66
984 3381 52
150 2075 12
1846 457 73
1509 286 69
547 160 43
938 2446 18
1309 1914 81
2280 82 2
12 2334 4
2289 171 14
1979 2154 3
3077 499 4
802 1102 28
1065 2768 92
3482 1358 58
55 1452 34
824 3314 60
153 2302 36
3325 1405 74
2535 2605 3
1414 164 10
1775 1756 8
1895 2033 97
2467 1032 87
3182 3454 21
1926 767 86
1758 2039 29
2790 860 99
791 162 75
3188 517 24
2126 1583 18
2599 1821 12
2612 2085 88
651 2882 62
419 2888 2
526 1807 16
297 558 45
1053 571 50
120 217 79
2495 1966 40
835 2133 91
2234 3363 67
2788 599 19
3331 881 46
3175 2590 56
2708 2737 77
1071 2375 19
2982 3476 39
2427 2830 42
67 728 50
1989 667 65
2335 2749 66
1643 1924 94
2699 1093 100
2045 131 38
1753 1853 37
1395 3211 8
160 300 69
1757 2529 69
1679 2086 67
2536 606 91
2441 1506 25
1416 1801 72
709 3125 35
1710 1190 43
3156 206 37
1853 1517 60
2205 332 21
3330 2390 44
1417 2837 15
1244 2284 70
1082 2529 80
670 3230 66
3375 2109 60
549 2270 97
1366 2323 53
2685 1773 24
2811 3099 42
3363 1192 92
3446 959 10
2319 2067 29
1975 1679 31
3170 298 97
1734 3320 98
2063 2672 17
632 1651 54
2871 1217 72
855 3311 53
521 1073 81
1458 3181 49
3021 864 66
565 2822 43
2239 432 6
532 3326 77
642 1817 64
1310 2146 68
2142 912 17
2610 1350 40
2186 1763 38
1032 3358 84
3115 33 41
1997 3181 16
279 49 99
1570 2301 63
137 1181 77
1623 242 76
841 1657 65
3269 1869 78
1544 2969 65
3122 1308 23
35 1139 14
1822 692 60
1141 449 16
1837 1259 13
1041 2699 74
949 1737 33
3463 877 96
2294 2082 22
1710 256 7
815 2857 93
2412 2832 42
1499 2469 10
3200 1936 88
2160 1066 41
844 2563 94
224 2223 68
3418 1757 97
1642 2603 35
2415 768 19
1458 2346 75
3317 3051 90
30 1080 16
382 809 6
874 2944 11
169 543 36
1378 492 20
2286 602 16
1851 2022 75
2652 1279 17
1339 812 12
153 2681 5
786 2016 52
3481 1843 75
3273 2587 56
923 2385 31
556 1918 82
970 1741 98
3037 3489 9
2353 2419 29
2922 2977 45
2095 3247 23
465 2330 49
2296 1339 23
1816 1711 29
1693 2663 50
1347 1085 6
1270 3289 24
3441 1348 87
2577 1509 38
3271 1725 36
1154 2283 79
745 2176 63
2927 1050 39
1278 3065 98
2804 603 88
964 2879 41
1021 864 9
161 2527 34
817 2275 18
293 953 66
300 1220 65
1695 2507 57
1444 3462 38
2921 2127 84
3122 2894 40
133 1892 90
518 685 61
2734 2759 1
660 2983 26
855 1229 81
1775 535 24
512 1617 83
2162 2333 90
411 638 60
2706 851 95
1391 1068 36
701 3141 88
148 3147 60
2811 1022 10
1760 2540 26
2801 674 96
22 1233 81
492 1847 45
1693 330 94
711 2202 89
1546 82 9
403 2637 95
906 1176 88
146 2582 65
2964 2459 48
750 2201 22
2303 2640 89
348 3165 83
140 3473 45
2962 1779 26
3189 3498 69
884 53 37
295 2053 74
2335 451 53
1533 1375 71
1874 763 76
3022 122 71
3233 801 51
2386 1361 90
3044 1710 54
831 2155 62
234 517 45
3079 1776 70
2754 1694 80
1301 1463 99
2383 2895 2
3168 263 69
889 2056 77
2314 304 46
1114 2729 96
1802 1268 77
1881 382 27
1084 1833 32
229 642 10
3370 1154 67
1245 732 8
407 1464 84
1800 530 89
3040 1476 57
1845 784 14
1245 2880 43
3160 2289 87
1347 2085 56
2176 3318 48
1857 491 39
2883 3211 27
282 3176 5
2543 1332 72
538 1143 37
2639 553 22
235 17 3
2779 1128 27
2859 1633 59
2155 1506 56
2915 30 2
3024 2522 59
3476 1178 52
2214 1568 43
1788 2311 97
374 1219 9
2612 1579 33
659 2240 12
1141 3022 21
11 2223 90
219 2137 61
353 2912 99
366 1275 64
2279 60 49
593 1120 75
2422 1157 34
205 1147 77
389 2792 45
2206 3115 4
879 3467 50
1348 933 55
2012 1425 58
1606 619 18
2216 2953 54
2805 2491 82
1239 1169 98
613 2176 8
3202 475 92
146 2612 60
1872 2341 25
1828 3459 45
3394 2053 87
1366 1177 12
1563 266 80
2176 557 67
1801 2704 44
1870 629 83
2065 1603 94
1088 1096 79
3424 2005 62
519 3302 19
2322 280 6
1298 667 47
1252 2613 86
2748 594 56
2304 1071 82
3493 2721 33
857 924 55
413 1053 64
2144 2259 20
1316 1490 58
1120 1596 48
326 3168 72
77 2461 52
1405 2719 90
2156 1127 30
616 1814 73
478 773 5
874 1268 91
1547 2452 84
866 2198 75
2861 471 54
3375 2600 69
2819 1333 51
2361 1470 90
2157 305 23
667 1882 29
2667 2996 47
2427 2763 98
593 343 14
697 1335 58
103 1492 76
847 2843 89
2573 116 50
3421 1396 79
126 243 5
2268 1540 82
1600 1334 78
1139 1862 5
1960 1152 83
75 2045 52
830 2258 87
1310 1904 27
437 3035 64
322 3150 29
450 2133 49
2339 3280 78
1386 3409 18
1005 2063 22
2132 897 43
2644 3300 57
421 803 75
671 2681 73
3365 2193 91
1274 3272 24
2609 670 7
1178 104 43
3412 2463 77
1005 696 97
1136 3197 6
3158 641 66
2376 1490 36
1726 2491 83
474 1878 91
1425 2570 28
1021 2668 97
3465 880 17
1382 866 36
1595 197 61
27 2655 75
2370 56 23
2070 2901 97
1639 564 63
890 915 38
2617 2676 83
3172 691 97
1031 1859 66
2267 1698 65
2461 3296 35
2943 3413 100
271 2306 68
384 2472 35
2694 821 2
1723 187 46
2054 318 24
1533 3310 32
195 465 9
2573 1197 63
1152 2540 46
2564 3443 68
2109 1936 77
2952 2328 22
2555 1030 96
881 1070 77
881 2187 46
42 820 5
3338 1743 71
141 818 45
2247 353 70
687 1674 64
1519 302 20
180 1177 86
2989 2284 84
222 1523 37
224 2938 30
2758 3201 45
813 1008 82
2807 114 81
3047 2687 95
1064 2545 71
3211 2010 53
2472 650 100
371 2946 11
1969 1159 45
2349 3134 4
2529 252 48
809 77 46
3174 292 60
3174 426 63
834 1672 59
2318 1541 77
1055 2491 85
2340 1102 75
3252 1090 57
2082 2581 83
1127 423 12
2307 725 100
1430 163 61
3420 776 78
844 2991 26
3006 1632 40
218 766 26
2803 1500 89
628 1979 68
1764 3427 2
2332 718 12
282 411 47
2871 3261 81
3400 833 25
2092 2195 71
2391 2761 50
2677 3276 66
672 2619 16
657 478 69
2883 1989 82
3090 207 19
1762 2149 23
1593 1012 32
21 1788 50
347 1461 41
1728 454 44
2729 1342 90
1481 111 60
2787 434 71
3448 1282 65
577 2725 95
30 2388 94
1344 1547 51
1890 1125 74
1381 1664 3
46 1441 90
3286 222 35
2410 81 74
1903 1143 76
1627 106 94
1712 1249 61
3485 3380 69
2473 1417 13
2582 2730 62
2057 2299 61
445 2846 5
1561 2364 85
3212 2657 12
396 226 87
3254 2875 92
413 1063 17
337 1715 78
683 2449 46
1442 2222 57
79 992 49
2289 1756 12
84 181 51
1864 196 58
2905 719 100
2683 1261 50
1879 2765 70
1925 2096 99
891 3378 59
964 2093 62
1652 1396 42
2996 113 92
1742 2787 66
3211 1330 14
2731 1448 89
3227 2159 29
2128 1027 11
876 2369 6
3479 3058 41
1688 2528 66
595 333 28
68 1617 93
40 219 55
1443 118 62
1487 893 91
1057 1431 70
3451 784 55
2410 2707 27
1352 2060 94
3170 3287 70
2515 2717 5
2874 1645 62
1320 2533 4
1278 3335 54
898 1490 13
949 1041 92
3282 1281 6
906 506 12
3129 1520 45
3494 805 52
2096 3144 77
305 985 58
2331 721 49
3187 2882 15
3244 2676 81
3382 3023 5
2256 2759 90
2265 3426 59
2848 1226 28
1910 1715 90
3014 355 61
848 804 61
2325 468 19
1063 2744 44
899 145 80
1323 1740 3
1534 2371 80
2455 1750 1
2687 129 63
2588 142 2
1024 2109 96
1835 3112 53
2848 3188 7
878 104 63
2599 3151 26
3121 1981 1
1193 3033 10
2242 2576 21
1314 308 41
2612 367 25
2395 957 86
3365 3354 40
1807 212 47
1988 2917 46
27 1926 14
1197 1202 10
3252 1150 19
2281 2500 98
855 1740 67
3316 3348 54
861 3181 56
757 1161 5
447 1703 50
30 837 76
2829 459 49
2756 2728 23
674 162 53
3172 16 67
2878 129 91
2672 1473 95
2482 3098 60
153 3285 54
3104 1753 28
2281 1710 57
823 1031 27
2668 61 11
680 660 42
286 1157 57
3129 309 22
577 2882 61
3113 3117 93
2269 443 40
1911 2758 50
1526 2721 11
1374 2558 88
1343 581 39
3297 1347 67
1659 746 39
3068 115 62
869 1975 4
1697 249 39
3144 3278 48
1310 1066 72
2415 36 13
2510 71 77
121 2495 59
770 1698 92
1643 1960 81
2432 1129 30
1212 170 94
2121 1810 57
3245 1493 35
2916 2365 45
440 3100 76
3075 221 19
2166 724 15
10 488 65
659 434 73
2466 797 86
1937 2879 18
786 1647 59
1790 2845 49
167 1988 40
2154 2404 31
1615 2521 40
403 766 42
2703 3394 58
3191 2131 33
3053 464 35
2113 958 82
2144 1628 42
216 1146 37
2004 2951 12
476 3183 33
3232 2355 17
3148 3 57
486 1053 11
3110 2881 59
719 50 1
1195 354 91
2868 1423 63
1405 740 86
364 1786 44
1271 833 16
933 3113 65
1553 523 66
1401 2213 82
1126 318 24
1671 2332 26
749 2558 2
2033 2726 24
1298 358 26
3386 1785 55
90 142 85
762 2767 13
91 1554 57
3108 1755 91
1913 2850 94
1075 1092 35
830 1820 38
1433 1779 58
180 475 66
1435 1171 77
1675 1674 43
2719 3343 1
407 2248 91
616 549 74
825 1350 96
2710 3149 27
3025 2715 60
3048 2441 27
3102 3353 31
2785 86 34
1352 1748 76
632 1821 43
3122 654 43
2286 2812 90
126 1693 4
1983 656 96
2986 382 26
1877 1910 58
1456 2321 87
734 1981 31
1885 3196 70
2113 1084 80
1313 1585 55
2142 432 18
1790 2343 25
482 979 100
470 3054 93
2010 1990 49
2454 676 31
825 2301 70
42 3128 46
659 2426 64
1488 685 99
3052 2199 80
550 1686 61
3162 1340 61
2745 333 62
2752 1206 29
2559 998 100
182 3437 42
2361 2596 83
2988 2730 42
3127 1952 99
703 1292 85
3036 3224 36
67 2428 29
3322 1846 36
709 1472 57
1729 1100 65
1540 3134 92
2271 1671 47
3363 123 83
2702 2341 61
3262 922 89
1011 1598 88
109 2571 30
68 941 21
2090 423 58
719 862 65
2460 700 51
126 2324 97
2983 1979 59
1588 969 89
2967 326 15
3436 1947 94
1851 801 79
1911 816 83
1383 716 91
2939 403 98
22 1415 40
1095 2926 57
3201 977 92
2690 1176 64
2378 2029 34
2876 880 18
1877 785 96
1198 1254 65
1662 2725 46
481 989 16
2686 418 45
2355 2548 1
755 2959 76
2451 2902 32
764 1562 3
2383 1456 6
591 852 81
137 2874 91
2127 1585 84
1809 2122 79
1848 1287 78
3034 2909 3
1814 560 35
1212 129 4
1574 1096 22
1353 767 78
3412 1736 22
2006 1325 9
1641 2664 66
2979 3024 91
1740 967 81
2461 2293 47
2394 2431 53
2079 1395 13
589 2579 67
563 1915 42
2731 795 33
2925 2908 16
3035 2247 58
734 846 89
3079 2743 19
396 376 25
671 819 15
2902 951 87
2048 2285 47
969 69 26
2483 2216 58
3007 1943 56
2080 2842 7
3105 3092 54
3299 2490 91
502 1341 43
138 2611 12
2891 131 16
2982 2299 9
569 2311 91
1884 1135 2
949 3274 25
724 3484 20
1604 794 2
2117 3393 78
2374 3086 4
324 2458 39
1089 2291 74
276 2156 64
2790 1244 20
1716 2255 34
203 1014 49
1682 2087 53
2685 1820 21
745 2554 83
2590 831 8
1022 171 67
662 1715 26
1630 2241 97
302 1681 38
927 1812 37
601 3048 32
630 250 69
89 45 18
3247 1327 86
2724 933 48
1790 3253 17
1768 477 27
3119 3224 97
1863 2032 26
2820 2869 58
1250 1894 87
2277 1620 24
1715 2545 53
11 3061 32
2518 793 92
3380 891 41
310 2421 52
1001 3073 92
1169 1303 85
3062 385 19
2717 644 91
351 1388 73
3423 262 37
1729 98 85
650 1593 1
1809 2478 36
3160 1799 93
1512 2855 99
2333 1894 82
473 2256 83
2517 2196 14
1636 674 34
3181 2303 10
3159 745 14
980 3084 21
1363 2961 39
2346 1713 92
1059 3430 82
3018 730 6
686 934 52
2506 2907 90
3396 2072 30
1598 1564 63
1751 2027 15
3261 88 73
2790 2659 81
1268 1439 31
702 2642 25
3073 3459 65
2370 359 97
915 245 71
2558 915 20
3215 2829 63
1700 1098 82
3043 3138 92
128 3073 79
1338 1188 14
2950 3134 27
2988 2031 52
2511 3014 45
2514 487 51
2718 131 75
2113 1952 98
2737 2594 82
263 772 48
3286 49 66
328 3165 93
818 1207 25
1101 182 12
222 1854 23
562 1529 45
68 1660 21
3346 684 41
1205 3103 62
1133 1840 83
3361 1011 48
2752 2252 12
684 2341 86
1492 1061 47
896 2704 96
1519 26 64
1046 3468 6
264 1803 67
3333 3171 24
2765 2743 74
2761 3492 30
1011 2334 22
1767 1587 99
1593 301 84
238 2064 78
2583 3361 25
1584 731 82
1860 849 19
2315 3398 93
2913 2809 46
1093 40 48
3226 2708 74
971 357 29
2656 512 4
1940 3454 2
1808 2250 29
3494 2181 5
2425 2261 39
1838 1179 51
465 1216 7
2498 3020 5
2053 1693 68
2861 1083 28
803 2887 55
1449 1985 17
2268 38 74
1769 145 75
741 3313 25
3317 1074 36
977 1852 43
4 1724 2
2791 3119 45
1849 2174 20
3002 2684 29
94 339 56
3314 2193 6
1578 2474 85
246 2704 24
1519 3245 13
1838 246 81
3434 2587 18
2000 212 83
3252 3184 15
1247 1841 98
2076 3056 28
2632 814 35
888 3022 64
3496 2173 21
3229 1579 40
2852 2260 56
2112 205 96
1365 615 1
617 3284 40
407 1045 25
3217 2783 34
263 3208 29
3219 1025 79
1800 1429 71
2252 3366 22
856 2937 99
144 39 70
3013 3228 95
3235 2689 56
2675 2141 71
3098 3029 95
686 647 94
2712 1963 44
71 1698 3
951 595 11
1985 1846 55
1102 2135 57
1601 583 95
1509 2739 13
743 883 85
249 1300 92
723 2428 6
1090 1478 58
1899 3153 16
948 1129 15
2989 2381 6
2887 1320 44
1037 2070 38
1435 696 89
1416 2557 77
1084 1624 83
2500 1071 27
2119 2405 28
2153 2741 76
543 2129 86
3419 2082 77
1754 651 76
1000 628 62
2222 414 9
1151 1587 9
3236 2466 60
2348 2721 79
2348 1908 56
805 3124 19
2715 3281 79
3348 2951 20
1232 1895 54
1437 3163 32
740 1051 29
1121 1090 59
2463 242 28
1843 2484 59
2197 783 47
776 527 70
785 2114 72
2506 1903 28
1324 2912 73
276 2133 51
3262 419 5
3472 435 23
2421 784 4
1071 411 83
2300 2742 39
265 2665 20
86 3043 7
103 359 79
2377 2573 78
1679 2395 33
45 226 83
2097 1033 36
2892 942 87
3123 2559 92
474 2821 21
39 3411 86
1313 2944 98
3214 1703 24
1359 2147 68
1584 3093 64
1097 815 37
1428 3380 63
312 973 34
3036 2603 5
3382 193 47
2807 1909 78
511 3211 24
2132 3006 3
3437 1985 22
1985 2168 58
1812 3137 27
34 1013 45
1320 3073 74
1682 1685 3
1097 664 82
3418 1660 65
303 3080 93
2756 2502 90
3189 2510 85
2481 1205 83
2173 776 95
1769 857 97
2907 2740 9
1885 933 7
3170 882 85
2178 212 22
443 1375 16
1516 1203 23
3153 2974 35
1935 1896 27
69 2147 38
1339 2206 99
2017 3386 95
3106 1095 47
1460 2422 42
787 3412 86
1940 1060 89
1617 2833 63
1703 759 11
2480 2667 6
1728 26 47
62 3127 7
3340 2183 6
2614 606 11
894 2919 1
3197 604 18
2947 3352 73
3356 2990 99
1473 1415 73
151 2412 44
2647 1771 81
144 698 93
1860 2901 47
2157 56 78
3490 123 78
668 1099 83
2660 507 22
1637 2475 18
2162 1352 71
3445 3290 6
958 333 16
1053 721 86
1227 1899 4
2074 26 35
1451 1074 14
243 454 26
1556 1133 43
2835 2082 53
1802 2134 14
2716 948 50
1384 1820 98
1373 2971 14
3198 1188 29
1232 1704 91
1692 3460 56
3432 2891 31
2918 3395 66
659 1844 11
374 1097 61
1298 2736 39
683 2704 37
2234 2557 1
1595 914 13
412 397 59
3446 2144 32
2560 3124 62
2691 2299 54
308 2212 52
2778 358 35
111 374 94
2097 1735 58
1105 167 49
2572 1619 72
2182 1830 4
2750 2691 97
325 1190 49
2756 496 64
2864 2234 67
1176 2999 48
2211 2916 45
1153 3068 63
2829 3099 63
940 1540 61
1394 1421 89
571 3064 41
3017 194 50
2340 1840 55
1083 831 54
1095 2738 24
3232 3428 42
1329 1211 38
1309 2542 51
924 3458 9
2477 2654 35
1381 617 40
815 1138 76
3433 518 52
884 1653 23
3359 1557 88
2868 2909 55
2707 2773 28
1701 507 82
3325 1814 20
1944 2931 100
390 1177 71
2356 2276 60
3352 1836 29
2580 3105 33
3203 3482 59
12 1049 35
1672 2064 67
1086 260 5
3436 857 16
2027 3392 97
3428 1237 72
1335 370 97
2441 5 22
3423 2960 75
2012 2034 71
687 1062 93
1353 2890 27
1671 37 66
2196 1751 81
2405 3020 59
896 200 66
3341 2227 12
867 1260 56
1592 1421 69
2965 3030 82
1895 816 97
1613 2321 99
239 1286 64
1776 1082 3
960 1683 99
2511 355 46
3072 3227 2
3002 2722 99
1984 2769 29
3174 2827 2
2263 2075 25
3423 1201 87
1780 993 14
508 433 36
1375 1258 23
1377 876 100
3053 119 78
2868 2386 54
494 104 15
1822 2951 87
220 1087 58
2982 1265 64
3267 1309 31
2583 2968 86
997 2114 56
2851 589 47
354 759 80
3104 1430 65
2814 983 37
2650 2183 6
2278 3030 58
607 2943 40
1102 1844 81
3158 1061 24
1615 2511 1
2347 1110 4
2506 928 82
2413 3113 84
821 623 46
1815 891 45
1541 3080 88
3036 1608 45
3074 39 46
3374 2463 65
3159 322 51
229 1307 92
268 514 36
1630 1233 74
2326 1782 20
2167 2367 65
3261 968 78
1721 1956 97
2394 1342 36
2705 2887 10
3013 2279 33
3350 945 24
2188 3163 31
1802 808 81
2144 203 5
2838 155 24
3126 3170 68
2808 3398 24
2041 1159 37
3291 1304 15
2883 1398 4
2794 892 99
154 2535 18
350 160 69
2985 517 31
3395 2808 29
2963 1787 85
1701 2263 14
855 955 14
954 522 89
3263 2245 53
2434 2037 79
284 3043 45
2643 2102 97
942 1031 88
2688 2601 59
1868 167 77
282 1994 40
3340 3216 25
861 1869 95
1751 1321 29
676 3177 34
1088 2715 89
1573 2419 66
1789 2085 75
342 2072 22
2474 1116 58
331 1329 37
447 1941 81
942 2112 87
1601 1929 71
3277 2143 24
2359 2357 73
2817 3333 59
995 2853 90
1549 1452 34
1973 654 47
1317 3448 43
1493 1294 14
293 597 20
3471 2469 42
2627 917 75
2435 1434 93
1395 2369 74
630 310 95
1899 2781 18
873 2541 88
2342 2981 43
2059 2040 57
65 1183 87
2570 2754 28
1935 1332 54
913 309 48
2268 3152 30
2496 2199 86
2345 111 56
2615 1210 91
568 1921 71
2953 653 9
1383 2328 86
1396 2420 13
3027 1973 28
1660 1182 53
2664 78 43
1992 149 53
1540 2365 70
1428 333 33
2666 2274 79
70 2783 54
902 2611 30
1589 2571 9
2660 2782 67
2043 484 72
343 3008 73
708 505 86
1391 3199 85
1559 2137 96
3353 1082 7
2750 1981 67
2118 1240 50
2 1464 52
3494 1709 21
3001 3225 71
2372 1911 81
226 65 97
1406 2247 2
2698 2214 45
59 1977 92
16 3103 68
1228 3410 53
572 33 33
2236 1872 41
730 548 97
1609 1026 26
206 3469 27
3172 3225 31
1853 1206 23
1375 3053 9
2652 3215 98
963 1405 63
2156 2713 50
1963 116 87
203 574 37
2844 3497 60
2789 1840 39
2700 974 55
752 344 3
2765 809 75
1616 1598 37
2537 1231 13
1240 2905 91
1929 507 29
899 1816 88
535 2938 1
2242 1329 55
85 1792 74
1883 1543 85
2110 2438 67
2130 3176 23
1537 2301 55
2549 690 64
114 854 53
2061 832 60
2531 1108 35
1015 415 84
136 495 77
799 40 83
2206 3000 76
2524 2233 21
3390 2506 94
2872 3410 100
765 3140 38
3068 703 97
247 367 91
219 1301 68
1698 1589 77
2654 2712 99
2111 1311 22
141 165 96
2160 566 100
750 2272 66
1894 1049 92
2546 1006 42
2765 2154 93
1410 1302 7
2760 2341 93
484 134 14
709 2036 14
3309 1234 56
796 140 60
545 2306 65
2661 2346 96
3164 1194 94
1003 2289 77
1638 1162 3
2595 1612 42
3028 617 83
96 2849 48
1489 2808 33
2216 225 38
1445 2038 74
931 2295 9
1356 320 44
505 793 23
3054 2442 60
1721 926 77
3474 1137 23
11 2092 15
192 1885 10
1727 2874 20
2674 583 61
2180 361 22
2863 2945 47
2236 832 28
3391 2087 15
1929 2839 33
759 982 6
2101 1575 64
1598 199 76
2789 1414 90
1720 2846 59
111 462 81
1308 2914 13
1002 1314 1
2790 266 97
2428 2612 3
645 1830 34
1263 476 43
2013 2846 69
1034 3459 73
3477 890 27
2095 2048 30
2603 1078 13
2680 1964 6
1419 2579 5
1282 2697 43
859 2621 58
97 2261 18
889 530 68
2722 975 75
897 3087 8
3409 390 18
395 1019 51
2212 1866 43
524 2917 7
58 2489 79
3176 2906 23
165 3210 67
1543 292 39
306 798 92
1795 1908 14
3482 704 1
812 2394 60
579 2252 58
1673 1503 60
160 662 80
354 1085 50
3304 698 56
2624 2393 10
963 3185 62
2350 1820 27
847 1715 100
2404 3179 54
450 146 83
675 2172 92
1490 412 89
356 3285 30
224 3374 86
3268 2589 40
1499 1325 71
3429 874 89
870 2932 39
446 536 50
121 2110 53
684 2023 5
455 1935 29
2357 1848 100
2513 265 4
2981 1442 5
2090 2948 56
2044 3417 21
71 1556 97
79 2514 99
2480 2163 4
2267 1819 10
1132 2544 55
1873 2057 95
3313 1694 57
868 1365 55
866 1512 30
2882 2050 63
3210 226 93
131 3161 71
1563 3076 48
2247 3438 93
2499 2101 93
411 2989 99
285 355 74
2125 510 8
1481 2910 8
2430 2389 71
802 3001 1
3039 135 60
3297 836 19
2470 1345 50
2875 1937 52
417 1730 49
62 103 96
3077 2428 2
48 51 21
1724 1554 35
2654 776 94
647 766 8
2096 1629 4
1887 745 91
765 2497 81
3026 2082 37
2807 905 12
2806 2876 59
2803 779 37
2445 2399 83
2176 3191 56
427 2999 14
1868 3044 39
2586 2385 72
2469 3024 85
2322 2816 81
1716 2978 7
580 1771 48
1497 1830 80
1539 3098 44
2547 350 49
1938 2088 75
3188 588 90
2334 267 95
1802 627 79
2388 1032 57
480 989 12
3012 1145 9
3040 2030 26
602 2022 7
3428 2086 61
1384 1292 62
192 1458 66
2366 640 15
179 3 93
246 344 21
1032 1427 51
1020 2011 5
3484 2632 26
2067 2333 26
441 166 47
212 795 57
1381 1696 6
255 357 16
2369 1321 45
2706 3280 66
1631 2029 11
406 1897 18
3229 1852 67
180 1810 18
1144 2382 51
2653 2803 49
3060 766 89
2847 2030 2
2905 1435 1
1360 1448 61
414 1075 92
2063 2534 52
2428 1096 64
2593 3037 57
301 259 24
787 771 34
159 2863 58
1087 1432 18
1520 432 60
1281 2815 61
1566 1652 39
3041 1105 22
2463 979 98
1118 2192 99
2977 1659 19
380 3111 6
2688 3375 8
954 206 36
2002 1497 49
2872 504 88
2278 907 64
1099 3135 24
1489 2007 86
712 780 61
2847 2272 64
5 212 59
2939 2002 65
2357 3194 1
350 349 54
2927 2454 55
471 2685 66
733 3310 49
2819 2886 16
1826 1356 10
250 2394 37
357 32 68
412 3490 64
2540 1915 42
838 854 29
864 1154 74
668 2759 63
1849 3193 56
3490 1651 29
329 1643 2
1658 1805 62
1105 509 42
3234 859 47
2558 3461 96
3367 2404 61
2481 1948 56
198 314 83
2453 1768 42
1783 3443 65
1042 1848 52
2340 1395 68
2700 1142 64
3489 791 13
2 3297 21
2026 180 14
437 2364 69
2567 3334 49
834 3358 100
1290 1132 70
3274 1993 82
2959 3082 81
3395 2600 83
3303 482 17
2942 1855 24
2844 3176 35
3203 2461 90
1371 337 12
87 2519 52
2266 3457 82
2704 2752 24
488 518 26
97 2047 100
870 2085 83
3395 1346 33
1129 731 19
2072 257 45
1427 618 83
164 1015 1
3064 1285 49
2299 2632 63
2118 2409 71
3209 1401 61
323 247 44
2287 773 26
619 3114 92
1506 365 75
2812 1304 53
877 907 84
1176 1347 81
2769 3260 65
432 3176 17
359 440 52
3095 530 34
2148 194 42
3475 2382 89
1123 3485 93
1806 2573 37
1410 2843 25
3463 1159 100
3006 1097 86
1202 3037 9
2143 2420 99
2019 797 46
1663 1091 31
3471 151 95
2416 921 97
2669 1205 88
214 811 85
792 2745 16
3106 2809 5
1707 1831 72
502 263 93
3282 2196 82
3135 693 85
2228 2674 69
2205 3055 83
11 1589 30
2668 45 29
2671 3373 52
1048 2678 85
1602 1036 81
393 2778 7
3462 768 45
2289 1660 99
2632 1497 90
976 2998 78
1643 2396 91
851 2889 22
2210 1395 72
1052 3236 3
113 2341 1
3419 407 52
735 1738 54
235 2837 98
454 2912 42
708 1908 27
900 860 27
900 1255 48
3303 919 36
1261 963 38
533 1740 31
1338 401 76
2730 1418 54
1987 3185 17
206 1482 23
3215 1558 71
335 774 23
1356 1266 83
1892 1038 59
326 1828 89
336 198 79
1431 1074 39
52 2814 44
551 3351 3
194 3312 17
2668 1027 4
2240 3240 26
276 2723 17
796 3218 33
665 2324 51
3385 1684 65
309 2403 71
895 1372 53
2985 1856 16
950 3086 43
14 2485 6
1641 3250 68
2941 327 40
446 2178 3
2718 3190 45
2179 3115 50
2087 2059 70
865 2049 71
2838 1345 23
1213 3482 2
1682 463 74
3294 1975 54
923 2755 95
167 2817 7
3011 3415 60
305 919 20
1017 2510 28
355 2815 67
1417 1579 88
1593 3092 99
1738 3333 79
1096 3422 52
1848 2785 22
111 1982 95
1865 871 98
1912 2097 69
3048 603 84
2706 1144 65
675 1708 58
1563 1399 20
1755 953 62
2883 1992 92
1040 545 40
2843 288 16
3308 1281 77
2800 847 62
1381 3126 95
2859 1409 80
1558 2632 24
811 248 64
2127 3134 82
1310 940 11
1849 2701 25
3110 1718 17
1751 1077 17
1191 533 22
2362 3295 35
3299 2736 41
334 3499 97
121 1242 71
1620 1927 86
2568 2462 29
954 1619 99
2082 966 48
3428 161 18
1582 2561 65
1659 1952 5
1533 615 8
965 908 7
2819 823 40
580 1299 78
1237 2645 46
1725 3456 96
176 1072 10
1928 2506 14
1521 1727 89
2635 1076 30
2210 617 84
2535 3129 76
989 1594 88
1420 437 98
2318 1379 56
3499 1307 99
1062 3465 10
1153 2917 69
1950 2833 73
1518 696 98
2352 1411 87
2354 2309 90
1971 3424 95
3467 1677 23
424 2942 46
461 91 64
1531 2619 58
1215 2838 63
3407 1941 48
1439 152 48
999 1878 91
2350 963 65
2962 1910 58
2029 818 1
2723 936 53
2696 1950 36
2212 2675 72
629 2134 68
1436 1246 80
1839 379 72
1472 2639 77
1859 3490 18
1998 841 42
1962 193 60
1359 341 81
3028 711 21
1147 1875 57
3485 995 11
488 868 84
2888 2213 86
472 1000 31
384 2308 54
1025 421 12
3311 1693 87
1418 2774 30
1277 2412 24
3240 1842 58
124 1041 35
524 2552 76
2193 1945 87
1595 1422 15
3371 277 70
1519 1574 24
144 1058 24
1611 1826 92
169 1796 64
2962 3118 65
1649 2875 5
2558 1209 89
657 319 75
1560 371 85
2572 2384 87
1385 2827 76
2147 2839 34
133 2017 34
1056 3400 10
732 562 58
238 3250 5
1689 3321 73
2437 3405 23
98 1181 41
3474 992 37
1880 2274 36
387 2068 89
1954 3044 94
868 262 45
545 928 91
267 1714 50
262 956 15
162 2688 2
2300 1341 99
139 1853 70
309 3191 52
3084 142 8
2932 239 19
1984 3112 74
1057 3436 70
1946 1579 53
2431 1411 51
2352 682 43
790 425 63
3411 3105 50
43 3018 45
2073 1685 74
1970 187 6
1058 2267 75
740 2387 58
3419 2012 3
1298 822 75
13 461 84
2016 935 25
974 1488 73
1569 1414 58
3126 1574 89
3149 2444 66
951 117 42
2450 185 38
1036 3338 14
1492 1350 63
3285 3480 72
707 1583 100
2714 3315 13
1454 243 16
1445 2921 14
1086 2961 89
2535 1605 94
1726 310 47
486 3135 10
1406 2706 61
2118 1940 96
1912 1518 94
3309 1357 74
1638 3497 76
56 118 74
3307 3066 53
2426 1870 7
136 207 71
2948 542 1
2069 1732 11
811 1661 96
56 1551 15
2687 2654 95
1730 1870 6
2032 1380 64
1374 511 49
1960 1567 60
2641 780 50
109 1518 54
3457 2462 50
1721 3137 8
359 1534 37
376 1803 79
66 3160 63
468 301 69
1083 765 73
2865 3470 8
2616 2686 10
1244 1530 5
2750 2530 24
426 3457 25
1173 529 50
3301 2797 48
1199 361 56
1090 2515 78
1137 2777 33
14 3078 64
1607 2949 97
2296 559 83
1617 1026 76
3232 824 89
691 408 50
3248 2597 61
2041 1760 61
2935 3273 58
1965 1663 73
3150 1406 94
2845 417 69
1604 3317 89
2639 2189 27
2049 2274 66
1008 1434 93
655 408 68
3260 3214 37
1157 1425 44
2111 671 40
2812 2994 9
2883 659 89
2543 2320 99
1618 2560 15
1954 1345 79
1175 2908 58
1159 174 79
2797 2803 54
3117 2709 51
2375 1729 33
2436 3296 89
3452 1897 84
1034 375 98
2840 722 76
1549 2206 100
2162 309 73
1844 3000 71
1431 1835 99
2660 2298 17
2592 1887 48
2151 885 13
1965 448 81
2452 1211 74
230 1037 1
3415 396 34
1592 3474 28
106 2582 28
3219 1991 98
2061 208 90
1664 924 78
1678 2326 68
1202 1882 65
2751 1182 56
1708 1743 88
1897 2887 62
438 2771 84
2812 2026 65
1363 1457 33
3094 444 28
3153 71 75
825 2882 43
759 270 19
2500 3171 93
871 1274 58
1302 3013 36
1839 1477 73
975 134 6
2882 2688 68
2149 37 75
3211 3310 61
152 226 73
2283 2217 50
2961 2387 94
516 1207 62
440 2520 42
1465 2287 12
631 3157 81
1166 1097 96
2378 76 17
2278 3160 90
2891 2219 33
2369 3321 83
3222 1072 70
188 1177 15
2155 866 87
817 1103 26
1104 44 57
2245 2473 6
1283 2970 56
838 3439 56
747 679 95
236 2676 85
2363 2696 89
3104 1547 60
156 625 73
816 1783 51
3215 91 77
1714 2133 5
2946 2727 60
1622 2783 69
2131 1190 38
785 2154 78
200 565 44
1298 2368 9
1301 2778 69
988 3372 65
393 1537 10
2649 418 14
1093 1668 40
2706 26 75
2221 497 42
1281 833 36
128 2665 33
2717 3388 96
2996 1726 92
2904 66 45
3023 2473 89
1614 40 67
72 2660 91
1611 2061 68
1155 3123 75
1983 2309 64
3329 309 48
2337 1606 83
2918 451 92
1101 2219 73
1676 412 83
1502 2324 13
2883 3475 15
3277 3140 18
3054 89 89
809 186 70
2200 474 32
1975 1805 42
2072 151 26
1552 3136 56
1574 527 23
1375 1265 74
1052 654 87
1193 2498 78
2329 949 68
409 2034 53
2399 797 65
1397 952 18
236 3143 60
2531 1409 23
2715 994 7
1066 2105 6
1504 350 40
2395 449 98
535 2121 85
2468 2647 27
275 2912 28
1433 23 9
3475 3436 10
1845 1291 92
51 231 72
841 2701 63
854 1813 26
176 1569 21
48 2543 91
2119 2859 82
803 2881 3
1310 2345 64
304 1288 70
1252 3474 11
3444 3492 36
3070 708 59
754 1581 52
462 253 46
3405 3037 16
2920 255 55
2362 73 77
1906 950 58
53 3133 90
2129 2724 95
740 3290 99
698 813 74
1586 147 49
1854 1518 58
3118 1444 40
115 1070 65
1216 1665 69
902 1068 74
958 1551 84
236 2954 44
2852 2054 31
3015 72 62
1981 1578 73
1654 91 2
3094 532 50
3336 3413 98
1014 515 54
2703 2534 22
3210 945 12
1602 1136 28
2169 1290 92
1521 1518 99
1487 1415 31
1217 2192 69
697 3176 31
1855 3129 33
350 52 59
2272 3291 41
3041 691 12
2904 1803 22
535 2627 38
1645 1835 13
2225 2323 89
3468 3016 47
1833 2474 72
2419 1455 60
813 1830 56
3445 3034 1
1221 1215 36
1791 2152 3
2812 1718 89
1944 2682 46
341 3428 78
2659 1265 77
812 3064 64
2524 2952 46
1335 199 10
3482 1003 1
497 693 39
1381 867 87
653 206 59
2272 2589 80
2609 328 4
3130 2677 39
2594 2540 20
2428 527 69
1832 1912 24
2730 361 62
1444 2101 78
219 298 38
286 3000 95
1056 2980 45
3289 794 11
2301 440 38
2658 3395 71
1538 2191 100
1398 846 93
91 2545 89
2995 2102 97
1485 3402 67
3347 699 1
2230 2365 89
1983 1157 93
1101 707 14
1128 287 72
2169 795 86
228 555 18
901 919 81
3190 2379 69
1994 359 84
3084 2804 76
2524 417 66
137 1218 9
2449 1315 93
1505 2521 74
654 1330 94
1600 2582 54
3128 1823 45
313 2405 68
1477 2014 78
2937 1926 46
1051 2477 88
3297 3128 79
1301 2693 48
3491 3454 12
3188 2648 28
1228 47 13
295 834 54
2619 1178 74
2725 1821 53
1762 830 32
3011 1372 62
1450 835 100
1115 1674 66
945 1722 48
3324 2503 39
2522 3269 20
765 868 63
1813 2595 45
3268 610 16
2443 197 6
724 597 67
1784 448 83
1301 2835 95
1665 3047 73
1808 3009 96
2405 2901 5
3392 3327 44
2603 1398 99
1438 3268 100
713 1954 75
1264 1226 19
78 361 24
3485 1044 22
3399 1133 12
2057 3198 21
2831 721 19
752 1859 59
152 1533 62
2544 1379 28
2684 1758 29
2920 764 78
1024 2058 100
600 3240 55
2003 2213 17
1843 3079 89
354 110 70
1506 921 9
1853 2374 40
1565 3287 97
1250 1242 44
3235 2635 24
1202 1840 13
772 935 76
400 1421 48
871 3286 99
1397 2334 26
3275 1494 17
2581 584 70
1354 755 95
1770 325 44
2525 294 15
1090 1394 92
1257 2926 71
3427 591 68
3302 66 4
2191 2104 46
3266 418 12
1759 2202 39
1213 917 15
2454 2996 9
3419 1372 28
960 2561 25
1619 1688 9
553 1233 52
3039 2492 45
160 1689 37
2966 2789 5
579 894 95
342 16 50
865 3106 9
746 2901 18
1589 210 98
2945 1575 52
3394 942 78
2479 958 75
2417 1476 58
1687 877 25
2370 1327 35
1624 2211 17
552 2741 94
960 1905 51
512 1853 90
2631 2477 74
1558 1942 63
2565 1569 34
348 2600 43
4 1102 52
2878 3358 19
3256 2324 20
1198 223 27
930 2492 22
251 357 32
2823 2402 17
2861 1039 43
3000 2929 78
838 3412 76
329 2681 55
3186 2403 6
1063 2364 31
842 2441 37
475 1966 44
1515 2606 58
3204 2068 12
409 45 2
2001 2777 94
2659 2245 12
1467 2775 76
2544 2031 46
812 347 33
138 2728 63
105 1215 57
2881 1517 38
2351 2084 83
2391 1015 13
1649 2256 62
1960 366 23
2238 115 36
891 2460 48
737 929 13
2291 2799 83
32 2303 56
1403 2551 15
713 740 89
1864 1231 3
1091 3033 1
1598 2821 25
3237 2913 71
604 1402 93
317 84 57
2795 1775 6
1748 3311 80
2836 1940 35
66 2021 77
1520 902 19
2889 3287 7
1722 1529 39
1913 3385 29
980 3438 99
1720 2993 46
956 2861 80
776 340 95
864 832 70
2102 2383 41
2068 203 99
2941 796 50
593 142 28
3373 382 29
573 1856 25
1207 1729 47
80 2657 86
2778 1311 37
795 616 25
1972 3479 6
228 1248 17
47 643 67
41 743 88
144 26 71
1839 2563 51
1343 128 33
549 2974 3
2510 1891 51
1900 1595 41
376 929 48
3337 3323 13
3435 376 60
2049 1655 81
79 3461 20
3379 2457 98
3400 806 53
3293 2928 24
1005 2516 99
23 2671 96
2450 3191 53
1574 833 85
2260 3270 10
3478 2785 68
3466 3222 47
2492 108 86
106 2382 69
2290 2387 44
1712 1743 30
1781 2004 6
3336 3148 96
1510 732 4
2980 2828 9
458 1792 54
3269 2476 2
3385 2882 80
3462 394 72
2553 3147 86
3002 2325 24
166 45 83
105 1318 98
1742 2798 13
473 1708 94
1705 2003 19
3175 2780 70
2372 168 49
2199 1927 40
3311 979 11
1974 2226 57
781 2913 28
1077 441 16
577 2308 4
2944 2807 54
770 316 11
2421 126 6
3113 2293 80
220 2471 55
1695 1457 13
1889 2093 76
469 623 5
2376 44 58
695 1573 24
2571 1411 18
964 941 54
3026 3365 35
2932 1430 94
560 2916 61
1849 3028 27
2411 3394 18
2879 2570 41
995 209 30
1094 789 56
