1250
2500
717 993 13
500 724 45
39 572 63
117 876 57
1013 754 93
1212 912 84
33 730 7
720 1140 62
41 340 45
1208 1149 57
430 99 40
406 111 55
945 180 44
130 206 6
113 674 9
324 909 47
848 156 40
1089 256 95
236 928 40
210 1015 50
251 1177 40
750 321 57
998 972 12
523 147 6
993 313 95
77 308 1
325 695 88
1162 335 1
959 98 39
103 532 4
124 44 57
908 266 67
165 334 93
490 715 97
701 355 34
464 172 4
628 88 9
816 411 97
967 111 95
119 916 80
764 183 18
776 889 59
16 551 92
578 794 68
938 989 35
522 667 54
446 847 14
84 32 17
954 86 74
400 313 39
168 1016 78
783 328 90
428 967 20
741 1174 7
372 798 55
338 673 6
910 128 22
898 1220 74
266 960 10
1046 1049 35
43 431 92
357 427 43
448 1074 28
33 361 79
290 300 19
668 105 2
81 1183 65
932 779 34
730 941 32
397 420 70
769 399 48
446 574 13
71 239 37
760 273 99
747 569 10
924 109 25
515 409 71
633 411 10
644 1215 51
734 319 20
902 546 33
242 1040 30
538 1173 100
901 247 88
809 871 57
834 1006 68
288 1248 19
1078 74 12
300 991 4
890 10 60
98 64 31
269 1021 70
280 91 44
281 172 67
211 1185 62
359 125 46
697 26 9
666 795 44
1176 1199 25
1006 990 70
454 687 72
375 1066 68
1215 567 92
1110 1136 9
532 789 9
631 1048 57
60 395 52
558 130 32
511 865 58
223 232 74
1041 302 20
247 379 12
212 678 73
730 640 80
51 494 88
673 534 81
1183 949 35
239 24 85
827 1073 72
241 855 30
399 1068 7
192 692 11
268 522 29
112 663 28
367 787 65
757 941 1
1177 915 94
736 41 35
610 71 27
272 1129 32
314 659 97
1214 1014 34
462 163 60
234 196 85
1065 720 39
159 734 80
178 374 55
442 411 87
1113 252 36
914 1026 79
681 275 5
870 754 1
1068 262 72
545 314 19
1122 800 61
212 811 86
331 436 56
1133 640 59
556 1116 39
47 964 23
999 263 13
123 918 21
766 417 81
855 1031 36
692 656 77
114 1043 32
347 451 64
923 688 67
1072 438 88
347 1246 93
505 702 69
463 192 17
1234 1102 22
188 1072 98
598 1114 8
957 796 10
674 994 20
272 151 45
1177 969 58
975 847 56
260 439 61
1226 290 54
957 117 78
1052 299 75
158 611 96
757 1182 70
934 490 35
858 87 59
534 849 93
484 612 30
479 586 76
547 1234 45
478 926 15
1208 1216 91
275 162 32
835 1194 68
845 163 66
21 906 8
240 836 69
746 682 93
756 631 50
974 668 46
647 1076 57
921 1246 56
1093 692 73
102 74 100
582 363 12
20 435 25
588 882 72
502 962 62
957 1000 37
1216 77 38
859 45 24
1203 96 93
756 806 81
518 746 80
452 382 6
123 612 12
929 1237 9
775 1149 49
374 1196 37
96 455 69
1129 72 45
1195 580 65
76 36 16
924 868 45
589 354 57
1020 722 22
600 1108 4
333 389 36
149 889 63
961 575 39
678 793 43
754 2 46
962 328 40
483 46 13
965 1237 50
150 1149 11
881 509 42
878 971 17
631 51 99
936 148 12
631 124 45
1039 34 60
1021 1248 84
440 1215 33
701 20 98
284 327 100
924 1145 9
666 615 8
916 262 70
295 803 11
845 207 50
649 586 23
579 706 43
959 1005 71
371 939 64
752 907 87
1007 1210 98
200 1242 96
1150 414 12
303 1023 64
366 466 35
400 823 50
528 1201 66
1148 981 72
430 502 50
857 824 57
165 283 2
89 1043 10
1136 1144 75
715 1033 16
1043 402 36
204 809 58
68 710 46
1155 586 57
1090 140 88
1206 585 43
552 1086 60
4 1245 28
1248 511 27
903 545 51
1030 287 15
814 831 70
236 889 43
1008 340 51
978 511 94
965 582 27
114 161 81
746 1185 65
799 40 49
1114 507 30
445 19 99
353 536 76
734 1225 88
1045 247 33
1020 27 46
670 523 90
207 236 8
450 29 13
366 266 49
237 752 78
928 462 87
37 115 40
979 172 63
801 30 25
177 1029 80
1041 177 95
802 303 81
1146 1179 46
855 748 75
1150 903 61
79 667 73
640 347 3
148 1066 47
159 97 23
307 209 66
718 86 67
566 61 5
633 449 75
774 753 93
1025 82 64
903 180 75
927 480 7
897 743 15
146 1143 65
1128 407 24
903 570 97
365 0 14
373 288 4
1222 1248 74
1182 260 62
126 42 16
88 766 60
240 4 94
1189 1242 14
890 224 18
903 1039 1
187 345 74
165 384 87
430 1026 32
730 177 80
156 109 88
732 263 22
1052 51 23
358 903 30
305 303 55
95 339 64
487 613 14
40 1124 74
182 806 18
942 229 77
107 1104 55
937 14 9
496 836 33
963 1168 1
1019 556 10
499 873 58
807 833 23
716 430 8
808 453 84
989 688 10
235 1129 67
844 153 20
213 180 92
1018 1097 10
1008 1123 82
756 561 32
105 878 94
177 1147 65
451 202 44
199 162 18
967 376 59
922 1074 73
1201 1196 88
335 792 99
79 569 93
104 301 80
180 804 21
330 813 1
1014 599 54
3 1230 35
720 338 21
389 959 1
914 776 72
490 200 12
791 1175 1
848 432 57
21 187 23
227 939 19
733 742 35
897 851 72
111 1236 31
742 283 42
98 279 18
1112 270 98
12 607 22
1036 1086 14
253 21 24
1091 61 66
188 539 40
557 457 11
1075 506 3
1093 1108 78
172 1214 21
261 495 47
776 341 21
1088 924 2
315 946 80
815 67 61
854 433 48
1096 653 26
853 534 93
526 936 41
1046 519 6
527 342 23
492 740 91
1165 50 61
1180 732 27
10 687 4
707 1103 52
1232 1123 28
927 608 27
416 177 93
762 586 26
1090 673 58
956 1198 39
135 258 92
1124 861 47
996 431 31
772 808 15
885 176 84
1154 1219 81
1011 830 22
608 397 55
368 1139 12
1038 419 9
655 225 69
842 429 60
752 772 29
200 101 68
957 293 65
183 1234 58
1121 76 5
279 933 71
1042 933 40
1026 723 78
800 32 16
1059 987 17
234 1114 8
443 508 52
1122 178 47
697 880 50
454 873 94
459 806 95
1239 776 53
856 101 24
422 483 38
446 720 91
1140 1163 45
383 488 4
811 596 19
446 357 27
1162 681 5
458 188 69
3 212 15
1219 1127 75
62 481 30
976 235 16
869 71 100
1091 1011 52
1106 210 6
1010 1189 94
692 1157 29
599 843 53
922 79 71
905 963 83
92 328 83
733 664 9
811 279 60
815 751 89
878 1070 80
759 600 84
341 594 79
1055 28 93
628 725 93
99 429 32
264 32 34
752 514 38
917 1130 20
136 650 48
290 421 25
374 994 30
1110 1100 100
495 1215 26
2 936 6
796 1085 47
398 1063 64
1163 15 81
767 365 23
29 490 45
947 74 1
939 83 5
1135 202 32
1033 709 17
918 111 64
528 7 61
206 786 22
507 784 55
1010 1121 78
708 64 56
1130 612 96
414 230 69
837 404 76
463 231 32
333 673 92
492 270 2
151 54 88
930 29 15
348 348 68
722 813 61
1143 880 33
421 894 3
1244 244 81
604 737 25
1002 843 26
166 343 10
1176 323 5
513 1147 14
961 826 64
611 1124 56
441 925 70
19 936 18
670 463 82
880 605 80
277 993 52
1006 805 54
1098 1044 19
1042 334 39
1239 673 62
258 1144 65
244 1207 7
1115 677 46
188 1000 86
370 266 78
686 1228 71
1152 168 57
978 1199 25
1183 571 13
1229 771 16
776 838 84
1089 217 95
1097 259 39
695 572 96
727 192 30
1056 135 65
386 678 25
641 149 60
1218 1247 23
995 1230 35
365 934 29
331 790 81
1032 1018 61
492 753 83
1033 591 41
37 911 42
262 254 89
129 40 71
1126 286 24
1068 859 92
962 177 48
677 1091 5
94 64 71
387 536 34
742 771 2
990 445 77
3 503 96
998 897 30
1016 834 52
159 637 45
53 597 29
500 709 4
1135 800 7
1136 110 38
290 400 14
372 829 6
962 388 55
470 110 91
681 607 83
907 792 62
1240 1198 32
969 187 61
682 493 53
455 731 79
917 1155 6
111 1178 50
463 238 37
1068 290 51
1248 291 19
76 754 49
950 1179 35
884 793 68
1166 592 83
1030 1216 90
333 191 12
102 113 94
120 573 49
796 660 52
1137 15 68
816 77 17
547 893 41
136 314 94
1021 450 23
301 1108 77
36 342 79
730 535 88
455 1206 77
608 237 11
535 1153 39
52 720 48
900 263 18
416 521 10
923 990 88
748 424 8
1203 1060 13
202 954 18
234 661 81
94 208 56
937 1165 5
512 522 71
208 162 58
555 117 64
530 833 5
102 1089 2
608 485 26
745 310 57
547 848 91
47 461 38
1199 1059 10
976 701 74
934 810 90
1131 258 40
814 905 76
851 811 6
937 62 55
1080 305 22
156 366 24
349 1170 57
882 725 9
599 1109 31
7 1236 95
807 782 87
523 1078 2
533 764 46
395 973 56
136 1005 26
714 1021 49
309 7 44
110 1194 91
1083 492 5
796 374 40
143 513 19
683 121 40
621 491 47
832 964 24
1071 355 58
841 529 84
377 475 10
228 463 99
216 546 25
30 1044 58
374 796 24
86 1066 22
989 529 89
203 742 41
37 1242 5
855 735 82
534 334 16
16 410 38
194 938 15
1189 1163 64
185 249 14
1146 966 22
114 23 100
206 997 78
894 481 62
515 1233 94
1045 1101 84
828 625 31
1118 80 63
1077 674 60
235 42 13
1200 186 47
834 836 21
543 526 35
829 1170 61
36 870 100
59 689 80
233 1170 11
587 196 69
1006 712 6
164 774 70
443 1024 18
666 256 64
1010 671 39
518 1244 79
642 340 72
959 268 56
1211 73 22
1083 157 96
794 228 19
27 199 11
340 311 84
23 1091 9
1040 1127 66
485 243 99
553 277 4
193 465 55
910 555 82
1112 1245 78
734 624 66
1008 383 50
71 320 35
488 808 92
151 121 95
350 1061 6
1019 1245 82
925 562 8
895 791 84
511 530 18
284 1000 91
645 430 27
818 1201 80
174 40 77
275 576 8
393 183 39
744 902 50
386 870 20
1163 512 64
663 658 24
44 367 2
12 477 81
1120 43 56
673 733 93
209 415 86
84 216 50
454 16 79
961 952 58
49 303 7
1117 596 43
356 808 8
333 415 1
453 215 2
130 690 76
599 18 13
1190 914 13
269 1137 95
529 1064 14
1060 1165 17
34 1030 72
688 652 10
1104 93 84
663 88 95
83 1204 85
393 79 30
1075 1130 47
1103 7 56
566 1233 90
1130 929 56
957 698 10
342 174 37
198 781 74
734 78 24
990 536 100
1036 1203 45
61 805 62
374 112 24
25 193 87
1066 739 43
1029 375 63
344 601 49
1084 917 23
915 3 8
399 157 72
1227 1044 25
482 383 70
467 164 90
945 169 88
1208 595 88
133 349 57
846 944 8
955 582 78
1004 334 93
155 731 56
577 714 18
491 321 86
148 310 67
1049 107 86
984 1025 20
767 885 94
1195 764 87
79 1158 11
282 414 54
1243 1142 1
128 199 74
759 361 42
1119 396 18
664 685 55
406 254 38
645 851 15
912 817 37
403 538 26
102 1119 14
353 565 63
231 471 65
518 208 25
1160 628 29
786 32 41
1175 789 91
515 269 28
837 688 72
185 819 51
882 840 37
864 994 97
282 13 57
316 306 17
930 974 9
299 320 69
741 124 2
769 241 55
288 558 40
670 585 38
832 248 6
1022 30 20
771 73 40
227 326 35
694 824 36
448 163 14
1029 23 14
373 743 63
1041 595 91
763 1118 40
464 1199 27
50 196 34
842 1142 61
1118 563 60
946 241 54
1241 930 98
1087 872 82
207 880 40
1132 914 82
530 660 58
629 1237 97
246 676 47
561 737 10
533 1220 92
910 800 44
729 169 19
924 305 65
664 631 21
363 138 65
89 603 100
800 1134 95
5 751 15
695 1223 72
178 117 93
937 794 65
517 1114 97
20 173 17
473 721 37
438 582 64
972 1118 45
1043 863 52
627 1058 95
478 65 63
129 1088 44
496 350 30
809 819 86
693 1021 39
896 825 97
4 221 20
463 128 69
664 27 18
708 152 61
347 447 70
638 245 2
1058 887 26
48 976 34
949 1192 67
184 242 39
68 354 86
937 1023 20
314 290 29
40 414 63
221 662 1
484 185 59
282 523 47
728 484 76
228 126 81
179 76 34
389 361 21
680 1175 89
781 851 98
865 962 58
257 25 52
659 353 20
284 294 46
187 584 47
215 776 57
1199 304 14
995 895 98
571 1115 29
247 63 3
332 1049 16
135 218 80
1206 958 20
914 362 51
26 274 90
697 1115 45
57 252 69
1066 573 13
93 1120 80
1046 728 73
307 319 81
99 318 54
409 150 73
341 632 21
844 1158 80
260 1119 33
379 491 29
875 1212 71
1139 610 57
1059 520 28
754 915 24
22 947 95
718 173 56
688 491 76
1209 647 71
1145 114 78
1036 567 78
725 854 26
1060 889 17
630 66 69
790 1187 57
48 1065 40
1001 1128 80
901 943 1
760 1137 16
422 822 22
89 1079 74
234 886 96
701 930 67
1163 987 21
651 282 94
906 1248 52
90 1055 50
447 323 97
238 752 16
994 276 29
710 1102 93
1037 723 83
1109 1225 99
127 83 38
777 868 11
535 461 92
863 67 90
1159 722 74
186 258 6
156 533 86
567 1123 24
1091 1048 14
109 676 23
776 833 46
12 321 69
1200 500 63
1183 1034 18
105 784 67
716 1165 61
485 584 69
767 608 21
984 634 42
923 857 41
1157 973 94
231 120 92
727 284 8
1153 738 26
575 605 53
765 1206 54
403 51 20
431 288 42
330 275 77
1065 355 39
41 627 6
751 468 2
641 11 31
518 82 74
868 888 92
579 751 27
971 405 88
718 765 52
1138 957 96
599 922 88
1137 763 87
207 1084 62
616 1027 44
903 362 12
1033 615 68
330 721 86
1091 797 92
613 1235 45
839 380 15
696 1219 13
890 1101 15
165 251 78
520 1163 3
1118 409 63
1246 1081 86
170 706 22
260 343 68
575 271 58
856 1217 91
1099 851 2
39 1089 61
679 825 31
441 165 84
1064 599 24
807 49 48
1210 403 49
491 202 88
680 767 64
764 267 96
824 469 6
731 1197 52
38 1209 36
686 536 87
532 640 16
302 170 43
36 1126 96
1089 403 21
166 627 34
25 749 71
1067 798 92
428 284 17
724 625 16
764 919 55
186 304 13
636 284 53
463 690 88
1225 1040 13
543 281 34
870 512 21
781 826 93
859 691 85
8 873 43
620 354 90
719 351 64
213 738 37
630 595 76
22 470 85
985 207 36
163 470 4
36 277 49
806 6 99
17 533 7
1136 37 99
481 276 71
486 1228 60
317 794 80
185 402 43
66 145 7
480 1051 26
725 52 99
382 228 97
331 758 15
328 709 20
529 13 67
501 460 38
215 340 37
443 991 4
1153 94 78
90 619 82
482 1206 24
216 680 11
428 404 63
73 995 93
562 969 88
334 490 75
68 802 67
242 460 90
1069 67 79
844 439 8
505 832 11
978 355 21
371 1083 63
638 811 28
84 292 95
346 711 61
1099 65 51
1200 17 97
712 813 48
220 656 9
759 600 39
466 698 18
473 1233 29
1210 676 93
706 154 6
355 631 7
695 713 93
1240 1099 77
1217 50 51
1038 504 28
1157 895 99
1006 1 3
421 263 38
1182 223 34
431 17 63
799 582 70
701 800 67
148 1003 32
184 202 98
428 904 88
340 372 34
1160 735 86
1165 681 78
956 19 96
579 14 24
815 216 55
629 903 97
998 421 2
1086 918 11
348 173 80
985 216 70
929 655 33
519 1162 59
861 749 48
256 691 90
442 512 50
269 1105 12
148 444 31
232 231 77
536 255 57
541 160 37
619 754 99
493 644 48
1023 144 79
819 1022 57
366 292 53
1227 845 90
846 315 35
359 70 63
99 202 57
271 78 11
368 39 38
1205 46 28
657 694 12
1140 690 94
474 955 19
322 854 71
1078 879 70
1133 590 95
738 974 94
611 1156 22
288 558 57
65 2 33
1217 358 48
331 156 4
50 1054 17
1156 535 43
665 414 33
337 156 87
1233 272 73
869 862 18
981 1243 50
858 1203 13
6 45 51
465 908 54
70 1133 38
502 583 18
788 457 88
971 1218 97
985 515 54
553 346 62
800 194 35
622 1067 11
412 614 49
872 1175 51
1065 63 73
262 927 21
622 926 36
529 1247 32
671 505 57
28 234 8
1201 939 35
371 780 42
485 688 41
436 209 78
656 910 15
621 1100 63
939 677 16
340 271 74
725 1037 50
696 9 37
806 1208 80
592 1078 1
1011 445 39
873 143 66
78 166 78
552 517 76
989 493 86
953 633 18
516 1219 40
571 318 67
547 579 92
331 713 28
466 977 46
555 1157 48
924 160 88
174 991 16
785 374 36
904 111 18
1181 906 40
844 390 60
239 202 58
571 1064 14
1191 447 24
1108 1212 82
543 390 43
351 1191 10
224 475 13
161 75 84
646 598 81
903 376 7
681 943 63
46 699 58
802 1120 58
596 953 79
695 67 22
536 85 15
1139 928 23
95 414 58
474 316 71
662 1081 87
1051 169 68
1086 876 80
434 1226 100
1238 36 32
919 337 95
985 802 97
159 112 19
827 579 5
1141 11 5
374 854 1
666 3 76
263 268 44
426 553 39
1249 446 37
631 104 88
710 0 16
1158 6 98
489 1168 16
1241 837 41
1176 498 39
968 707 8
524 342 89
25 1074 41
239 649 17
196 410 95
1144 321 60
228 747 95
840 984 48
1182 274 79
361 212 57
939 912 38
1143 740 18
860 14 2
1065 782 35
41 61 89
1055 221 42
450 765 87
935 582 17
1164 112 60
282 239 94
554 199 58
574 507 36
1076 590 92
1229 212 98
1129 468 16
0 220 45
1058 609 85
1110 961 5
85 972 45
1120 129 32
836 1170 23
209 166 58
366 288 30
1239 1045 49
437 1117 19
469 1157 53
17 1203 8
1163 959 20
769 712 94
788 897 13
1083 44 5
934 890 37
618 82 28
253 251 84
1190 1153 24
1245 910 54
432 579 80
80 609 76
984 1218 33
183 4 36
312 389 79
890 473 41
258 663 45
344 873 95
1158 135 78
1247 920 10
1229 387 95
1154 50 86
259 888 68
512 492 20
931 213 56
3 1025 20
1034 466 43
647 969 34
923 303 64
1115 530 43
731 1151 11
1120 934 91
74 730 10
689 457 66
543 588 84
161 288 41
1053 884 77
662 901 8
78 840 37
270 687 10
284 1203 40
1000 963 86
719 753 54
753 519 60
1187 115 81
1088 606 4
369 1156 35
37 142 41
633 830 62
99 1195 75
269 1 25
542 1235 44
1195 26 2
721 337 37
519 279 86
367 524 55
1113 337 80
60 123 18
422 1071 25
847 748 78
450 211 66
192 794 24
646 377 43
303 203 7
630 873 49
1233 1197 78
537 466 98
1043 378 90
136 1070 16
468 509 68
1104 707 86
838 80 90
477 912 99
682 842 50
452 945 11
182 1100 46
87 975 29
172 857 97
1186 746 56
692 1234 12
173 586 3
243 17 63
984 323 85
216 721 66
1217 728 11
665 1192 7
674 867 61
188 232 36
115 433 59
925 596 56
681 456 56
8 234 4
365 851 59
584 1238 98
304 319 19
970 969 4
174 1204 92
7 110 53
487 421 16
531 759 64
1206 621 14
735 1082 82
786 871 19
560 1106 90
965 272 87
880 35 97
745 1058 15
606 58 89
1249 548 89
388 802 90
238 969 37
315 617 65
230 962 36
741 741 56
682 1005 45
1004 242 23
402 506 45
396 1222 6
24 352 78
808 854 96
1127 1124 95
309 666 81
629 120 1
973 85 16
634 1244 78
183 730 88
775 469 42
641 800 16
543 582 83
116 323 14
561 398 18
1225 253 28
559 628 49
304 806 81
313 1188 82
12 1184 15
311 1193 5
654 1160 87
1179 616 81
628 586 70
228 337 29
1234 1203 5
933 753 51
830 770 72
725 20 27
48 263 5
189 127 98
649 617 51
982 162 71
239 81 8
182 541 98
1052 3 73
900 373 3
921 451 3
1231 669 49
953 600 65
844 74 2
499 935 57
547 750 90
571 1006 9
540 382 19
92 457 30
9 371 35
481 976 98
1210 404 98
431 1213 72
554 301 59
663 92 20
50 294 69
50 25 48
888 704 37
1174 817 35
450 488 87
1048 714 57
503 182 89
371 21 93
73 887 76
220 808 55
608 505 84
728 755 8
895 253 100
758 1202 95
771 337 80
484 101 96
1058 1189 69
72 289 83
403 184 8
31 706 17
1200 167 23
433 503 52
15 407 10
292 1243 55
1055 158 58
412 1090 9
1243 861 46
1144 944 16
284 1204 8
413 1048 49
301 531 18
408 42 92
738 19 74
160 521 78
1155 413 71
963 315 60
1065 371 35
234 99 66
902 1117 58
114 1154 32
401 1238 10
1235 358 15
1088 122 3
234 947 11
318 141 48
803 451 97
576 290 64
385 451 86
239 690 7
661 960 72
997 426 22
250 758 10
570 709 16
1181 597 69
677 795 95
647 513 90
448 284 9
178 502 9
1244 220 93
560 1133 69
1039 508 12
994 1210 72
767 988 68
950 226 91
626 6 44
983 832 48
566 1226 64
632 396 86
374 369 40
778 862 74
455 146 22
178 675 61
723 162 96
1196 295 87
957 997 100
392 1033 29
204 347 45
1191 158 10
341 484 19
66 700 65
402 1063 73
246 294 49
929 784 17
735 32 42
522 1050 88
414 302 90
632 346 15
995 1219 25
568 621 81
692 506 19
523 362 74
485 993 22
721 1125 45
614 1031 26
996 903 87
1243 231 54
720 981 27
964 323 36
752 1214 74
1072 455 18
735 826 3
273 373 30
401 389 38
932 541 10
373 255 33
1146 656 20
386 401 58
147 690 21
297 25 78
555 621 81
421 632 92
966 708 54
491 358 18
906 800 9
65 277 50
765 1000 13
1116 427 52
498 711 79
660 223 83
1020 1086 16
632 475 31
1204 21 6
500 838 9
425 423 56
759 908 27
834 804 12
637 308 70
175 764 61
346 957 60
474 132 58
845 404 65
124 884 41
1162 814 1
87 934 69
414 536 86
663 455 80
1116 984 60
195 237 3
315 119 21
700 597 62
760 596 19
234 549 6
898 104 48
1043 425 4
982 1157 59
1044 506 98
622 568 12
1203 66 12
405 962 3
743 35 31
877 309 70
1060 1119 68
1248 604 51
393 135 19
157 149 31
304 72 33
998 1093 3
1117 464 100
181 228 56
1050 689 81
393 470 83
564 495 3
542 110 28
176 433 32
175 46 3
44 2 30
97 353 59
1193 203 77
925 598 33
1044 361 62
368 987 23
693 1217 83
217 669 80
1139 406 89
85 752 2
100 1224 38
1199 302 82
469 944 32
297 88 92
259 93 5
888 1139 23
518 824 3
613 635 85
925 546 55
23 304 94
996 1134 10
705 555 25
526 254 5
1209 386 24
529 909 87
1011 261 84
210 649 13
126 477 86
715 1245 91
568 299 66
57 424 60
1071 247 64
476 294 50
436 381 26
1002 92 1
482 756 45
673 724 94
230 1100 63
711 827 4
652 151 4
571 1104 29
656 94 83
421 1102 69
733 368 89
698 955 41
1193 332 1
743 1007 86
973 1140 89
958 428 66
783 798 25
1190 239 92
1054 63 85
900 327 6
192 767 91
1215 1224 22
659 166 63
218 1079 22
147 1187 63
636 650 19
601 1189 52
1004 220 100
428 560 25
744 489 82
146 446 58
732 1064 22
1152 160 75
920 1095 44
652 496 61
910 44 93
511 668 50
526 151 2
87 727 43
653 83 57
845 890 58
1065 519 66
829 784 13
270 660 77
316 1031 51
749 373 52
1184 510 42
26 905 41
888 1073 95
917 746 6
180 376 87
682 675 29
584 386 36
1140 461 7
943 389 87
983 412 21
221 21 57
126 1017 31
798 1019 93
981 865 91
496 771 4
349 891 68
51 194 22
173 154 32
564 773 36
1195 1231 45
1141 1101 22
973 963 25
568 46 61
1129 933 27
820 257 53
526 548 26
333 544 67
935 1249 74
182 794 26
1201 781 18
523 1160 28
361 65 55
595 134 12
248 231 88
801 164 45
440 548 100
344 572 19
982 942 33
425 246 28
1043 1095 77
1070 1228 59
822 263 34
376 492 95
1012 543 99
489 142 64
462 402 54
1063 521 57
152 118 47
1236 547 53
587 193 15
716 831 90
992 1099 31
1190 469 54
1150 470 24
1050 646 99
809 242 20
946 355 77
563 838 89
59 205 63
725 1079 44
864 992 12
836 628 72
810 654 66
862 291 10
1089 0 21
907 1130 39
576 860 91
851 857 75
830 33 88
816 928 98
682 733 79
1059 274 15
1137 900 62
814 576 83
648 759 73
260 570 99
322 392 3
840 181 25
905 25 80
748 855 64
555 90 64
1139 68 30
1181 529 78
316 54 42
48 841 33
860 890 29
846 548 94
1125 349 43
12 23 49
392 522 57
258 551 86
989 874 51
1206 32 72
1039 705 12
781 340 90
612 841 69
1244 985 89
316 418 77
865 822 74
595 745 100
861 1214 34
951 709 10
821 672 4
35 139 100
1045 257 7
852 3 22
1114 872 58
181 945 57
100 317 16
967 1052 17
758 555 60
45 367 32
357 530 31
1198 940 9
356 860 11
255 877 65
955 1065 60
870 542 60
33 515 10
39 687 100
986 288 54
478 941 84
479 1125 71
340 459 49
651 257 79
250 27 97
466 187 10
1025 621 56
515 968 9
463 1164 77
757 207 81
1177 351 76
477 657 89
1223 1042 28
666 472 29
1228 888 92
390 706 98
1240 107 26
377 92 44
935 633 28
885 283 49
810 56 41
68 1224 28
59 846 47
216 1232 37
1119 551 58
203 351 59
879 199 57
509 724 79
579 964 73
1158 115 40
371 266 21
406 827 96
138 1120 42
717 1160 67
260 8 76
280 938 31
1190 720 96
567 767 74
1092 754 99
632 1170 67
554 281 69
194 1168 75
1002 1214 31
1149 594 91
607 574 70
268 422 50
189 1026 64
3 350 65
371 1055 68
560 468 98
431 343 19
1114 131 24
470 266 89
680 141 29
624 659 54
937 757 24
227 286 99
520 105 44
362 366 59
71 872 80
76 213 11
720 129 32
514 787 63
127 644 7
930 1100 2
353 804 91
928 314 35
865 305 48
169 308 19
157 886 16
1112 429 99
81 530 74
572 1024 5
409 721 24
387 436 86
291 1176 76
611 879 42
1165 212 80
995 743 28
185 65 59
455 258 17
539 878 20
561 202 76
1049 459 84
571 138 5
139 720 81
241 313 81
263 231 19
671 1008 57
598 446 14
180 190 1
584 314 13
440 913 54
800 252 94
254 523 85
969 304 10
180 983 22
918 1100 57
400 69 27
275 760 47
35 493 23
1142 125 74
632 740 71
124 849 23
197 595 33
1070 533 2
1174 786 66
897 976 53
366 754 6
1083 824 12
1248 1198 16
45 573 86
212 589 40
283 76 62
165 82 77
294 486 60
303 390 92
986 1145 54
232 384 5
601 1219 69
959 26 89
409 91 33
283 859 14
101 863 89
696 458 64
1153 204 4
1050 811 13
282 1040 38
778 90 67
249 62 39
242 725 39
29 1098 56
842 418 15
330 1060 64
765 994 20
239 558 95
123 61 43
796 571 3
54 900 68
816 780 42
109 846 57
33 366 100
681 190 77
1128 289 55
171 1195 86
200 849 14
804 653 99
917 1193 71
1062 546 45
297 1172 5
208 923 18
378 824 34
830 1016 48
1234 566 77
658 321 99
701 726 58
509 1039 91
1208 929 55
631 1094 45
1238 206 72
314 466 75
78 994 16
1047 646 14
809 577 92
414 1162 85
1029 479 34
1192 473 26
1031 800 18
1067 72 32
1238 842 99
719 598 22
573 707 10
842 909 100
898 320 51
594 1041 21
825 648 23
604 497 32
35 941 38
721 1020 40
433 627 14
369 1170 82
553 784 48
1144 455 11
1099 885 80
475 324 41
404 1177 82
746 299 79
1031 880 20
852 1148 27
83 344 40
844 829 57
424 351 57
194 469 20
544 874 95
816 761 23
635 146 36
587 446 60
828 381 99
1113 1147 67
740 1027 46
491 597 43
403 15 46
975 1089 18
123 1114 67
276 508 48
491 110 100
1131 1004 39
970 509 4
414 328 49
488 699 13
1021 1154 9
700 1162 15
312 618 70
614 712 84
1170 854 74
966 45 14
975 146 91
583 495 30
1243 985 32
444 487 77
647 460 41
1215 747 83
1242 447 44
1213 334 47
1117 1244 24
1071 221 33
1233 134 73
449 1017 92
562 1169 27
741 1130 50
703 1047 34
801 961 44
221 1124 13
539 274 10
546 688 31
800 758 41
937 657 22
42 16 40
178 970 11
1180 234 43
808 738 32
104 740 77
1126 102 26
1172 1167 93
653 1002 40
85 36 100
256 1150 79
212 823 8
1047 766 30
599 846 20
1132 896 5
382 153 19
304 1234 59
150 191 80
1138 931 74
461 429 44
172 83 34
1229 363 18
1218 1136 42
505 1127 15
930 1005 87
662 1203 46
635 741 73
890 947 97
776 985 83
84 193 88
1126 1205 19
6 12 34
1195 880 22
380 625 9
860 669 1
984 77 75
295 321 56
711 374 21
105 264 25
108 661 70
88 191 87
1221 764 78
1081 58 50
664 162 61
1219 1147 71
446 528 39
1039 645 88
1137 937 24
952 207 64
701 1165 2
357 352 29
779 1241 85
991 152 42
168 739 25
235 421 52
1230 729 61
798 937 93
598 1113 93
379 76 69
630 274 78
1109 299 86
175 966 76
1103 323 22
445 426 22
830 1157 84
933 420 78
1145 648 81
957 1096 91
644 1234 66
1038 680 2
1213 642 5
28 862 80
687 821 67
437 962 64
1024 239 45
966 23 29
1210 645 18
395 836 71
82 539 41
852 926 29
1017 574 19
767 103 16
798 984 15
175 1045 74
1009 36 73
121 332 68
9 590 46
940 945 27
1040 580 14
118 41 21
246 420 8
364 967 39
235 359 24
661 439 58
836 666 14
46 574 33
781 1002 67
350 157 58
499 1236 74
126 794 31
560 950 38
770 787 6
934 1220 44
720 1083 39
602 358 65
350 701 20
283 995 66
507 1019 57
26 972 53
178 802 24
495 287 71
577 505 55
672 1191 8
517 622 9
285 171 48
448 1195 25
578 666 74
469 189 93
1012 266 52
1017 1221 98
954 880 40
491 183 34
559 713 11
876 158 92
1105 1219 58
856 1202 4
457 293 88
51 496 7
69 769 27
151 824 17
1237 939 78
252 1088 11
1174 630 32
828 273 55
484 722 67
729 761 63
207 613 62
536 932 49
749 472 85
372 168 88
634 312 100
643 205 27
1087 1153 47
10 499 56
1132 914 20
807 383 54
296 488 24
948 216 1
961 953 95
782 34 14
816 503 36
450 988 43
444 908 51
875 672 68
164 274 29
330 9 3
686 404 31
794 448 22
748 877 42
43 251 37
573 823 40
1111 528 94
394 1113 45
50 51 81
818 318 11
1121 578 10
1229 1169 22
60 605 3
794 262 93
893 457 46
866 984 86
1099 1122 19
292 1160 43
547 587 11
828 1017 35
456 10 21
80 82 9
1022 405 67
1018 967 46
403 898 73
350 279 81
672 238 35
472 405 17
1036 116 64
815 65 62
247 1045 24
591 481 52
870 1071 42
1038 933 77
1035 1246 51
189 1169 31
632 834 33
796 186 76
1205 1004 100
1095 1199 67
396 1172 56
601 379 47
778 330 50
475 271 29
638 881 82
858 226 57
557 769 88
758 203 50
1160 919 63
1126 955 51
95 135 4
1128 927 92
494 425 79
104 1202 8
45 862 3
1041 56 51
1150 466 94
407 394 89
24 296 65
129 663 47
1215 911 100
1173 1081 81
433 341 78
791 897 74
38 298 99
750 1053 79
625 640 88
1231 1086 89
402 952 71
777 315 10
1078 1148 31
1083 117 50
30 896 40
866 707 74
940 381 24
1221 998 53
994 626 75
510 751 94
1225 724 29
80 202 73
872 1078 79
174 480 28
950 82 20
823 52 92
1132 930 91
94 1113 94
239 444 27
461 735 79
929 930 42
290 131 48
71 579 15
138 101 26
692 608 84
179 622 99
136 417 46
1157 1178 79
544 977 14
1229 395 30
376 1217 55
39 82 25
385 800 66
664 532 90
1066 930 72
666 593 81
789 1126 24
564 261 44
100 513 15
413 661 4
241 640 67
997 681 77
1149 270 11
610 88 11
586 144 62
948 87 68
392 904 75
768 524 75
332 168 40
706 304 8
244 667 39
1062 1132 57
1125 902 20
63 65 87
658 877 56
908 206 26
1186 224 22
348 623 43
1141 812 49
781 147 73
641 925 78
248 213 93
1155 1086 50
1133 61 2
266 1094 27
970 1086 37
631 1117 100
221 606 5
129 1139 64
192 768 98
774 823 24
336 9 94
868 1237 61
1176 986 85
714 43 13
741 867 8
1200 885 16
542 1230 96
211 297 84
6 812 96
625 73 64
364 80 66
1246 1145 24
462 957 95
1010 358 90
84 1051 86
904 252 10
213 736 21
656 142 30
355 1063 41
705 285 84
718 479 6
39 248 77
689 181 44
767 1235 87
721 477 11
159 1112 19
225 634 12
1137 596 38
113 267 90
138 591 33
1211 576 13
551 505 1
494 678 5
748 762 17
846 576 95
520 405 46
1158 161 3
576 242 54
691 852 4
621 502 47
151 611 29
1071 834 4
548 1167 24
1136 146 41
431 1099 75
127 1042 42
856 894 99
466 890 96
581 364 25
728 604 14
441 555 57
864 668 19
1229 47 26
626 1043 90
686 185 26
334 807 82
824 342 23
1193 341 62
861 776 74
119 608 15
386 867 7
272 207 33
928 959 1
647 856 53
14 88 78
883 523 69
311 553 95
1248 592 5
863 318 49
1063 1233 30
88 1144 36
843 191 39
670 952 50
420 1233 98
909 495 34
984 755 34
1197 100 44
255 773 1
586 974 20
888 876 100
1082 1184 31
677 262 99
1116 1078 24
613 1185 66
145 389 59
272 496 7
766 393 65
159 88 38
6 202 94
151 1084 40
14 574 44
954 682 53
237 183 73
283 1140 6
1001 916 1
711 84 44
1118 827 22
806 98 58
943 427 3
1185 659 1
1131 694 53
1068 687 30
150 489 92
453 982 96
797 1164 84
171 1245 20
351 348 97
268 821 15
321 722 9
132 815 14
1115 197 31
928 59 30
73 38 2
221 946 34
635 1039 8
41 150 50
952 605 40
378 755 74
990 460 27
143 944 23
1110 680 9
1185 1168 97
299 275 74
480 1244 48
1008 566 21
892 288 92
932 747 8
1080 78 14
644 67 36
851 1214 26
90 1224 64
337 497 57
460 380 95
750 949 28
1249 429 91
476 749 1
1176 829 3
104 1066 61
678 666 52
729 43 41
368 130 3
673 625 65
628 1021 98
1008 1149 30
210 574 67
1039 250 66
736 1249 24
176 408 68
919 1074 48
