1000 5000
23 269 22
489 817 27
328 841 55
73 544 32
784 688 61
403 166 67
413 534 20
954 208 2
172 645 62
696 646 81
158 977 21
129 768 19
824 394 54
257 466 6
248 881 31
362 390 69
664 234 30
482 724 94
299 54 14
617 43 41
431 13 70
952 453 68
235 541 31
441 610 100
7 592 12
215 753 93
587 179 87
209 318 69
740 502 49
887 309 13
744 702 68
507 522 13
671 163 87
833 89 21
77 170 90
78 643 11
56 311 98
786 69 83
744 765 51
320 789 13
225 954 68
444 971 10
316 437 79
249 545 87
904 966 74
122 869 79
436 414 89
268 177 57
577 644 34
686 350 52
514 115 91
803 730 48
991 202 54
674 807 4
551 242 37
931 406 75
644 126 19
814 298 81
824 309 83
620 596 91
726 21 100
676 949 67
727 268 3
925 588 5
614 255 28
460 839 95
927 467 88
571 621 47
360 328 54
824 898 38
530 198 8
922 609 84
589 767 79
826 942 20
597 220 70
988 59 19
440 357 83
825 515 99
244 375 59
454 550 85
783 277 59
361 422 83
246 456 59
660 620 14
963 538 9
344 683 72
188 287 52
50 191 81
900 961 15
132 562 75
535 179 58
572 268 39
315 44 50
392 938 31
800 660 26
77 742 30
909 780 86
649 678 44
69 750 33
611 896 33
411 217 60
142 851 91
434 970 100
223 591 94
904 956 41
449 848 38
659 647 3
577 930 95
153 744 16
160 113 84
121 1 54
208 416 15
739 395 15
953 250 61
294 187 71
335 62 24
250 359 64
859 735 97
848 527 81
87 640 5
508 584 51
370 812 19
268 135 15
96 317 97
847 134 39
855 351 10
194 138 74
593 361 45
633 953 21
612 627 68
766 478 22
330 160 22
347 630 49
835 228 97
378 39 66
77 675 44
888 25 92
72 100 86
330 640 69
522 973 6
345 188 94
426 542 66
899 373 47
335 572 16
419 940 100
591 503 60
510 47 81
843 556 95
929 350 43
436 165 29
184 442 86
439 199 84
777 449 6
398 857 16
905 134 9
662 500 76
525 811 79
866 268 59
491 592 37
524 71 40
556 494 52
965 540 57
746 553 34
319 288 31
200 990 11
256 95 90
553 265 34
653 195 76
455 435 29
153 921 98
156 889 2
679 470 45
681 684 61
801 255 94
783 634 78
142 762 33
210 869 86
359 253 94
395 432 25
871 321 30
858 719 52
854 570 95
729 758 37
651 191 44
175 174 82
71 259 69
664 708 41
312 877 43
236 254 19
969 187 95
727 796 60
665 872 23
99 962 72
514 862 2
11 901 86
858 312 54
681 869 5
276 551 26
970 604 6
228 362 94
749 933 2
38 390 77
440 64 49
905 900 36
811 443 96
50 243 8
233 515 76
805 693 24
919 780 19
956 487 58
711 787 43
813 458 59
780 808 9
570 486 32
10 45 65
878 685 46
253 383 96
752 421 68
699 415 79
188 826 63
529 992 97
344 303 38
422 571 25
507 179 3
661 971 71
143 144 1
875 494 57
37 308 7
931 655 28
41 762 40
698 30 24
971 378 84
152 516 1
727 70 54
682 534 53
336 901 39
236 212 76
907 254 33
62 243 7
103 607 43
872 630 77
482 374 65
316 976 23
943 139 36
758 155 11
806 546 100
46 958 17
279 738 93
410 299 18
0 37 73
307 333 15
799 331 57
542 197 79
211 803 55
721 503 5
89 405 39
990 418 79
892 945 70
342 905 91
665 548 7
42 779 1
234 116 3
96 11 27
558 163 35
485 336 58
615 758 45
503 372 9
212 12 38
170 879 20
658 83 61
2 181 43
102 537 100
689 25 13
283 130 72
115 40 1
551 68 49
66 329 91
320 824 58
999 465 66
274 167 96
847 348 98
310 642 81
255 854 24
743 137 89
200 23 40
398 161 86
78 882 84
963 3 20
850 284 14
262 136 81
521 980 62
807 413 64
605 305 23
271 364 26
364 622 16
566 86 9
686 910 61
110 989 42
814 86 23
884 134 77
792 979 51
108 337 72
288 235 22
704 756 29
478 566 69
430 896 50
19 609 19
182 183 47
944 836 12
924 765 41
286 39 16
724 14 92
824 583 53
50 988 27
296 642 15
782 992 51
494 184 34
871 51 89
604 914 68
812 417 87
205 811 78
833 159 41
535 768 72
292 742 85
697 987 100
832 757 66
607 505 34
538 986 25
71 580 18
88 8 65
808 658 81
398 644 16
740 390 13
457 472 86
217 914 71
796 254 35
387 401 54
252 698 42
475 350 59
59 620 15
701 281 61
681 773 75
900 210 24
567 65 82
758 154 28
271 436 14
705 14 61
225 594 56
73 950 81
610 877 72
819 770 15
682 851 4
182 886 54
957 936 48
999 805 15
290 368 83
782 13 83
978 488 34
675 67 70
578 291 73
29 243 73
520 305 23
289 113 68
384 936 75
958 914 40
894 923 78
106 267 18
747 835 75
368 164 83
153 703 3
817 964 40
93 290 42
804 668 22
644 979 89
541 806 12
606 15 63
462 164 19
772 303 96
548 233 65
404 158 6
810 648 74
943 482 36
294 620 26
605 945 24
911 486 8
405 14 89
459 181 74
733 340 27
497 906 52
62 3 97
393 83 29
782 919 16
761 469 97
770 204 56
933 981 11
630 835 62
263 911 41
845 989 34
356 776 44
599 318 38
143 154 38
513 807 63
562 473 56
918 184 32
279 791 66
100 788 54
982 189 57
862 788 72
103 89 4
531 659 33
465 644 85
538 943 30
24 258 3
198 819 98
288 807 99
565 553 10
414 333 39
57 901 73
162 167 79
861 80 36
319 120 77
654 92 22
174 151 55
882 472 64
528 3 9
751 122 24
973 492 32
829 761 9
268 80 87
523 963 87
783 443 21
67 253 26
136 321 37
530 76 43
390 59 91
435 714 91
478 313 41
517 866 80
124 723 15
572 606 97
47 879 21
682 698 79
10 773 84
636 702 54
52 330 46
989 870 26
690 758 5
993 766 29
441 564 64
138 824 98
912 196 78
122 80 40
587 712 2
893 860 55
348 862 2
834 53 66
162 451 5
912 512 52
490 450 90
995 505 5
285 257 1
739 365 42
297 809 94
983 723 31
344 433 32
17 376 1
100 423 9
894 410 38
567 998 5
960 102 70
64 864 33
888 648 54
993 993 77
371 89 37
939 669 78
32 727 71
134 299 86
152 747 11
430 902 45
237 99 78
655 675 3
11 241 82
887 92 77
16 43 51
839 97 49
475 839 15
332 27 15
748 525 44
64 256 57
972 730 49
17 665 78
660 660 53
887 27 6
481 489 58
88 798 11
640 970 81
832 779 60
800 961 93
956 772 48
178 409 25
300 920 63
34 366 29
396 770 34
8 206 55
49 331 89
605 704 87
39 499 19
15 854 47
594 363 62
312 321 46
674 202 8
766 902 87
187 488 69
235 749 81
690 825 71
627 398 59
952 895 62
563 335 62
944 419 77
89 980 35
345 395 25
780 553 82
166 362 54
577 646 90
316 987 70
305 744 65
497 115 10
366 601 99
346 711 47
230 186 73
727 733 93
615 598 22
258 935 20
201 29 22
273 18 1
551 768 18
375 487 65
690 904 23
869 618 69
273 290 16
182 313 34
29 950 90
491 462 88
47 570 36
548 782 96
355 475 5
8 340 20
154 669 89
334 282 1
201 911 64
217 630 66
15 184 75
675 585 51
666 112 55
618 710 5
258 753 43
492 249 91
522 913 35
543 329 70
293 990 15
924 686 55
337 129 8
645 614 100
757 7 77
708 357 78
238 125 24
359 395 87
646 38 16
158 291 38
631 382 52
217 367 65
233 591 75
7 50 64
842 976 1
306 710 62
398 287 79
846 206 71
599 291 29
67 775 95
397 823 18
521 57 18
150 872 45
203 416 90
451 567 71
160 902 83
909 322 8
963 986 72
368 576 58
670 444 80
301 153 69
642 938 10
231 561 66
774 913 41
772 227 68
293 746 66
764 241 51
40 306 37
771 358 39
8 362 27
836 326 30
894 667 99
474 278 76
94 484 52
22 920 28
475 25 2
149 622 10
481 388 74
896 561 44
905 593 29
642 512 71
752 579 59
174 238 33
514 885 72
470 128 43
679 8 33
427 18 42
701 211 4
0 37 47
9 483 1
298 563 85
287 1 79
130 29 72
81 379 81
991 737 44
348 219 59
438 300 24
399 673 77
236 748 80
999 814 84
295 466 100
149 644 65
559 258 34
439 448 21
163 257 18
840 532 69
182 132 76
370 658 55
861 251 14
393 494 79
812 788 26
786 778 29
624 737 99
820 538 60
907 243 96
94 807 69
435 442 93
544 575 6
363 732 17
867 206 93
627 868 39
699 959 32
147 182 19
799 465 9
849 262 20
898 301 83
767 204 23
771 890 48
828 632 15
59 568 14
945 270 19
62 921 1
12 598 34
689 164 63
224 373 56
698 975 22
902 688 19
390 936 80
202 655 30
312 582 29
331 203 59
998 427 87
22 794 21
372 478 60
965 344 37
910 563 74
713 779 23
966 902 58
329 832 33
303 911 15
749 607 4
608 149 28
996 976 63
78 986 34
827 590 59
306 653 54
81 935 71
152 71 91
191 354 6
724 873 24
505 587 59
493 524 50
178 229 99
906 650 99
179 962 7
264 945 89
65 485 86
209 418 24
486 492 82
126 296 52
719 339 85
895 994 44
511 605 83
197 137 62
617 225 88
113 8 89
636 664 30
904 608 25
845 4 60
625 874 35
623 284 88
314 341 95
351 551 78
750 233 27
545 414 96
761 687 69
452 916 87
273 530 92
800 798 41
7 468 83
196 936 44
336 594 71
467 463 21
776 212 43
865 584 11
96 680 13
872 322 51
591 101 40
591 393 100
629 649 21
323 972 13
587 140 72
14 433 59
302 900 73
54 305 44
292 534 5
112 294 59
619 819 46
133 985 42
355 297 28
917 743 13
729 647 49
669 830 61
331 575 61
421 370 30
937 498 22
429 33 30
584 184 61
317 966 43
935 807 36
820 196 31
956 841 35
62 181 66
429 318 93
108 693 22
396 459 92
653 725 49
155 493 44
586 926 64
507 470 47
785 696 50
896 597 87
112 987 15
555 465 29
973 529 53
835 696 95
484 792 62
467 145 95
399 622 94
501 326 26
298 205 10
69 565 95
154 991 60
887 7 56
934 76 65
164 357 5
25 73 10
257 881 37
470 410 8
473 578 33
358 348 14
986 501 18
882 428 36
448 509 73
150 669 65
321 786 47
928 198 19
871 741 100
862 763 14
292 378 100
577 937 90
759 832 22
599 962 32
208 625 20
603 995 78
882 868 48
903 242 37
424 821 70
885 778 40
306 79 53
230 276 18
553 53 13
503 653 55
696 918 66
733 874 100
359 877 29
417 711 65
13 730 25
306 396 95
252 459 47
370 104 85
866 563 13
628 918 82
83 236 11
828 133 55
297 987 45
515 278 18
336 453 10
241 311 45
712 42 23
29 310 12
422 193 2
952 496 13
853 138 86
219 605 69
71 506 74
277 638 17
10 505 4
301 55 34
952 578 23
638 289 97
91 404 81
586 390 9
150 852 71
174 926 32
337 718 67
537 885 44
349 288 96
630 94 3
794 318 13
102 451 1
333 176 93
653 140 66
544 754 20
82 722 43
609 994 2
986 976 98
40 746 76
87 544 39
897 71 80
231 450 65
92 271 54
287 922 59
482 245 53
627 700 20
506 678 100
996 740 21
191 783 64
611 895 57
346 747 26
196 950 30
20 210 99
153 698 79
512 454 11
809 674 87
491 79 41
640 863 62
703 89 55
103 860 3
223 338 62
784 265 65
990 11 67
345 805 98
734 614 56
355 425 18
546 129 62
920 124 36
658 871 42
137 243 30
930 803 72
313 284 86
916 55 16
373 486 29
535 354 56
891 413 51
686 761 98
275 459 47
207 443 2
679 777 49
11 719 54
358 78 31
792 311 65
764 431 83
118 441 47
64 616 91
115 445 95
316 993 51
425 639 77
853 429 45
754 257 22
608 946 77
840 329 2
55 133 36
661 201 86
732 659 55
325 689 97
564 488 62
230 836 50
379 380 21
486 518 87
580 615 15
661 130 98
403 277 82
459 926 30
646 303 31
637 344 1
669 850 70
777 42 4
819 561 50
917 165 42
766 732 74
330 503 99
104 77 42
901 465 93
798 610 65
478 143 19
525 160 39
143 508 33
168 301 94
190 809 15
760 81 98
595 755 83
404 424 1
616 128 75
360 970 57
382 941 39
684 749 26
228 619 33
47 62 67
597 818 4
730 820 59
473 794 9
490 40 73
900 556 88
774 752 86
580 717 2
937 121 82
775 8 38
620 162 43
271 922 75
364 378 83
386 468 21
631 994 47
751 378 28
744 430 71
540 700 78
638 639 65
418 316 67
456 233 39
700 560 87
801 768 62
110 439 64
975 687 26
542 967 87
20 528 34
209 89 53
731 888 29
363 403 54
281 359 63
655 24 19
920 14 81
10 196 23
123 150 67
800 595 6
466 748 24
690 828 67
176 776 64
629 943 64
114 305 85
710 402 35
324 113 28
330 589 59
93 544 60
778 244 74
94 784 56
585 213 58
959 939 34
621 61 82
676 747 18
473 978 27
291 560 12
526 621 71
18 576 19
675 923 20
471 216 98
579 695 63
685 737 85
178 272 25
887 508 68
85 144 21
732 126 46
313 109 89
826 657 20
387 546 1
137 222 73
325 482 48
731 126 78
121 876 69
691 966 96
45 936 16
200 105 22
650 22 28
606 497 57
254 419 100
536 801 49
802 650 47
457 100 65
23 253 70
947 800 93
202 751 18
592 56 42
597 540 96
445 147 24
449 121 94
98 70 88
228 748 91
285 2 59
632 391 39
674 507 31
263 833 35
128 287 44
25 831 33
696 502 31
667 960 54
764 225 40
528 826 87
486 828 81
392 308 51
38 152 32
478 695 26
605 526 77
630 276 65
323 565 91
437 386 83
6 623 85
682 669 55
874 950 33
565 240 50
754 801 72
735 858 85
767 429 63
101 56 38
192 733 81
910 742 71
112 355 33
193 814 68
469 60 91
84 151 45
420 971 93
124 880 17
111 549 31
278 756 55
202 774 22
711 19 46
346 503 66
732 870 10
584 962 10
575 670 57
894 694 80
7 691 16
159 177 59
413 539 18
326 161 19
48 659 50
700 426 85
558 584 11
844 389 58
768 906 49
122 40 32
701 225 100
142 376 49
657 369 3
415 29 76
81 294 34
986 309 88
428 78 74
761 150 49
714 822 27
483 931 75
635 738 45
463 971 18
440 272 7
573 5 36
335 934 53
170 738 48
97 762 12
189 930 22
385 823 30
154 6 60
185 798 47
351 779 82
527 329 52
281 412 73
673 376 76
261 709 82
745 972 80
539 911 39
709 852 50
40 80 71
123 567 8
781 65 10
563 447 52
312 160 48
700 616 10
307 394 99
291 418 38
687 906 40
337 352 83
518 311 62
927 94 52
916 784 50
627 929 43
740 185 94
297 270 21
853 58 38
202 453 10
803 273 41
250 676 74
187 986 93
784 903 64
133 776 86
719 154 93
25 916 30
422 489 47
258 147 40
456 225 77
41 809 24
75 312 37
933 626 100
676 286 31
427 759 92
420 723 24
229 174 63
657 165 36
810 897 33
957 404 30
183 848 24
575 348 58
232 494 34
497 612 32
30 426 42
193 244 40
960 876 23
444 890 28
585 294 59
417 243 13
112 676 84
501 904 97
718 443 15
23 258 31
679 818 97
240 504 62
453 886 59
523 599 4
521 923 95
500 322 29
621 197 98
179 431 29
512 773 44
443 651 67
18 136 67
838 817 6
593 156 83
872 375 52
693 760 98
549 835 100
32 585 48
212 480 55
111 697 95
480 341 46
372 449 71
744 597 12
705 364 51
269 176 80
55 681 38
508 793 13
160 882 42
276 1 72
24 947 54
358 23 35
18 792 88
637 358 43
910 445 20
942 738 65
912 382 86
378 330 62
385 895 62
873 191 10
393 302 4
96 449 10
911 867 25
481 57 98
953 646 96
592 813 54
915 68 2
703 659 14
710 818 95
866 626 80
227 237 15
604 643 45
975 253 79
270 751 76
164 672 51
959 673 39
172 848 64
529 426 4
289 940 90
321 311 50
339 575 68
7 348 33
231 413 67
31 210 56
664 802 23
516 821 27
255 54 76
190 853 35
76 762 81
616 139 79
343 990 90
909 717 5
580 699 29
911 124 64
491 161 82
275 382 38
780 226 72
625 660 53
837 504 87
455 848 56
664 377 73
823 627 45
64 70 82
643 529 20
8 869 92
645 886 94
210 290 18
439 110 57
198 504 37
32 122 69
168 711 35
808 852 75
410 347 69
2 95 94
33 627 51
913 900 79
489 250 97
931 853 18
176 527 56
276 661 56
516 863 22
880 156 26
246 78 29
905 528 71
469 700 54
660 726 64
442 620 59
187 571 93
25 124 35
171 533 5
77 727 33
643 582 42
684 353 15
779 939 55
500 39 58
148 259 99
416 341 61
359 621 38
754 402 92
18 796 44
226 683 73
219 616 77
550 745 26
591 386 13
629 497 61
9 878 75
778 398 5
599 369 44
261 790 53
541 548 51
440 455 2
96 675 18
924 913 92
283 360 23
995 496 90
83 961 23
951 558 28
873 368 16
200 553 96
877 341 11
693 785 68
549 735 60
783 69 9
734 774 18
980 119 87
50 147 92
523 960 29
355 199 43
770 741 63
713 880 82
197 825 68
960 853 92
482 141 72
256 40 62
970 539 68
528 82 1
527 314 68
237 875 31
636 878 64
705 498 2
533 74 19
46 144 5
792 299 67
597 431 37
778 939 77
914 268 56
59 152 45
831 260 73
858 797 50
79 390 20
442 656 93
90 970 98
476 328 52
128 66 6
162 835 36
907 9 11
380 666 62
861 419 61
154 293 15
685 254 22
25 479 90
266 231 54
563 887 35
503 266 45
28 155 73
202 165 37
234 540 6
371 227 20
797 323 30
143 0 93
123 268 1
335 546 53
265 261 55
943 744 59
221 15 62
640 442 27
115 143 90
151 783 65
130 811 33
780 876 6
472 44 13
719 761 27
96 631 20
519 860 75
511 126 52
775 235 75
889 328 40
836 726 64
592 138 70
639 283 25
996 729 60
579 186 77
332 912 61
817 991 95
842 598 3
68 39 88
437 594 14
679 150 50
205 600 49
728 399 96
712 685 46
825 359 69
302 4 21
975 607 13
524 587 54
375 166 24
130 678 73
226 143 22
856 958 60
871 938 74
318 727 48
877 564 60
981 608 86
909 691 24
151 250 64
275 730 96
833 721 18
21 885 49
481 978 11
635 799 96
970 733 87
838 142 26
64 793 8
260 841 76
401 571 74
765 153 50
491 272 74
171 448 89
464 484 10
73 932 71
626 373 98
708 116 38
630 654 93
532 602 49
365 872 21
903 112 53
186 555 82
305 696 70
519 996 49
434 416 23
945 195 22
735 353 22
831 482 30
183 812 87
480 993 46
154 103 23
174 297 82
621 786 12
33 892 37
621 501 70
808 336 45
736 968 93
43 569 90
624 746 30
204 799 81
334 970 77
193 961 4
143 894 63
62 175 70
522 602 92
929 992 24
186 105 72
580 343 77
302 869 81
360 306 21
766 876 61
79 149 46
684 934 6
894 669 29
308 970 63
369 715 66
168 537 78
428 451 17
42 585 19
95 25 21
876 27 9
641 645 100
128 896 62
761 236 38
515 989 44
486 394 10
900 112 77
485 100 15
416 649 81
933 388 36
581 975 49
691 316 37
922 717 89
143 750 59
760 861 91
178 165 44
826 823 93
918 93 87
452 77 80
557 666 10
613 318 98
836 441 28
406 685 26
1 283 13
732 499 27
870 444 23
292 509 7
302 257 34
83 74 53
564 173 64
783 222 20
628 463 53
287 709 46
441 135 1
197 773 44
9 884 38
683 359 23
496 687 61
79 137 52
384 267 73
12 519 59
543 961 58
627 904 68
96 693 51
719 665 66
263 585 57
845 109 61
277 537 15
787 17 48
878 767 9
654 372 16
646 727 9
322 640 10
207 370 8
199 26 47
582 796 36
443 884 63
9 622 58
162 658 4
898 369 66
927 269 34
950 442 51
684 322 85
980 868 2
313 915 75
390 72 95
160 544 73
664 632 51
454 287 40
320 360 48
82 34 17
693 610 25
946 193 81
134 309 72
76 757 55
81 721 84
291 426 96
422 7 59
537 728 56
97 672 15
282 177 12
566 14 60
213 689 23
570 213 26
114 735 67
822 701 55
451 240 16
94 70 11
461 292 47
380 609 23
513 497 76
865 600 90
449 823 54
273 598 63
867 835 27
643 27 70
754 143 10
784 444 38
650 956 44
250 349 62
79 274 13
238 359 33
500 42 64
949 809 28
45 652 64
874 231 83
473 704 66
168 10 31
622 864 25
940 397 69
555 960 32
457 682 80
0 590 57
677 408 74
874 558 64
175 781 41
280 960 2
412 652 7
893 216 3
7 981 6
337 226 91
686 801 67
727 993 49
64 84 81
706 771 53
587 902 36
941 329 20
714 493 99
6 259 79
149 357 83
819 423 64
480 458 86
561 3 59
473 829 48
154 570 12
482 457 73
933 874 56
710 90 47
823 579 94
650 647 72
490 147 73
274 362 72
158 885 53
893 394 82
768 362 52
313 699 27
477 844 36
958 105 29
355 520 95
519 297 10
295 270 81
205 958 16
214 13 11
901 856 40
544 923 59
267 681 80
887 560 11
543 482 58
674 641 87
299 853 29
296 601 73
939 99 36
266 601 44
146 654 92
221 42 85
7 629 95
668 649 73
884 976 80
685 286 2
314 922 75
790 97 41
845 806 27
696 522 57
621 625 31
908 233 21
674 17 69
43 471 53
694 108 69
483 704 57
128 157 17
798 417 93
757 891 21
170 852 16
601 331 8
381 586 62
16 246 22
975 653 51
420 368 89
692 574 39
280 607 77
574 811 77
173 632 2
496 991 74
138 851 90
425 358 53
85 936 14
23 809 72
160 42 30
850 234 74
473 129 32
91 754 99
532 229 80
51 963 64
947 965 71
945 812 82
419 912 33
432 122 37
564 428 36
648 279 100
928 568 63
737 253 39
268 516 97
361 837 97
36 591 70
283 94 1
264 942 8
521 794 13
238 111 12
729 566 74
648 245 53
308 403 98
671 618 63
779 576 43
948 945 77
633 79 29
413 454 52
438 559 36
109 309 80
206 435 56
924 614 97
149 555 49
37 871 10
250 80 1
383 817 69
447 11 78
60 908 63
179 358 82
939 215 76
393 970 65
474 431 84
92 708 90
966 633 64
287 384 81
127 759 86
649 104 54
46 493 87
397 382 99
408 596 71
813 632 69
17 835 7
151 926 70
117 287 74
199 145 85
359 680 82
198 740 9
843 613 46
452 721 64
623 852 10
813 282 69
613 441 96
32 324 91
53 544 21
112 754 70
41 946 65
997 889 44
235 398 34
106 693 62
434 114 33
930 852 43
252 913 14
218 103 78
317 258 65
743 475 8
179 311 70
490 22 84
925 697 84
866 963 23
393 478 81
354 180 57
739 569 94
450 600 83
649 874 37
107 350 81
737 40 56
680 110 93
707 570 58
425 836 18
610 464 85
401 188 55
296 12 27
376 306 67
108 580 39
453 763 38
208 233 58
787 787 22
625 972 31
256 821 82
669 634 7
587 632 5
592 284 4
847 514 83
782 464 92
80 590 89
434 574 89
309 864 18
599 754 12
242 269 86
433 587 82
9 73 68
39 964 80
604 483 95
879 764 92
734 673 93
192 576 97
197 214 100
939 966 32
353 837 49
755 98 24
358 878 57
837 233 20
15 899 8
896 749 35
528 225 78
408 398 37
598 133 18
924 965 58
384 630 1
699 385 54
384 238 27
541 3 11
765 956 56
95 786 29
11 172 72
136 314 85
317 417 62
260 48 53
376 597 40
509 487 1
770 540 62
544 428 84
562 623 81
73 797 86
897 742 1
22 911 37
687 272 63
764 155 35
551 729 25
324 517 15
909 402 54
138 564 25
745 285 54
928 859 49
311 806 36
479 639 44
153 39 1
811 547 8
988 78 32
993 948 38
315 856 99
755 323 11
338 391 14
190 186 57
158 149 46
462 781 5
287 722 79
900 931 79
601 219 51
768 374 78
509 791 95
988 978 1
984 524 72
606 376 30
871 274 18
212 354 6
54 680 53
433 194 44
922 21 11
640 886 96
164 665 35
216 143 15
489 626 17
12 187 16
628 916 3
901 947 12
715 366 81
422 687 92
147 747 39
665 983 92
72 626 84
594 178 69
793 144 77
281 680 21
167 644 29
362 107 35
895 647 43
869 402 51
858 488 85
817 654 84
650 40 11
750 475 24
223 919 7
197 997 37
945 286 79
711 738 99
901 465 17
677 967 77
843 950 34
252 85 54
75 53 45
165 772 26
194 193 23
275 374 78
298 727 17
139 515 26
682 939 69
206 341 40
112 747 18
917 532 57
646 636 94
786 352 55
390 734 47
503 565 43
12 120 44
409 942 31
970 48 21
737 766 39
976 257 14
781 864 49
29 220 37
365 644 22
40 614 47
619 873 39
580 304 5
576 527 54
962 697 48
158 320 17
709 168 75
214 888 7
148 203 13
871 564 24
732 376 11
567 301 73
315 486 44
127 676 19
170 782 9
640 671 80
403 209 14
697 142 98
112 329 58
390 791 29
690 939 6
591 809 60
849 62 86
542 221 60
327 879 16
464 758 35
484 835 89
40 286 43
143 224 56
102 569 97
127 971 48
632 818 42
316 222 29
580 711 81
267 18 19
105 521 62
882 37 55
482 246 38
288 220 39
47 81 35
362 725 81
984 26 16
819 496 63
571 758 70
603 752 68
649 179 15
572 230 6
444 446 85
617 188 61
255 365 42
684 589 8
82 866 68
649 472 17
868 71 87
64 388 85
275 790 22
590 6 76
942 233 18
460 395 2
440 780 84
596 611 83
624 985 31
353 628 11
216 540 92
926 179 13
233 599 38
443 362 20
642 598 47
616 513 76
586 704 19
59 79 67
597 886 13
457 534 42
563 302 34
854 901 19
791 159 94
49 398 83
222 258 63
519 802 66
529 620 78
163 164 94
249 849 19
627 991 49
233 439 5
454 209 74
252 479 12
787 719 50
993 6 74
825 299 92
311 122 30
809 315 55
958 112 29
199 585 8
596 805 33
699 254 87
892 405 95
447 740 22
434 555 100
7 10 17
782 881 34
922 390 8
224 527 48
129 38 96
74 246 40
176 559 44
283 259 64
731 131 56
867 471 89
421 33 48
570 767 43
579 145 2
379 83 24
272 995 79
102 638 31
647 577 78
442 389 14
530 392 3
906 921 44
420 218 57
457 299 94
541 355 38
230 736 15
557 898 98
821 492 73
74 342 26
615 432 5
8 669 12
838 479 58
411 32 44
537 271 49
609 703 60
718 731 80
938 607 62
929 914 39
852 814 60
530 519 19
456 687 71
534 545 69
962 949 84
18 47 74
44 841 25
778 8 8
539 957 17
642 478 17
252 428 40
501 116 72
187 519 70
810 278 81
69 505 69
743 113 69
100 903 70
182 783 81
989 644 31
483 561 36
402 886 85
739 104 39
746 583 67
726 830 67
542 775 87
902 138 17
37 993 26
76 645 60
58 207 17
640 253 42
91 93 33
777 300 99
319 385 75
915 751 37
450 568 34
992 85 53
617 463 68
78 35 29
272 497 92
46 287 9
219 745 10
816 964 79
269 476 3
48 308 86
188 536 50
411 828 39
587 781 42
371 791 2
250 795 4
489 906 51
794 845 44
934 61 25
275 730 95
597 886 60
656 514 81
831 286 14
751 222 97
61 925 84
797 600 38
707 341 48
718 34 42
965 516 51
238 182 76
690 678 79
686 892 30
302 750 62
599 259 97
220 436 15
596 73 58
387 813 2
43 672 66
48 584 87
69 935 64
760 196 27
166 626 99
417 792 86
436 296 73
678 676 66
614 717 8
996 328 86
768 506 32
589 804 66
847 607 89
483 44 3
296 617 3
129 697 32
523 917 43
893 583 31
931 735 99
64 205 44
95 859 35
757 994 92
733 579 72
523 526 42
529 725 14
688 350 42
148 578 17
385 295 60
666 90 18
736 108 90
734 148 50
867 417 70
72 397 59
359 302 13
268 346 99
987 381 7
755 737 98
596 496 25
519 304 37
177 462 44
623 227 40
957 825 4
936 887 77
724 253 74
729 96 27
660 994 53
954 15 37
597 489 31
265 735 3
29 550 14
468 264 84
987 647 51
926 185 85
572 301 25
689 919 69
575 280 45
796 666 5
600 589 6
686 817 92
22 819 70
856 610 32
575 200 55
55 540 88
41 733 48
837 798 50
565 346 26
388 961 26
993 365 16
580 890 21
15 271 15
434 973 39
211 601 62
421 751 64
802 123 13
732 917 85
743 516 71
319 160 74
509 299 91
30 568 55
347 503 46
174 757 82
90 471 93
592 969 20
59 117 67
278 193 37
724 62 36
912 724 14
417 147 30
695 56 100
663 862 32
437 363 71
827 85 38
603 731 78
443 958 62
611 402 43
42 820 62
576 200 97
443 23 49
10 667 25
828 504 47
690 940 47
298 633 32
22 121 89
699 162 67
777 409 80
186 144 83
724 676 65
366 24 84
398 452 86
96 997 5
894 513 58
498 475 89
492 672 59
497 126 55
639 746 43
65 169 78
488 915 80
129 619 84
730 673 23
350 641 33
564 894 82
950 123 40
261 866 34
940 571 13
776 367 89
119 426 56
139 569 58
77 6 35
361 197 30
963 71 45
784 406 58
611 330 60
525 119 52
840 85 86
939 198 83
575 192 51
318 742 33
353 220 73
710 614 37
301 828 49
952 547 72
223 170 60
470 824 2
259 826 28
423 139 21
569 705 45
821 884 29
315 517 75
43 302 35
50 700 32
527 839 52
99 863 64
534 636 42
908 496 57
203 230 22
674 207 1
147 986 60
818 963 76
457 849 27
716 170 17
270 167 90
276 178 42
531 280 6
591 300 58
739 414 4
650 394 63
153 442 52
685 577 39
867 371 39
911 334 73
762 617 52
522 8 40
641 921 98
125 275 37
858 333 76
870 102 9
335 436 4
942 135 28
21 337 10
86 536 27
800 540 2
928 8 58
276 310 88
499 543 97
830 180 65
868 818 68
120 405 79
381 668 11
174 654 90
350 178 20
966 30 66
476 388 97
860 284 34
140 228 60
321 456 98
707 376 88
468 950 16
339 649 75
294 460 6
381 922 95
528 277 78
510 108 34
11 583 95
551 733 9
177 785 56
74 999 4
437 577 2
167 499 23
891 625 82
650 838 85
417 649 25
466 974 45
878 456 44
105 420 54
84 341 4
558 414 56
211 214 77
430 6 85
834 55 86
807 587 77
288 666 85
35 543 95
746 185 90
126 354 19
617 153 51
202 841 58
431 117 70
906 512 39
934 15 23
968 252 75
673 578 43
154 288 68
843 807 74
385 468 84
998 790 90
861 680 94
920 63 49
92 53 38
750 20 90
450 690 92
883 520 21
113 781 4
634 291 67
350 397 93
267 213 11
630 487 46
165 5 73
92 886 57
133 777 52
848 522 7
440 733 60
267 924 33
233 17 71
410 690 77
754 302 50
143 789 19
274 175 5
591 795 41
735 160 33
552 240 38
960 210 1
211 677 66
758 893 33
615 46 70
84 847 34
282 833 73
533 877 79
603 691 37
102 338 20
912 384 8
768 103 48
117 703 67
302 859 8
54 407 81
854 135 60
360 907 31
989 377 84
856 728 44
472 929 69
131 869 8
448 553 74
324 39 24
225 157 55
435 771 2
18 806 85
294 433 75
612 41 22
46 687 8
384 449 20
831 437 42
598 717 72
119 66 22
3 238 62
592 6 48
821 221 13
264 384 44
712 845 83
769 589 80
908 285 98
271 792 34
134 299 90
995 222 21
401 489 9
633 579 59
471 983 76
844 31 15
162 65 17
614 982 9
107 912 3
427 538 70
960 243 73
680 734 5
45 589 76
914 601 29
747 602 49
85 806 73
433 9 15
307 493 48
946 298 8
930 68 10
856 381 58
458 917 30
627 32 8
570 666 24
983 976 57
116 711 91
340 99 49
401 391 98
409 929 76
769 797 94
856 62 15
166 658 89
959 8 44
315 554 80
155 934 89
739 425 75
532 945 82
783 275 63
469 794 10
772 178 40
479 609 54
352 988 61
96 159 70
981 502 48
75 665 39
602 169 93
437 862 44
456 470 41
76 577 52
184 115 22
301 947 86
281 302 99
161 239 5
228 227 94
27 26 30
724 172 55
655 922 83
97 614 97
729 449 73
890 944 51
189 984 45
335 72 3
53 709 51
924 721 15
124 434 30
115 79 93
588 904 86
976 817 40
471 925 84
479 565 25
216 881 34
581 506 39
467 112 95
600 591 32
302 737 5
146 267 91
549 252 70
443 683 91
700 546 39
299 981 37
663 182 74
585 807 26
757 771 86
366 456 64
549 348 21
880 485 46
352 735 43
246 382 4
211 288 31
840 847 28
981 671 34
28 676 15
164 318 87
634 226 99
890 885 35
158 343 86
823 46 90
281 746 87
666 213 38
821 7 98
639 939 28
231 264 92
25 215 12
237 953 59
105 518 20
30 202 82
186 210 91
15 513 44
914 521 56
163 673 58
932 295 12
453 121 5
446 961 23
934 863 76
833 104 3
245 692 77
538 696 27
977 404 83
543 28 88
924 82 33
910 840 79
245 487 80
861 981 81
965 85 43
348 768 16
612 673 54
883 194 74
726 903 60
179 522 76
630 906 78
94 878 3
187 371 30
732 969 14
870 84 4
475 568 67
578 664 84
944 55 85
534 536 45
77 833 74
19 601 71
351 855 40
797 330 54
449 877 20
702 953 77
231 941 10
620 316 72
280 321 63
533 178 66
617 423 87
658 211 51
486 669 95
316 519 35
670 506 51
750 990 22
796 235 28
462 873 20
722 357 40
679 676 36
69 136 38
848 564 32
257 646 44
391 843 78
167 995 57
171 721 69
426 336 78
45 90 86
456 245 73
153 507 46
590 941 75
432 264 99
635 496 88
36 537 6
460 30 64
426 87 11
53 501 25
780 34 69
390 493 50
356 657 80
126 451 48
104 827 82
807 679 97
997 939 60
523 153 100
234 395 53
831 702 69
621 218 23
618 29 19
818 888 97
782 500 100
861 221 92
36 551 22
61 275 42
544 603 93
791 266 71
550 741 69
448 531 29
458 448 97
249 23 59
423 848 77
48 955 9
432 40 38
732 712 28
765 352 13
786 351 72
308 61 13
964 828 38
953 657 39
608 876 45
292 157 84
342 847 71
577 482 79
673 542 53
768 170 4
568 243 6
966 794 87
871 183 48
514 213 10
119 212 52
583 625 51
683 31 82
113 979 98
604 715 96
264 64 95
252 240 29
483 617 91
380 426 52
123 920 65
982 803 8
840 946 99
376 826 76
153 485 28
828 888 72
930 633 49
268 203 95
435 780 62
787 714 14
953 637 67
809 527 44
129 411 42
416 492 97
637 82 79
450 815 95
892 195 92
933 716 73
441 133 97
404 574 49
163 477 51
856 249 14
196 754 11
154 608 94
888 796 33
511 316 78
134 484 90
850 18 27
541 850 16
249 213 8
994 311 69
991 804 44
449 792 74
582 400 74
878 301 90
759 824 17
936 85 39
617 503 36
563 818 88
210 698 15
748 175 55
324 859 34
723 478 76
542 823 14
678 152 61
642 512 10
254 91 86
191 467 61
411 363 25
884 719 11
109 280 90
134 809 59
33 677 33
356 236 29
515 754 96
508 526 38
283 914 46
926 53 61
641 475 85
312 964 8
453 863 28
249 761 97
459 925 50
82 611 31
847 476 71
814 372 96
260 955 64
969 440 49
134 975 98
618 605 87
68 148 96
997 553 19
639 145 37
689 172 40
536 601 51
80 673 39
853 186 55
386 646 76
850 306 84
454 759 38
851 301 94
82 387 18
839 390 22
309 594 1
956 257 1
442 201 52
650 287 5
527 429 84
605 764 53
263 850 54
75 928 37
154 52 99
855 620 76
116 537 6
733 131 88
877 148 49
379 356 20
192 281 5
399 707 85
836 510 20
371 803 51
178 765 57
221 989 47
346 943 76
645 571 59
569 599 47
216 365 96
554 81 42
168 203 74
34 693 29
712 636 17
16 504 41
546 269 31
732 861 21
776 882 77
173 652 92
988 435 21
861 174 30
926 66 76
225 744 91
595 10 33
81 619 43
373 901 9
24 826 81
887 483 3
873 530 75
506 187 57
178 368 95
670 840 48
596 408 66
293 988 79
724 844 4
585 913 79
708 202 47
508 628 35
444 794 17
215 631 56
695 865 88
395 93 99
816 957 82
957 96 75
67 715 37
513 640 53
718 540 94
716 479 50
919 704 21
805 604 15
822 738 50
807 76 3
449 878 26
827 943 49
732 367 85
878 282 9
186 324 95
691 528 7
805 951 67
837 59 16
805 208 66
643 998 82
867 83 86
800 748 42
12 701 70
150 806 20
432 350 64
320 350 41
538 353 71
275 280 34
331 735 94
544 394 97
876 669 54
677 229 32
945 682 14
561 904 14
118 19 17
689 535 75
901 185 8
615 810 93
103 200 17
963 341 25
926 258 46
444 319 76
271 683 39
652 581 82
474 545 3
455 393 41
962 865 92
465 790 36
825 938 49
637 466 72
454 542 34
966 178 74
705 262 74
389 875 78
639 624 42
884 100 63
638 508 61
893 346 38
464 757 3
639 526 44
25 666 73
396 534 16
522 856 81
804 927 69
50 40 86
106 479 22
707 75 94
964 326 3
242 921 86
4 717 11
46 94 16
204 137 26
690 958 66
35 542 69
714 126 93
300 791 11
835 528 63
269 272 55
729 227 86
245 624 86
111 939 9
550 536 20
597 535 7
349 3 1
988 502 93
840 679 22
213 148 83
425 379 5
535 591 82
621 462 99
555 554 73
931 244 12
950 918 53
669 469 69
412 889 21
581 804 69
35 29 29
544 450 26
590 47 39
976 997 37
266 668 38
603 650 65
810 689 65
235 980 19
577 907 62
945 248 78
434 762 71
219 767 28
884 547 24
613 869 60
230 883 19
341 166 49
918 475 2
799 172 7
241 279 31
851 74 52
858 938 17
305 120 96
595 281 44
10 29 79
869 490 13
271 312 6
323 447 43
84 614 72
107 561 65
229 809 7
913 773 86
790 495 56
782 777 35
810 715 50
467 663 86
289 494 84
327 768 1
156 755 83
608 972 98
164 593 55
413 695 67
355 513 28
901 521 89
949 527 97
863 605 86
494 705 47
453 14 17
638 899 27
432 977 57
482 266 93
256 382 77
895 870 48
776 783 27
728 942 38
382 951 16
448 991 85
956 67 49
506 405 79
381 662 69
778 382 62
679 770 58
90 547 97
719 754 41
703 550 2
129 323 39
725 698 60
742 750 7
840 239 64
344 527 88
272 604 96
905 181 96
858 676 86
319 514 18
796 822 93
648 211 42
992 203 51
722 327 45
679 726 18
638 213 58
383 686 53
801 420 67
64 252 72
408 203 80
828 288 62
65 758 6
62 336 22
685 810 90
464 298 84
387 908 25
915 758 17
593 551 42
822 293 29
340 356 16
206 18 79
996 767 24
221 899 76
335 955 44
265 869 29
553 156 70
343 654 75
225 836 35
271 77 52
752 153 63
253 692 73
9 477 33
936 690 38
72 797 93
73 328 15
209 782 11
581 757 8
63 186 40
437 36 40
55 499 72
515 462 85
635 820 71
195 751 80
481 136 88
107 174 90
776 18 62
26 574 70
630 871 92
117 237 1
730 996 98
124 643 54
495 206 68
214 653 39
522 202 18
415 254 92
149 444 47
301 822 72
911 219 10
50 835 90
154 789 59
886 315 26
27 415 34
286 833 46
973 944 1
61 483 16
546 164 40
909 600 67
232 729 11
309 318 34
611 435 87
958 454 57
941 987 82
486 561 88
453 766 78
82 117 77
888 603 13
65 495 45
16 390 60
111 41 81
147 964 33
981 48 71
196 489 46
473 422 89
554 45 73
353 619 77
238 745 23
571 519 30
738 962 55
325 566 40
568 295 25
78 51 57
475 638 37
228 267 26
597 165 30
858 999 61
473 213 67
450 400 73
161 139 20
43 107 64
524 716 71
856 353 36
252 917 85
194 24 31
203 583 98
935 433 37
211 66 56
538 732 96
480 632 54
187 759 27
562 865 91
352 385 91
37 258 50
789 694 88
756 353 67
557 586 1
893 140 5
602 366 12
747 624 56
446 766 9
223 627 19
673 233 72
588 596 5
309 690 92
350 617 41
898 297 27
748 770 23
81 117 64
754 191 66
767 51 63
228 142 89
912 177 78
795 458 21
605 452 23
360 647 96
605 665 68
160 340 57
534 170 87
340 397 65
628 27 3
861 956 1
494 135 29
726 614 64
316 233 91
280 298 56
104 261 74
893 601 9
328 932 60
826 623 49
935 968 68
82 871 45
32 753 10
75 135 23
706 892 94
471 62 14
589 661 2
992 678 51
318 458 31
725 426 44
831 597 24
725 658 17
317 710 10
735 187 28
467 975 31
244 512 23
642 808 71
421 540 95
731 444 5
198 651 100
783 303 42
384 343 47
826 932 66
91 165 78
678 73 43
499 98 56
958 149 7
809 113 36
262 197 86
254 553 82
889 163 100
558 447 12
700 733 54
909 44 21
131 998 51
950 602 7
212 135 46
780 309 89
227 707 10
475 152 5
299 157 40
646 766 88
819 101 58
892 836 7
795 910 52
466 889 74
871 725 18
970 161 37
278 219 13
786 880 59
762 108 97
904 502 57
575 65 38
339 491 12
677 943 92
530 214 61
61 510 12
371 548 18
354 203 99
772 595 56
292 124 79
428 514 76
633 356 79
739 209 97
462 177 79
701 284 9
246 118 32
792 604 16
13 762 22
347 457 86
789 171 23
982 657 96
801 701 40
134 805 89
780 907 11
251 606 76
849 812 39
451 669 12
683 709 15
725 875 35
471 488 19
785 426 68
793 86 28
306 393 59
178 258 61
798 799 65
644 188 65
695 2 97
643 455 4
166 234 10
607 105 42
901 157 57
900 858 49
207 850 67
489 913 29
207 190 20
714 466 74
415 662 10
580 771 83
939 116 69
267 537 36
28 628 22
49 317 99
567 921 21
388 443 90
719 594 21
482 372 17
694 982 70
45 257 6
532 563 99
686 324 88
149 557 79
853 861 66
657 472 42
912 6 57
171 394 39
991 921 69
834 822 61
889 397 3
719 613 67
356 520 38
772 472 10
481 401 63
999 521 50
465 205 48
87 771 37
587 54 43
728 388 66
40 134 62
233 38 99
47 856 47
28 383 88
90 323 11
54 891 77
175 110 86
132 244 54
711 422 87
546 162 4
245 68 87
40 453 34
750 128 57
194 126 80
559 33 74
997 439 84
225 372 40
993 1 47
741 586 11
81 82 23
667 394 47
573 536 98
285 659 16
622 918 40
891 178 57
480 400 99
86 548 9
851 664 65
214 361 70
569 924 83
131 368 8
47 951 60
465 423 58
342 195 45
134 20 38
408 691 85
560 867 69
469 10 71
612 907 83
717 229 37
144 574 30
480 833 11
61 763 58
864 124 6
528 866 98
448 617 57
434 975 46
998 316 70
680 802 54
548 362 85
550 508 12
756 536 88
246 796 67
770 958 98
764 964 21
785 813 43
156 595 43
840 528 1
22 491 11
571 809 33
331 638 68
857 988 55
427 194 25
427 690 67
714 650 52
809 205 30
861 698 77
506 417 78
20 252 92
460 984 30
833 222 47
699 146 71
526 186 90
490 328 61
980 509 79
592 922 25
104 961 40
905 442 76
804 100 34
168 189 25
652 139 85
354 917 74
960 160 25
428 925 26
983 485 10
693 572 97
524 256 98
64 711 22
828 364 59
654 753 97
31 61 62
770 176 85
28 115 47
921 284 75
380 579 78
488 671 36
256 569 84
411 217 3
836 154 100
98 281 76
356 38 5
344 787 96
928 555 97
792 957 63
224 476 92
467 710 22
382 940 27
653 433 87
747 573 58
639 272 75
949 463 12
528 271 72
679 620 27
642 687 6
254 439 80
973 221 22
681 968 96
744 246 60
590 669 87
480 501 3
191 996 26
3 649 56
532 269 60
781 842 80
905 564 38
483 70 92
45 103 48
111 829 98
415 715 46
611 957 35
750 323 13
990 138 47
565 850 98
205 670 37
34 653 88
849 979 74
337 946 47
545 960 77
85 283 96
230 283 61
759 170 70
866 572 73
345 737 91
997 938 78
796 829 95
641 257 33
959 333 2
425 335 39
758 684 46
824 240 74
203 747 23
705 36 90
402 194 93
925 414 32
488 628 53
15 465 31
637 43 55
292 60 34
176 352 8
97 323 39
273 443 90
640 441 96
246 258 19
727 271 37
250 0 60
372 322 87
776 757 11
663 541 100
645 25 51
595 920 30
542 28 86
35 627 5
144 797 85
189 628 97
420 373 53
290 620 61
898 588 25
164 898 55
859 362 2
113 556 64
0 73 36
789 634 62
324 724 89
658 704 16
519 511 85
585 907 66
786 143 69
248 126 53
465 129 2
200 111 13
608 133 45
580 409 18
987 272 23
702 342 85
623 211 15
702 801 64
654 21 47
475 77 86
300 106 95
968 202 64
351 944 77
532 331 53
939 209 30
267 554 94
851 357 9
505 799 38
540 633 16
869 351 9
7 955 99
945 872 39
52 569 43
619 737 50
341 116 7
152 272 36
738 29 91
793 889 93
155 607 58
736 937 29
900 497 64
750 772 87
595 134 11
265 877 12
978 990 37
950 272 6
539 784 11
628 988 24
225 953 15
82 992 92
52 833 75
193 765 61
162 587 100
124 898 8
377 617 53
625 429 97
945 569 72
101 981 26
91 942 36
90 681 8
840 730 55
119 432 31
912 867 88
163 304 44
199 994 91
6 263 16
711 971 8
492 583 66
495 743 93
319 604 81
385 843 98
27 230 96
684 673 44
801 856 27
67 371 39
634 273 87
397 623 20
633 671 42
1 947 15
335 962 80
204 802 14
307 868 28
823 171 15
772 462 57
708 628 38
815 98 30
169 229 60
193 151 57
357 891 71
392 301 98
171 961 26
546 182 84
315 678 83
213 435 13
400 132 15
864 607 41
909 977 44
203 139 4
673 930 97
881 493 55
536 133 12
665 301 87
707 851 19
159 274 85
695 386 12
263 73 99
743 210 63
571 808 32
933 131 86
778 562 98
410 378 33
37 904 48
639 854 91
690 992 52
151 435 19
344 52 97
790 181 25
434 165 64
222 204 21
218 1 21
817 872 58
54 426 24
350 916 71
122 290 86
673 496 95
462 324 40
425 139 90
886 292 20
574 553 15
322 102 20
940 383 88
137 789 83
224 706 55
865 729 1
937 28 47
906 285 49
334 266 71
175 786 79
452 385 86
760 665 79
981 692 21
491 646 98
348 701 19
532 348 86
930 944 1
949 655 90
530 194 46
414 475 31
296 362 48
286 503 50
469 529 90
377 53 78
742 259 26
653 679 30
346 105 80
450 837 8
8 283 56
277 207 39
3 220 31
897 64 93
805 161 19
859 326 41
917 146 80
559 998 62
565 896 33
27 940 96
704 552 19
633 742 93
347 713 19
0 231 72
982 351 27
331 646 76
866 98 40
897 758 98
196 739 37
217 334 36
311 17 52
302 824 60
5 1 49
313 392 36
338 429 6
705 67 44
333 194 98
278 835 65
614 174 78
780 523 89
795 397 80
179 150 75
651 487 59
20 954 13
350 405 44
608 983 13
857 773 91
222 547 21
158 426 4
769 600 18
122 989 66
519 923 28
818 177 69
708 649 92
519 205 49
133 904 97
759 777 3
300 829 52
705 895 28
634 647 7
684 686 55
67 940 60
824 175 6
521 465 14
830 602 85
654 883 41
727 29 16
943 692 20
486 797 43
234 806 6
198 632 16
486 822 17
555 89 58
30 826 90
484 225 62
790 176 87
301 487 82
356 75 47
153 741 17
510 143 54
121 920 71
579 354 25
622 275 36
671 799 19
390 436 56
266 262 10
448 97 19
733 978 73
619 850 62
652 23 55
231 632 6
382 178 41
667 769 98
652 443 53
946 525 45
957 209 48
337 871 15
702 30 30
590 497 62
656 274 78
889 495 59
788 374 80
374 814 66
919 973 50
780 694 81
72 41 31
982 323 35
755 632 5
20 350 16
230 395 25
541 388 30
826 396 51
1 799 4
301 40 61
639 69 37
585 284 30
632 874 49
450 463 76
286 553 43
94 651 63
713 939 38
698 282 94
459 753 75
918 594 76
287 718 38
362 2 6
255 362 41
217 584 76
844 907 6
558 450 72
760 23 97
153 468 61
476 271 22
63 947 7
982 447 99
846 433 37
504 546 58
256 51 10
566 963 50
739 783 2
254 980 54
507 855 40
765 498 73
164 291 43
90 840 14
0 238 78
827 993 94
342 132 11
258 46 98
876 257 76
640 838 61
707 845 67
351 490 30
23 245 9
53 372 49
274 809 45
592 973 92
304 863 94
414 828 64
844 874 81
117 887 66
413 160 38
673 169 20
635 23 24
50 701 11
623 362 7
999 909 7
41 326 31
640 824 84
539 535 81
337 828 45
270 22 63
105 444 33
63 224 87
648 338 93
459 911 12
792 560 40
241 970 67
738 77 68
265 400 47
45 452 93
358 446 51
605 831 82
230 171 65
969 728 74
965 11 74
384 990 100
768 269 57
812 996 5
936 133 20
868 35 79
303 601 46
499 22 32
2 724 15
0 101 44
144 919 72
623 534 62
195 436 45
394 94 30
13 740 23
739 133 53
48 515 61
843 325 93
714 269 67
163 402 80
944 693 92
884 660 79
502 630 43
475 403 49
94 991 52
827 302 88
381 555 70
506 773 29
754 25 33
656 539 74
341 826 33
39 819 66
790 555 51
476 484 100
362 914 11
254 31 54
699 269 3
633 37 62
561 782 36
38 812 3
117 203 60
877 700 11
134 272 45
180 949 43
139 729 21
346 38 2
729 371 66
463 92 92
223 408 78
715 688 9
587 703 61
352 414 56
978 788 76
989 84 77
905 508 84
271 698 8
473 892 89
72 398 58
190 494 78
23 555 15
646 431 12
698 419 10
396 437 52
593 135 51
330 955 10
510 978 11
31 860 90
8 81 77
404 562 38
21 372 70
357 700 49
379 48 59
339 194 76
651 441 9
495 398 8
508 616 25
850 986 32
81 131 58
951 281 47
152 929 83
737 482 77
384 993 52
650 901 89
132 98 38
117 571 80
324 706 36
162 888 53
762 94 73
387 688 4
414 464 26
100 359 72
942 952 88
431 435 28
1 442 86
355 115 40
147 835 81
683 323 83
830 86 93
202 926 63
985 844 22
766 958 9
557 621 100
350 980 42
973 40 29
786 302 73
426 228 45
497 52 6
624 793 66
708 270 7
88 957 19
722 85 40
392 993 99
574 17 87
25 590 56
558 199 97
91 745 17
397 207 6
162 892 78
582 367 64
355 756 46
844 376 28
334 932 77
266 534 36
714 605 8
576 280 80
67 193 99
763 260 68
806 177 15
683 532 36
600 194 89
379 52 15
553 782 98
152 354 48
890 260 69
970 868 75
20 852 3
517 24 17
354 649 53
753 77 94
535 953 93
54 367 85
810 791 15
235 794 79
538 310 89
585 225 30
134 172 18
600 777 7
917 328 13
460 56 90
811 648 65
579 383 82
143 686 39
825 356 28
663 301 67
458 590 88
528 700 37
285 416 63
351 211 58
862 986 9
508 661 92
364 963 58
557 206 84
297 479 18
204 568 30
234 115 41
273 99 12
293 456 4
211 320 71
371 701 57
996 112 78
10 218 32
922 47 78
937 96 35
274 733 48
145 0 28
377 255 84
839 355 34
475 452 48
618 635 73
497 908 46
788 782 18
224 561 76
470 165 22
461 238 31
755 340 45
762 372 30
112 247 28
301 729 35
513 152 55
777 270 9
622 652 74
341 140 5
858 737 97
874 911 24
749 288 38
721 105 60
923 955 60
479 278 76
340 782 67
757 66 58
237 579 46
491 130 11
353 342 67
52 373 14
980 171 93
349 783 11
965 162 21
703 497 64
379 150 91
138 301 90
63 638 62
211 99 20
381 138 87
78 717 66
54 520 11
71 391 37
925 917 6
62 110 61
574 630 57
361 854 88
3 934 70
449 50 72
923 921 4
953 755 37
191 566 45
425 222 58
557 18 64
506 859 23
199 826 41
324 731 82
451 619 73
92 867 42
40 839 86
644 983 33
744 737 76
283 175 83
419 857 43
491 210 22
428 761 84
747 302 29
337 268 13
382 456 50
401 258 94
893 68 92
766 654 87
739 909 93
565 596 32
702 860 72
948 740 71
552 308 65
720 585 51
857 888 81
207 951 74
759 748 29
688 412 71
376 427 80
281 835 4
156 320 20
551 252 65
369 541 11
320 832 30
32 749 23
374 317 70
644 20 35
387 964 3
570 152 72
950 551 60
999 412 28
429 23 90
251 50 74
992 334 47
759 502 1
971 94 6
812 601 86
326 117 26
431 44 59
498 300 2
391 765 59
889 284 19
219 289 89
952 29 29
629 371 96
64 460 55
347 53 14
995 560 30
396 787 25
533 651 61
93 627 65
565 32 19
61 354 36
18 450 61
390 959 36
905 446 41
970 864 26
415 242 55
984 660 19
423 727 14
181 259 66
153 328 96
723 10 22
669 973 2
960 201 27
13 509 16
636 231 1
784 601 32
14 289 68
203 944 40
282 429 96
709 502 87
574 333 41
257 443 60
427 955 63
594 838 55
214 205 39
609 451 34
44 389 100
161 712 2
752 146 13
150 711 77
879 281 20
491 41 29
994 502 69
591 884 24
895 153 2
366 361 47
657 403 73
85 528 66
414 51 66
715 714 94
152 504 9
186 334 91
915 675 14
508 54 26
774 804 37
984 976 51
427 29 27
82 342 2
885 88 50
954 632 84
796 657 46
389 778 85
179 779 33
237 448 60
517 941 38
480 786 39
225 413 76
166 513 58
212 611 24
84 183 58
931 928 24
477 89 85
182 733 36
135 42 73
272 796 92
395 21 42
794 269 38
183 42 2
246 240 100
653 498 3
816 845 95
108 799 56
452 890 31
293 546 22
697 891 97
52 593 64
594 908 86
655 648 5
934 745 35
534 496 3
799 511 54
83 942 6
336 396 93
106 185 67
150 191 93
546 711 14
415 165 4
876 809 3
107 607 56
280 597 66
160 804 32
56 243 80
783 977 3
848 255 50
961 108 67
216 670 2
425 67 57
820 706 72
77 623 33
928 64 18
848 193 95
426 952 65
828 985 26
551 231 15
515 54 70
968 838 97
15 716 25
309 390 2
359 529 18
452 450 35
557 808 42
129 17 3
510 94 99
319 176 56
109 365 58
256 160 2
222 264 65
895 939 98
6 117 60
807 525 58
381 418 93
814 338 79
114 928 33
681 607 47
173 284 81
776 472 39
571 168 77
391 950 57
137 198 70
891 540 67
123 496 19
337 655 31
320 825 81
22 144 81
310 791 23
71 113 100
369 236 83
968 945 45
797 170 20
357 746 34
236 477 80
720 709 48
28 395 92
350 315 9
803 614 79
3 993 61
305 798 17
788 391 38
449 15 37
303 844 64
736 135 19
376 397 54
699 45 89
220 450 53
616 652 48
955 91 7
887 544 49
91 157 11
911 552 45
223 678 75
388 517 35
20 441 50
455 963 27
333 539 95
700 206 50
620 136 3
299 183 37
597 636 18
851 797 16
606 630 43
466 684 74
347 895 90
720 238 45
98 441 68
177 144 58
233 471 92
739 899 29
896 235 46
179 739 30
505 354 12
210 432 38
1 347 12
366 734 72
864 192 85
45 565 81
519 438 44
806 208 51
446 504 13
539 918 43
912 441 12
489 443 42
901 861 44
85 150 68
943 701 1
228 163 29
964 778 80
119 698 33
588 591 12
610 57 6
279 770 57
427 168 84
701 437 68
703 775 63
98 578 43
587 807 83
417 761 17
936 394 80
512 353 71
494 261 66
270 612 44
930 704 98
394 105 50
187 419 12
984 660 37
1 733 11
630 622 9
715 350 25
140 976 65
893 940 99
705 778 15
981 983 85
523 615 58
452 161 2
604 702 74
85 112 92
419 616 32
92 113 91
356 400 88
236 950 44
560 707 74
970 914 63
316 715 11
542 399 48
413 901 26
278 172 31
759 286 15
696 85 42
143 381 82
83 470 4
30 487 79
146 335 37
803 358 56
576 436 63
507 875 79
783 414 99
126 946 67
789 549 37
159 248 87
757 693 69
818 965 48
351 572 10
521 405 30
747 195 65
371 588 5
360 21 59
711 44 80
933 713 42
207 972 17
440 645 62
419 969 19
440 742 56
390 79 38
540 326 95
288 162 43
538 873 54
929 55 2
338 440 75
969 343 51
828 201 73
889 485 96
621 887 23
215 52 33
689 552 85
35 461 6
254 730 49
80 133 11
499 133 57
785 663 44
487 534 24
372 373 57
398 719 8
294 957 54
794 34 73
745 604 38
73 870 19
715 990 80
177 593 32
585 579 66
915 501 48
877 278 10
950 85 8
6 501 64
397 863 94
518 283 24
252 123 19
525 715 85
297 412 11
200 914 70
57 823 76
769 763 62
464 448 58
397 448 5
916 689 5
303 708 51
157 698 37
705 245 18
569 207 24
816 521 68
491 587 93
902 544 28
948 364 5
358 792 7
263 346 13
964 141 47
457 775 59
140 690 30
704 88 17
872 337 18
0 748 72
467 705 66
63 223 77
481 890 65
458 18 54
75 969 43
883 507 74
971 558 35
719 471 74
525 848 26
177 285 32
252 551 18
453 289 23
395 446 69
632 750 41
922 148 65
288 828 4
199 77 97
454 135 84
112 633 99
344 177 27
591 760 23
653 712 64
949 875 11
430 580 25
195 509 9
213 638 96
681 596 59
808 476 29
395 244 58
113 290 21
401 726 54
628 642 97
427 361 73
718 465 32
295 135 46
117 575 20
823 2 6
467 532 29
715 856 52
541 596 98
361 783 53
945 89 16
701 31 74
574 817 5
405 466 90
241 756 96
543 68 28
610 303 52
271 630 26
603 484 21
393 565 8
754 984 41
270 200 54
986 30 32
785 352 6
51 719 46
539 517 9
85 873 49
301 316 61
926 89 97
821 76 79
147 578 83
331 179 45
221 682 96
629 858 21
472 921 4
278 223 98
266 863 89
399 897 80
298 301 41
764 353 41
570 755 50
756 434 57
932 118 48
937 246 72
348 676 36
717 485 44
649 333 5
599 536 66
278 615 32
105 334 7
959 372 83
767 533 99
692 295 50
64 380 85
64 268 12
934 164 68
753 720 76
267 300 30
966 822 75
564 769 99
770 815 35
587 772 67
442 516 55
444 921 63
41 116 23
229 972 87
681 27 20
481 550 60
662 472 18
278 541 1
70 21 96
712 529 39
989 561 88
106 161 67
450 593 20
188 724 10
813 442 9
804 785 8
813 636 63
286 466 97
66 523 45
832 589 25
755 359 38
472 746 74
959 705 8
712 757 63
130 161 25
677 757 95
333 357 27
631 346 51
272 458 80
758 304 9
90 587 67
395 327 89
999 547 59
363 580 92
144 381 100
205 930 8
606 241 53
294 669 13
60 643 14
830 854 10
208 402 17
254 601 23
124 741 6
711 838 99
538 329 91
59 189 51
30 268 87
296 167 37
19 928 61
994 511 49
980 582 40
143 888 9
649 945 72
46 199 58
341 598 21
691 916 8
985 609 33
987 52 18
415 613 73
888 190 2
885 519 30
858 727 32
470 705 73
718 537 5
362 911 24
425 657 25
736 582 68
341 4 94
467 484 68
518 93 22
989 46 64
229 582 32
222 463 36
734 613 96
103 0 59
61 815 83
833 68 59
396 715 43
981 670 2
844 417 27
600 651 75
805 823 73
886 738 24
643 0 77
561 135 25
444 252 57
241 306 58
246 723 15
655 866 67
643 910 8
6 251 14
555 230 74
433 786 81
498 921 39
313 200 3
851 907 80
234 925 15
578 410 60
597 521 77
933 175 90
775 640 46
521 458 21
240 700 53
620 655 48
912 899 100
3 502 50
353 578 90
495 917 3
45 906 82
989 990 20
448 593 9
751 624 83
912 132 25
287 688 91
58 404 1
313 868 4
990 25 4
29 710 60
807 653 46
970 930 55
82 429 29
376 455 78
678 337 48
144 183 68
708 595 60
653 393 44
761 391 29
716 696 38
967 966 27
559 951 14
753 217 33
916 160 16
608 856 72
674 933 59
574 408 33
408 846 22
476 180 62
331 742 52
670 464 74
106 549 74
959 941 62
636 420 26
744 893 95
32 168 18
251 839 89
252 35 8
36 923 1
967 861 9
28 276 94
407 959 52
58 321 62
631 34 92
164 920 27
605 518 70
265 660 11
516 723 76
975 670 34
718 764 34
175 316 20
261 902 18
789 743 50
391 669 74
939 324 32
618 345 3
461 718 23
19 701 77
579 527 72
322 87 31
196 29 14
708 514 20
574 690 2
8 228 45
487 272 96
265 756 61
437 564 15
597 670 24
781 809 43
79 312 31
336 162 65
967 655 6
905 890 53
249 124 11
816 772 34
838 335 48
58 138 50
259 303 56
815 54 26
318 363 38
777 724 69
844 563 41
245 76 26
893 133 99
970 55 72
223 406 71
799 224 97
928 8 10
903 464 54
553 192 34
768 128 88
624 506 5
442 98 95
773 425 75
459 790 62
482 346 3
317 757 66
976 827 55
971 900 86
973 592 33
259 361 10
682 66 64
526 89 42
926 264 5
975 447 28
133 95 72
905 170 14
254 463 46
243 690 84
981 297 74
505 620 70
371 864 74
176 771 87
399 448 19
417 756 28
772 450 55
135 159 23
579 605 58
878 354 32
316 243 59
263 618 21
290 886 98
992 28 42
832 511 92
18 460 24
727 371 73
663 817 84
674 572 80
176 218 65
481 908 44
675 633 3
227 763 49
957 862 59
667 838 41
190 672 1
602 168 53
907 102 91
878 820 32
801 890 48
575 939 98
942 712 84
609 19 13
248 351 6
356 246 61
617 287 87
384 933 53
785 621 47
507 865 84
316 304 90
700 984 80
399 14 42
329 882 47
696 359 34
832 666 91
546 787 89
83 114 68
144 965 73
824 736 80
358 41 42
204 920 32
17 410 79
948 532 45
70 938 7
880 841 23
723 705 1
867 258 81
94 365 89
216 373 57
166 720 33
598 371 28
838 290 29
201 638 48
614 672 25
988 678 96
807 284 52
203 20 39
120 364 8
160 981 10
606 266 99
342 731 99
926 302 62
229 789 65
849 733 74
164 744 46
519 881 57
938 482 61
742 860 11
226 409 16
528 222 76
748 198 1
280 422 76
770 590 13
162 640 94
57 251 36
286 268 74
951 118 2
128 912 21
911 397 18
236 727 97
731 111 53
657 291 25
547 850 66
504 849 44
579 728 64
213 406 74
765 802 64
960 231 17
212 271 78
898 310 42
870 791 76
759 309 49
678 389 20
415 868 11
545 855 93
565 47 30
202 213 84
518 386 67
918 69 85
31 708 100
905 345 26
598 372 81
71 759 92
585 623 81
473 946 69
559 508 14
287 42 56
804 753 20
723 148 14
937 488 70
339 185 7
481 148 22
100 60 17
141 780 91
416 236 94
804 234 12
681 984 1
651 63 65
615 588 61
430 872 26
495 487 94
198 104 75
781 17 80
47 873 48
159 246 61
198 158 45
930 128 46
392 627 48
991 970 59
410 310 7
611 237 82
11 772 56
214 153 54
293 895 70
303 702 74
999 52 87
235 214 92
450 177 40
349 697 45
378 906 48
274 289 16
826 342 34
833 991 18
632 623 23
159 623 46
663 514 7
799 34 16
222 923 82
977 719 72
430 818 53
922 884 37
155 675 90
3 479 64
98 941 65
598 349 81
6 177 68
346 311 11
93 931 39
944 806 30
168 123 72
908 437 42
90 177 30
495 148 17
274 73 38
661 766 2
493 148 36
309 322 26
601 864 68
908 197 15
450 395 20
508 393 90
42 838 14
339 929 87
255 828 66
673 84 69
704 28 89
100 809 53
87 535 85
72 886 32
984 314 52
849 585 75
65 194 98
186 572 94
8 884 62
344 755 97
94 370 95
429 627 65
440 173 72
236 447 61
697 711 10
502 921 64
717 391 60
891 630 42
989 474 22
10 109 1
512 951 95
52 549 97
626 905 41
619 251 35
772 921 59
654 942 20
32 74 70
968 179 35
362 128 4
219 242 43
744 383 58
633 148 78
84 525 1
186 731 19
997 933 62
990 143 52
272 840 32
781 154 83
480 793 78
462 353 94
431 828 87
227 373 67
636 56 94
340 78 89
831 514 47
344 204 51
279 480 18
836 307 99
211 42 9
457 340 59
877 296 23
375 911 76
399 594 72
675 994 16
215 770 92
304 633 12
270 966 44
692 768 53
845 48 88
933 90 73
779 138 80
237 363 33
780 416 50
17 324 31
520 29 71
774 522 95
820 973 85
556 373 75
530 931 83
441 705 54
130 885 60
89 203 27
277 88 8
283 209 29
201 844 15
910 147 100
0 858 40
934 646 57
448 832 61
876 726 27
662 901 28
815 702 29
143 942 87
663 999 32
869 453 44
370 848 16
216 151 3
346 151 96
300 101 23
273 136 88
945 520 25
443 458 3
892 214 55
356 590 22
785 445 57
474 560 100
52 583 43
284 677 90
166 280 56
697 222 86
878 506 20
422 782 63
563 314 7
341 762 80
990 783 4
86 956 97
945 731 57
775 443 94
649 505 16
452 595 65
713 238 84
755 738 95
272 455 21
258 666 16
129 855 78
452 71 74
668 67 46
927 197 79
780 579 35
935 441 90
856 974 33
767 7 57
899 814 18
296 645 16
549 367 60
157 618 21
156 526 88
580 358 29
505 181 32
100 754 34
296 708 7
352 456 9
493 368 76
999 498 41
535 484 68
412 821 61
964 371 17
227 314 64
505 109 3
839 609 15
435 332 20
67 314 33
75 968 93
713 718 12
800 159 61
527 43 87
834 324 63
468 506 93
166 264 83
833 193 1
895 504 76
225 743 71
979 512 11
98 626 40
280 70 49
442 399 54
345 860 82
483 792 8
622 879 93
588 386 51
48 663 19
256 313 59
506 204 81
948 484 73
963 375 69
325 956 36
598 749 5
870 940 10
42 1 72
702 688 33
706 938 72
665 720 12
597 866 59
372 36 8
560 452 70
996 56 9
298 872 10
137 273 50
312 326 88
481 333 26
382 621 80
573 406 9
595 787 82
966 714 30
280 858 8
795 867 50
613 118 20
348 692 44
113 524 80
330 476 67
6 587 42
214 345 96
