1000 5000
93 668 28
27 354 14
206 318 2
784 74 21
468 571 68
653 132 10
261 763 89
913 74 66
645 405 61
837 237 63
407 625 55
661 65 48
117 594 89
389 993 78
655 894 91
688 858 78
481 254 40
694 509 50
142 669 33
807 587 71
223 677 75
208 118 77
972 886 99
779 101 78
913 30 48
249 19 98
847 860 77
67 884 67
886 214 48
497 812 12
737 619 14
551 883 95
52 984 41
476 161 84
249 150 44
183 680 65
86 291 7
444 560 36
101 15 16
170 567 75
360 284 92
943 58 92
273 573 10
754 528 47
425 615 53
184 782 57
529 918 87
571 754 15
533 312 53
776 702 36
486 158 54
357 299 36
617 501 32
928 547 80
617 284 99
982 759 83
615 836 44
155 878 28
534 78 24
617 696 62
386 152 39
580 334 73
710 530 78
990 67 1
390 408 25
297 343 85
179 565 16
160 637 97
373 376 19
571 154 97
763 544 79
665 750 27
603 367 10
83 694 97
664 118 70
775 5 51
917 452 89
908 704 3
617 991 34
82 656 10
654 986 17
992 920 2
151 180 70
905 267 30
653 78 84
295 663 43
891 486 86
283 151 94
814 299 100
593 936 68
730 631 52
108 59 20
865 777 98
57 974 66
198 578 76
813 653 28
305 900 15
194 536 28
699 940 27
355 751 88
563 5 48
163 823 31
909 621 12
583 806 93
95 436 11
957 24 35
39 321 22
239 979 91
585 280 68
404 920 67
952 873 71
282 352 13
172 752 5
864 895 45
499 76 4
714 42 55
765 110 57
160 162 25
243 976 27
593 423 53
660 488 21
708 367 20
354 137 4
446 240 69
288 149 29
143 370 75
878 985 28
644 329 56
363 834 91
689 95 51
962 43 40
591 642 12
898 555 18
885 185 64
219 148 67
562 272 61
65 740 93
27 725 64
182 468 19
519 39 35
351 498 37
169 483 31
777 76 77
179 7 58
680 228 48
421 115 50
415 61 41
904 928 78
893 482 32
814 270 86
484 70 94
168 540 64
411 739 71
773 903 74
516 638 6
43 423 92
867 717 22
258 784 16
345 374 89
131 456 98
770 97 89
494 273 69
228 440 33
512 774 9
490 939 36
568 221 20
944 577 46
379 386 92
996 361 81
619 332 88
644 407 12
763 467 96
715 133 65
859 598 5
555 936 91
354 674 66
601 178 35
852 459 55
820 6 33
838 597 59
544 505 41
778 606 18
172 930 71
238 363 16
780 387 34
116 384 54
366 440 46
163 613 2
531 262 99
703 830 28
184 476 16
704 184 23
570 289 46
588 941 1
683 271 39
633 496 45
61 850 76
119 150 3
853 518 35
149 158 14
954 505 15
471 714 85
58 317 17
969 19 79
247 933 61
884 40 54
919 243 65
430 631 53
670 31 14
679 191 57
456 909 43
710 522 76
809 778 94
892 445 13
368 807 32
568 899 46
777 774 83
20 238 46
403 592 18
976 481 94
662 377 37
312 652 83
214 67 95
701 457 64
302 910 85
554 387 53
19 833 52
377 533 41
141 816 15
775 170 79
103 900 61
48 123 55
922 893 16
381 609 60
578 547 26
13 225 84
519 88 16
826 301 29
478 824 67
426 411 25
644 965 4
720 609 8
131 36 71
757 332 100
575 944 18
52 19 2
531 731 5
256 340 59
35 456 67
841 360 79
379 802 96
533 204 23
827 499 30
538 796 94
611 560 91
500 42 71
329 398 88
570 848 5
313 960 38
636 273 89
694 784 6
973 974 55
877 17 14
437 984 24
975 355 44
621 352 3
825 455 32
974 94 56
16 511 29
46 200 19
186 641 66
214 299 16
759 879 72
317 902 15
274 745 90
312 603 95
331 399 76
467 655 47
508 837 61
136 274 83
642 919 68
517 512 81
260 961 16
666 813 5
507 255 98
189 45 27
601 125 21
960 619 84
872 402 22
660 937 7
30 825 51
105 228 60
505 33 37
730 153 38
96 668 59
544 896 12
700 619 40
408 178 69
630 828 5
671 312 98
145 338 36
21 219 47
578 342 44
350 461 18
51 304 12
506 277 36
3 865 81
807 891 9
683 120 35
982 704 52
551 651 40
665 775 33
640 998 31
831 127 72
885 42 38
230 753 44
124 882 62
402 506 5
173 727 50
889 501 96
528 778 31
717 68 86
277 835 82
875 862 39
74 70 70
416 309 31
671 905 13
409 367 63
315 187 78
289 533 18
991 564 10
945 748 31
290 768 39
847 245 71
701 433 19
961 741 63
354 222 59
433 985 13
88 187 97
9 696 20
159 438 15
982 300 62
576 454 14
316 626 34
461 746 57
230 938 37
548 551 1
952 49 50
114 230 45
334 144 62
688 362 11
232 997 64
438 716 65
437 440 36
465 328 10
356 813 7
952 575 7
16 881 45
349 614 37
707 39 66
35 736 33
0 88 72
36 575 40
124 410 46
480 644 59
15 701 71
780 169 27
188 721 61
407 372 36
460 292 52
999 373 81
108 394 56
471 820 36
341 418 12
842 216 44
783 960 41
660 691 60
879 15 57
683 893 11
903 210 70
905 494 28
187 583 24
304 621 99
60 444 32
929 104 49
458 689 59
598 754 1
111 955 32
325 567 7
283 954 87
610 954 45
695 214 84
490 181 64
184 750 21
657 509 56
272 57 99
209 397 75
123 799 12
805 180 16
347 681 46
537 11 15
14 520 31
844 523 86
426 351 11
260 881 96
935 70 47
579 312 34
932 846 47
981 230 95
544 606 73
441 365 92
131 193 66
72 23 73
753 294 67
1 710 12
42 787 41
30 943 23
909 780 100
44 191 77
356 622 49
378 941 66
117 458 63
702 492 99
713 449 93
146 125 51
680 797 53
2 426 70
468 810 1
584 111 43
79 924 89
430 724 10
640 877 77
899 185 83
499 944 45
817 224 9
410 760 3
999 110 89
961 57 92
872 853 6
345 780 89
973 821 62
706 137 99
690 910 25
384 48 91
194 564 50
306 507 96
175 11 58
28 545 89
899 537 95
435 671 15
958 653 72
872 338 53
953 92 39
855 1 99
226 146 84
929 470 8
139 203 84
272 890 19
764 547 65
259 994 19
995 920 82
195 356 30
151 261 79
186 713 58
669 230 71
521 438 29
236 443 87
754 984 6
39 565 51
402 124 18
801 584 99
321 123 5
246 590 27
807 654 60
810 304 77
127 720 4
837 774 31
535 423 93
672 481 40
338 913 9
85 869 98
279 192 81
352 421 48
248 818 21
943 309 31
601 42 69
779 660 37
643 653 17
533 428 48
572 578 97
747 838 16
221 58 87
910 724 14
317 406 53
901 810 78
398 548 94
81 757 38
573 632 30
132 777 76
799 56 78
77 330 65
769 499 70
429 866 56
450 549 79
846 773 80
72 924 33
330 452 38
390 927 4
71 546 64
129 15 63
554 831 78
485 907 91
664 91 11
282 591 30
554 506 32
944 445 77
622 571 80
253 319 64
286 342 31
362 949 23
565 313 32
567 989 60
2 894 98
968 112 93
128 171 96
853 363 27
694 747 17
448 11 18
49 487 72
489 775 76
736 534 56
976 278 20
760 953 51
417 694 63
8 107 68
880 376 13
609 661 69
490 478 77
202 660 50
848 348 16
119 201 85
917 279 44
447 464 14
344 455 24
426 186 44
674 821 20
453 407 45
797 268 31
102 48 83
142 166 12
540 899 21
343 547 63
744 841 58
15 113 89
895 137 74
561 361 35
32 957 7
660 236 98
281 366 58
93 535 8
37 25 98
317 97 51
278 336 88
495 794 16
939 397 2
376 168 4
348 432 34
207 756 66
952 181 86
594 56 94
226 778 81
831 239 61
173 407 5
275 796 63
572 123 23
813 770 40
660 182 41
298 330 23
360 890 14
336 228 4
629 929 25
658 695 53
227 487 68
415 359 25
776 24 26
461 653 26
233 197 91
414 420 63
732 240 28
277 982 68
271 816 19
469 543 52
860 897 48
585 316 4
907 963 93
964 850 44
377 328 86
183 146 7
848 569 63
687 302 31
8 821 99
712 304 64
893 205 22
340 922 22
613 423 100
332 887 24
503 755 31
481 41 64
852 14 63
355 227 18
385 636 91
668 380 64
585 310 88
179 682 66
239 374 18
799 790 9
619 166 76
344 537 43
112 430 97
497 605 13
125 973 62
692 856 27
103 849 38
880 733 86
601 814 43
495 343 45
170 642 99
40 909 37
600 794 16
800 943 66
324 725 80
594 47 73
521 610 90
24 850 89
418 154 17
822 462 69
99 765 86
674 257 51
565 524 29
489 735 13
387 276 8
798 283 44
230 510 64
26 999 9
988 463 94
391 647 56
109 172 90
462 128 77
822 751 11
180 573 95
258 140 44
676 191 76
970 60 33
552 268 7
668 493 100
109 330 12
565 779 16
654 674 69
621 809 45
39 186 57
226 625 57
710 487 59
889 67 64
72 644 29
109 840 16
658 109 29
660 281 40
78 784 19
134 379 74
9 590 92
648 822 90
665 305 41
692 5 97
977 871 82
785 351 77
679 584 17
803 218 52
13 296 58
680 792 95
887 422 37
820 778 16
891 442 5
477 285 21
287 403 14
120 575 28
621 477 30
763 586 28
140 195 67
756 222 22
680 510 87
365 493 58
77 773 34
451 896 32
601 709 77
705 187 8
797 74 31
76 553 68
311 246 89
216 659 4
326 290 38
479 538 8
869 907 55
500 646 69
19 626 95
797 996 29
415 914 49
598 76 23
550 768 87
567 416 8
906 636 5
9 759 50
886 785 12
456 895 97
930 244 52
900 569 78
650 207 88
583 904 79
687 957 57
97 206 48
452 570 58
520 554 14
186 761 61
185 755 53
419 898 20
108 913 44
926 114 30
700 727 15
307 775 67
446 22 57
489 935 57
338 737 50
971 3 97
323 415 74
203 131 75
213 912 3
26 686 63
132 64 22
411 507 56
691 944 46
74 618 24
173 749 92
43 892 78
17 936 67
972 676 68
560 318 2
115 663 46
65 558 2
460 722 75
876 350 95
166 267 50
367 402 97
12 499 87
617 309 78
841 252 24
478 583 25
281 622 59
107 537 5
110 673 70
286 626 9
595 629 84
834 798 55
927 450 5
746 251 70
403 291 62
645 557 90
875 346 70
555 209 18
499 153 90
673 769 62
823 415 72
377 138 48
453 721 58
907 267 23
614 855 76
89 574 70
379 379 48
420 253 51
885 872 68
349 348 97
694 609 48
900 468 87
119 243 52
5 570 89
491 507 89
103 369 77
610 483 100
506 753 29
418 440 24
492 722 27
286 860 69
964 676 85
473 58 60
173 127 68
194 736 21
791 567 58
451 13 66
522 670 78
698 733 38
357 476 96
713 334 19
60 165 13
604 236 39
953 994 82
508 51 35
775 653 20
570 31 67
214 875 30
505 942 68
396 541 21
607 396 73
696 40 6
24 738 78
926 92 23
864 339 12
821 317 45
565 439 50
840 216 50
954 424 59
673 664 62
891 762 70
350 20 36
387 682 5
46 98 17
791 352 94
885 649 46
316 274 60
464 784 5
306 869 58
152 369 11
132 929 25
671 314 41
525 418 98
772 658 19
601 154 94
216 658 99
689 610 5
343 529 20
769 174 82
141 346 87
889 675 36
762 625 73
438 147 13
168 489 79
827 39 6
690 70 81
697 836 90
626 402 6
15 337 83
428 112 28
386 615 98
134 364 78
662 902 1
227 371 24
896 996 54
767 532 99
49 682 17
381 907 87
947 797 88
158 614 87
804 199 65
806 706 52
911 193 43
563 520 50
890 695 60
896 382 74
117 533 11
714 328 76
361 677 97
293 149 71
537 716 1
560 168 65
444 695 39
208 400 80
43 808 62
331 127 7
286 886 98
435 79 14
834 484 6
35 499 82
80 840 22
561 82 75
537 772 5
469 341 41
905 751 20
280 561 37
181 31 47
169 996 14
831 745 95
265 976 42
720 588 29
93 291 34
309 284 13
717 767 35
594 1 7
763 339 48
466 418 71
410 116 13
129 608 81
787 146 47
849 592 22
507 454 20
860 907 33
942 120 51
948 249 44
739 376 81
490 212 75
316 792 11
152 449 14
329 221 80
993 31 29
962 299 86
684 78 35
638 203 69
337 288 23
294 99 92
240 84 1
856 1 91
837 469 50
678 248 87
387 450 41
293 597 66
851 806 49
570 720 74
765 531 86
190 524 69
782 951 97
977 697 76
271 174 29
508 12 11
577 107 46
535 538 74
987 171 28
614 510 56
748 623 56
775 24 98
919 855 33
539 115 97
570 147 65
884 899 80
687 488 28
41 375 12
390 155 11
116 954 45
691 43 16
716 947 61
287 851 67
213 64 54
117 206 72
88 480 78
6 881 78
478 430 40
444 812 77
127 211 28
566 841 6
740 212 23
414 141 50
164 198 91
264 204 71
769 110 85
334 984 52
387 482 9
247 358 70
26 822 12
145 601 14
709 673 76
381 25 3
103 629 93
40 40 37
381 573 14
794 41 47
585 40 97
767 823 69
542 26 69
311 454 26
363 852 2
358 992 62
223 886 23
766 960 38
842 577 3
96 648 85
107 825 70
963 243 22
509 638 54
490 20 63
12 302 53
902 420 16
385 614 10
766 911 84
561 820 64
895 463 87
335 823 92
327 133 18
517 414 27
493 272 83
216 749 11
998 437 26
585 464 22
622 369 53
150 574 43
944 575 78
732 535 12
359 533 18
806 914 12
76 882 87
134 830 48
469 986 50
67 575 78
848 26 89
992 82 1
218 364 14
16 47 36
816 662 94
950 278 62
123 974 13
296 984 34
63 0 98
974 250 5
389 669 1
732 132 93
477 46 12
69 819 48
845 873 57
967 255 72
293 783 19
728 794 76
662 164 71
881 480 58
998 738 72
454 298 80
464 814 91
119 766 62
948 853 46
945 849 29
831 804 54
536 783 15
140 864 1
323 430 89
389 129 8
728 964 89
173 225 8
786 919 45
301 963 42
960 820 53
763 247 19
773 378 44
710 175 91
669 112 21
617 138 42
282 575 94
911 889 84
385 714 15
651 429 81
692 789 65
276 762 73
305 166 21
957 885 13
60 756 13
320 686 32
798 832 11
61 91 95
290 679 7
732 690 85
706 850 36
856 84 35
856 482 64
820 531 85
618 457 98
848 725 71
827 74 20
901 873 39
933 408 71
311 507 49
89 285 83
372 838 73
270 874 100
202 732 19
101 211 42
225 645 98
84 262 59
384 124 24
985 328 24
954 321 84
46 972 95
208 596 90
832 2 93
371 471 82
869 838 83
682 864 52
89 630 71
95 225 85
471 147 59
931 63 88
880 781 41
538 649 98
898 715 16
388 549 67
251 861 83
907 585 8
842 706 41
371 337 56
284 935 53
776 377 94
49 615 53
461 128 86
838 826 2
271 139 23
954 574 65
478 38 37
702 962 95
754 93 3
554 353 59
671 403 16
59 10 92
790 604 69
858 18 89
935 761 51
977 383 91
534 241 96
874 946 59
295 264 53
499 639 78
653 203 48
564 905 79
324 235 76
559 231 93
435 707 7
274 932 47
429 264 84
517 31 59
656 702 10
550 565 47
436 915 2
590 424 43
225 999 36
287 279 25
989 399 82
937 299 94
845 867 56
936 182 17
949 338 39
973 651 26
151 26 82
692 89 92
222 892 84
613 610 16
411 714 32
280 73 45
846 669 32
770 250 23
994 526 21
229 976 43
111 517 60
167 315 49
190 793 4
439 329 29
933 411 89
792 696 90
742 461 71
119 730 92
456 550 18
996 353 72
529 972 57
70 922 18
962 351 16
351 730 23
848 330 34
377 716 8
841 160 49
853 304 57
279 646 82
59 436 99
811 208 13
520 319 94
279 423 54
535 950 94
203 989 94
120 916 18
434 509 28
531 45 53
496 494 80
830 83 64
453 798 64
246 134 94
252 515 50
808 211 14
37 671 66
435 62 12
384 585 96
550 844 70
506 51 56
402 623 56
695 560 9
431 300 48
681 97 29
928 242 80
192 801 87
952 461 9
559 348 21
171 533 61
601 676 23
991 866 57
93 701 81
62 295 7
505 669 43
277 840 38
138 480 30
899 405 97
536 132 13
265 371 58
715 648 2
465 999 26
868 164 77
918 261 20
912 10 19
657 866 74
491 556 29
491 4 47
230 753 19
78 699 66
75 542 97
193 791 5
253 137 88
79 619 59
280 891 47
402 357 73
244 388 87
269 360 83
195 942 40
968 580 76
594 419 38
228 573 87
668 280 51
236 952 78
971 780 25
457 665 68
740 646 22
37 124 85
343 377 47
882 408 7
903 473 74
104 211 62
167 911 19
837 486 20
649 339 76
230 67 99
84 860 26
410 393 73
396 931 65
111 381 7
342 163 6
268 257 74
671 283 13
945 621 69
344 304 66
12 168 4
472 133 85
63 800 45
628 394 27
778 874 25
750 657 66
925 482 36
74 396 65
148 918 93
191 784 86
280 470 25
789 604 78
805 514 19
476 828 8
913 858 100
125 646 71
789 491 100
327 983 65
406 973 72
401 739 87
897 777 47
324 123 20
737 141 72
296 395 21
852 313 75
896 89 31
607 331 69
100 781 93
904 997 24
600 891 17
501 730 96
585 303 20
766 940 91
731 352 55
481 34 82
544 371 91
338 27 19
801 865 87
725 27 31
414 983 95
382 232 52
532 439 28
651 492 31
314 70 66
242 298 6
725 323 59
747 159 61
955 802 74
499 385 66
151 78 31
682 956 50
117 446 92
250 706 78
103 541 86
850 57 81
137 622 64
47 840 64
782 983 46
91 282 44
914 87 47
924 236 59
628 637 80
344 267 70
826 381 81
56 121 94
855 816 85
483 812 51
703 574 56
304 728 83
923 864 5
400 243 45
656 768 46
892 212 39
591 113 14
341 714 1
603 925 91
414 430 37
882 394 59
254 502 48
338 908 18
41 725 6
912 177 93
590 999 56
131 870 46
880 477 18
432 37 76
167 210 19
762 69 24
680 370 53
495 464 7
531 519 90
345 401 98
705 881 94
347 752 33
767 21 27
988 799 82
215 649 43
741 382 15
875 508 37
175 64 27
14 437 92
220 599 19
25 44 6
964 272 100
466 256 14
440 280 24
307 871 17
366 789 75
968 906 99
709 712 1
868 21 61
293 650 36
269 381 34
532 812 88
389 814 27
133 437 15
995 351 79
713 680 92
901 517 78
589 744 63
240 191 98
779 924 17
394 461 45
583 776 67
359 288 66
259 839 45
607 367 60
989 106 62
724 477 40
637 847 18
845 581 61
877 598 72
171 67 52
147 376 64
692 643 31
827 848 73
891 679 68
353 940 54
43 331 33
679 390 81
503 337 62
195 243 39
752 440 20
411 178 71
349 161 37
447 347 58
306 678 33
525 772 100
713 518 67
466 143 60
920 559 42
243 821 81
219 575 40
319 21 26
73 900 54
818 701 26
273 576 57
489 359 19
299 969 50
617 282 47
294 347 98
503 531 81
329 656 15
843 405 32
659 606 14
22 136 23
912 252 27
335 465 81
339 473 55
908 941 27
394 796 71
659 231 45
184 661 43
13 952 7
708 396 25
695 5 40
718 251 19
49 481 58
582 462 95
152 22 75
547 477 72
620 539 40
84 544 64
942 98 18
892 879 21
460 921 53
260 210 27
51 764 78
977 234 3
498 872 49
64 153 69
538 151 60
923 708 89
590 651 47
341 118 82
90 435 26
966 463 49
67 619 95
65 890 29
941 430 7
916 617 30
821 468 68
986 361 44
927 75 99
592 968 94
755 138 3
605 527 83
913 896 22
557 765 97
811 3 54
876 205 22
563 512 96
665 96 47
751 899 13
306 17 73
332 617 21
598 870 77
267 760 83
335 438 53
475 274 80
965 698 65
571 4 27
347 836 70
771 849 97
367 452 82
922 790 79
85 160 85
273 226 14
976 371 8
130 145 5
920 109 53
635 476 73
618 486 42
919 828 49
866 494 60
734 159 38
828 690 92
342 353 12
675 193 31
604 422 77
579 567 85
345 965 79
317 731 65
337 878 54
927 958 64
721 108 71
398 618 74
649 589 6
114 380 11
952 203 38
678 695 29
756 800 14
523 585 55
79 354 3
31 867 90
12 635 10
662 735 86
112 832 60
453 499 90
162 752 100
812 717 94
433 204 50
51 473 94
193 262 17
949 130 26
833 673 30
85 139 63
368 898 55
771 248 30
904 224 47
84 577 4
690 447 3
925 816 27
692 760 81
654 4 19
955 120 62
908 700 5
959 75 58
648 580 91
632 722 70
921 407 21
402 742 42
445 333 98
929 900 1
957 239 47
569 759 78
464 474 82
560 935 81
968 344 1
349 514 45
282 220 36
29 783 7
907 166 27
826 390 58
605 618 37
183 497 92
272 809 85
803 25 34
616 282 79
189 710 34
459 445 60
322 499 51
373 301 62
214 302 7
830 829 91
706 673 97
743 331 21
314 563 51
903 64 83
732 468 19
676 403 46
767 12 10
647 857 20
93 515 7
471 838 90
521 251 94
178 77 10
559 449 85
11 915 70
577 922 40
5 239 10
177 92 62
630 145 90
354 759 24
873 188 48
853 207 88
499 786 48
626 437 78
843 52 45
938 688 63
483 472 28
200 891 63
253 75 78
568 912 78
283 977 44
531 581 94
646 504 50
447 613 14
878 300 38
759 576 91
489 186 78
224 872 40
69 368 38
434 902 84
520 266 68
521 16 6
155 720 55
87 135 52
39 987 89
344 848 78
111 314 27
572 285 82
332 86 74
749 924 62
268 269 92
717 477 30
302 571 76
708 12 55
625 905 25
131 772 26
878 615 18
427 512 67
580 560 91
723 631 19
591 121 64
580 230 22
793 398 88
963 570 5
363 634 41
913 28 58
585 784 80
628 727 55
879 102 39
107 298 36
231 873 14
116 226 6
439 445 26
577 611 66
231 312 26
654 466 51
427 623 93
190 887 2
934 480 55
712 629 95
498 244 6
430 41 61
503 532 14
776 78 17
129 888 11
519 557 52
972 602 65
562 431 92
415 774 43
406 598 64
355 834 17
810 477 70
284 397 34
183 156 73
674 395 86
945 53 48
480 72 78
366 690 81
545 769 31
499 741 19
248 126 38
0 60 35
762 244 98
365 407 22
18 990 8
9 548 36
303 5 61
344 554 7
125 864 44
410 880 38
883 952 19
553 654 98
920 424 93
60 518 14
487 858 39
765 598 42
297 274 60
395 178 66
420 185 2
46 191 14
997 210 3
94 299 3
526 721 21
321 214 99
16 735 45
768 94 67
387 911 59
528 521 43
101 850 8
389 728 6
287 627 26
282 468 77
831 770 50
512 608 35
312 121 9
777 407 31
935 948 8
616 4 8
666 348 27
28 165 21
350 349 19
883 663 1
10 893 55
564 924 73
370 911 93
641 833 54
60 698 95
993 140 77
687 9 85
210 673 93
89 633 39
216 663 60
917 132 64
887 686 73
327 631 52
537 320 47
845 271 75
435 42 82
957 105 14
395 542 90
575 53 83
586 286 75
428 508 36
621 9 53
328 578 47
169 702 53
104 92 54
23 525 48
256 439 39
196 231 84
306 720 75
601 726 37
413 902 1
205 108 46
207 142 87
803 50 11
866 846 82
767 483 57
16 507 92
47 396 72
247 289 65
745 949 99
634 644 32
580 43 17
849 394 64
753 516 89
988 783 21
216 528 85
506 59 69
988 517 2
342 88 54
304 845 33
537 704 90
755 978 97
814 15 61
628 145 48
537 502 93
685 199 8
681 463 25
822 188 71
593 803 55
387 803 88
330 528 89
663 551 90
443 783 42
182 577 39
690 582 20
840 588 15
929 815 43
593 977 9
141 372 92
576 771 43
442 32 16
242 274 3
450 159 63
445 343 11
117 180 66
930 167 40
110 495 27
939 977 4
313 223 3
670 241 76
766 375 14
439 277 9
355 31 82
338 560 16
940 57 89
136 599 76
871 305 59
819 481 2
961 375 76
360 952 95
133 952 80
151 67 96
95 314 81
362 841 41
263 435 66
12 337 3
959 517 13
176 30 78
251 307 21
683 482 42
783 705 50
485 511 60
57 354 69
74 553 69
640 476 70
95 406 20
226 159 62
474 186 4
442 877 12
109 334 56
631 867 63
722 758 61
802 278 14
612 7 74
832 312 85
798 490 14
416 585 79
220 283 36
569 273 72
745 949 84
888 453 1
140 791 66
641 645 76
803 625 82
536 854 64
807 628 10
832 539 65
449 286 56
722 967 69
65 101 54
555 878 24
487 552 24
120 131 64
35 189 18
975 587 79
26 826 16
971 173 9
589 88 53
141 686 26
259 94 28
862 136 46
576 803 11
924 284 73
354 771 38
976 524 47
814 125 71
496 477 9
756 120 79
424 40 21
848 85 27
758 757 2
423 73 4
475 715 34
157 26 15
290 805 89
247 236 34
276 55 10
545 686 83
978 414 87
249 602 59
959 577 100
229 664 4
656 113 71
694 640 75
972 947 36
350 970 38
569 335 6
919 392 75
984 827 41
296 563 34
243 138 65
97 3 30
685 584 4
558 110 60
160 207 77
635 662 70
779 338 36
123 127 61
458 967 2
574 703 42
571 666 63
214 138 24
339 718 51
581 525 85
926 141 95
611 327 95
184 550 34
894 267 68
547 74 39
331 589 46
905 265 34
234 697 80
13 220 6
824 305 16
973 767 49
584 774 18
244 180 89
756 861 98
402 762 14
898 810 58
65 108 61
377 933 41
812 165 100
211 733 99
350 982 39
126 893 13
37 669 41
808 160 2
251 950 78
290 470 17
712 224 25
309 365 44
584 956 85
783 47 28
788 900 40
359 575 97
699 168 16
637 16 5
908 787 13
6 570 6
623 141 88
577 722 91
796 404 33
745 907 65
809 547 33
362 840 76
298 310 98
707 194 67
341 498 58
779 736 100
869 980 1
322 784 91
430 21 70
236 627 13
964 564 30
315 14 88
604 256 71
347 216 70
185 682 19
328 985 23
954 548 46
352 173 41
537 510 30
571 797 89
795 753 52
180 744 68
337 444 13
873 895 88
997 877 99
74 363 35
15 171 23
876 249 72
157 676 49
891 824 12
165 100 66
290 858 88
366 86 100
222 209 96
852 290 76
292 65 16
570 908 44
171 852 61
267 864 50
56 528 68
55 409 36
728 683 41
623 42 74
813 746 31
770 932 29
545 371 65
245 945 77
507 310 24
146 456 30
842 549 31
458 694 85
110 111 22
369 561 13
718 575 66
558 350 27
678 237 48
956 922 61
62 80 83
529 421 44
473 531 75
636 261 82
594 54 19
275 843 60
103 639 69
325 730 11
789 826 17
516 700 8
39 203 86
250 529 61
359 620 13
557 494 32
704 770 89
187 585 91
751 812 6
30 633 5
242 582 18
345 690 71
537 400 31
966 596 42
442 85 87
520 15 23
115 707 73
623 889 88
518 175 10
613 738 50
72 975 41
118 874 95
833 441 75
786 83 74
861 573 12
853 552 31
880 191 70
447 866 5
490 429 29
585 80 49
548 690 5
482 767 34
448 17 45
689 540 64
963 628 7
729 216 70
741 413 45
48 379 61
675 578 82
965 793 2
306 687 79
394 610 73
322 574 76
556 774 65
48 812 12
476 748 93
490 225 10
724 165 79
525 884 1
263 840 22
240 345 34
644 496 100
331 117 33
294 96 35
751 473 12
15 981 35
318 528 21
576 719 10
245 727 58
388 401 28
950 711 34
87 45 36
339 297 42
997 671 20
117 596 7
342 94 8
160 929 18
640 758 68
481 51 87
525 384 77
24 29 54
415 95 29
554 726 10
662 980 18
53 189 5
85 88 75
606 141 29
461 755 64
372 753 43
908 728 36
539 684 65
881 878 70
488 142 26
561 693 41
786 792 34
426 730 60
975 426 44
63 858 61
578 357 63
766 494 32
220 663 6
150 499 73
600 672 9
497 599 15
691 465 71
365 81 3
937 880 89
787 523 88
393 337 58
44 663 18
783 819 17
663 8 57
14 521 60
573 41 63
804 633 96
402 129 29
993 322 58
650 315 22
170 675 20
93 883 72
464 892 99
622 563 75
691 287 96
415 587 54
245 450 34
992 669 65
606 323 61
832 443 3
158 324 94
980 59 91
100 387 30
674 698 72
909 303 51
642 859 7
955 87 10
84 211 54
761 899 40
419 939 69
751 688 91
546 782 48
679 724 45
336 134 43
818 266 98
108 522 3
248 225 60
726 12 83
209 717 39
911 484 54
397 152 62
888 342 25
229 971 46
499 264 58
656 790 88
677 697 54
945 675 44
247 530 35
637 420 51
494 133 63
199 256 67
723 169 57
844 381 71
435 121 9
594 919 7
835 754 30
547 234 17
990 104 95
763 156 14
255 590 25
334 980 76
322 96 42
86 619 94
121 444 3
998 376 62
75 65 95
851 142 12
588 290 23
754 218 72
126 478 64
535 489 84
247 84 95
101 578 59
417 794 40
617 654 57
398 234 64
10 714 54
28 339 48
83 958 81
279 518 43
378 645 18
5 573 67
827 951 13
3 896 85
686 666 20
12 865 69
151 581 29
914 236 72
321 122 55
910 352 44
489 145 56
92 196 65
249 335 26
339 203 57
109 174 61
325 723 20
26 833 18
993 914 58
384 979 53
260 483 88
576 417 88
464 250 15
128 681 93
139 943 33
49 605 43
183 657 41
10 688 33
747 612 60
7 623 5
616 141 100
241 299 31
197 424 37
219 628 1
95 20 50
291 766 93
310 690 18
307 505 99
662 386 47
427 738 40
660 445 47
396 996 84
792 485 62
449 886 57
572 559 1
715 965 2
594 280 12
185 935 27
883 850 20
32 341 13
493 2 18
277 305 80
584 800 1
436 924 72
721 864 4
984 748 91
657 146 23
463 505 24
647 391 9
866 804 87
211 875 49
561 711 36
584 526 37
751 655 67
782 204 28
116 827 66
312 447 52
354 159 68
682 448 95
811 699 5
379 855 79
234 951 13
902 190 39
390 668 58
453 733 39
238 53 49
174 35 29
358 100 66
488 634 41
740 145 43
70 214 15
758 81 53
511 260 84
476 755 2
462 49 83
994 859 40
573 105 49
225 497 49
932 630 2
710 422 33
705 155 52
600 621 13
9 56 51
793 407 3
415 366 97
230 21 34
483 416 46
278 439 85
363 494 55
451 796 63
458 419 17
39 388 19
338 737 46
949 960 78
426 990 57
609 836 21
189 108 74
32 454 93
432 230 7
717 849 88
726 203 7
799 153 86
990 863 82
121 489 60
12 983 51
879 789 40
60 304 98
722 146 23
783 973 31
153 700 67
249 242 84
828 420 12
982 468 85
824 583 57
454 164 67
678 249 84
797 287 41
659 118 65
36 853 73
653 335 64
285 607 41
815 374 94
755 299 90
780 995 96
136 230 16
956 668 23
758 136 94
436 960 35
779 98 18
934 428 62
721 538 7
21 308 23
716 92 88
435 338 85
422 438 74
899 891 68
735 21 39
666 139 35
747 744 90
47 797 33
797 239 79
529 453 79
400 851 69
490 811 7
686 564 62
524 937 7
433 433 40
878 60 82
564 742 64
44 880 57
129 627 62
50 698 1
26 766 41
261 656 81
142 635 98
273 301 100
503 597 26
162 186 17
674 790 82
432 283 41
43 89 100
63 958 22
96 875 15
354 397 75
498 466 28
955 174 89
706 286 76
391 946 38
808 251 20
964 278 95
402 878 78
286 364 49
23 750 60
480 275 24
735 253 62
133 656 64
57 978 37
565 184 26
992 828 53
525 853 12
744 417 68
603 416 87
976 762 98
307 630 30
417 450 4
112 220 8
99 726 20
894 492 98
518 402 24
150 265 8
787 322 76
558 59 31
228 147 81
552 238 39
550 378 57
371 344 21
553 670 49
313 347 62
423 494 20
297 302 92
496 668 58
943 961 79
215 840 58
68 710 32
40 986 18
815 920 90
401 340 11
336 147 25
264 165 17
465 950 94
124 235 60
655 110 84
69 794 13
107 80 87
429 457 8
922 528 96
694 497 93
472 377 15
6 650 41
655 254 35
874 531 71
659 794 60
292 284 18
833 843 74
981 320 17
901 963 88
546 608 22
685 879 93
404 410 46
315 291 16
870 493 17
159 70 38
690 689 70
739 32 10
539 73 2
496 650 74
958 704 34
874 439 64
429 746 48
133 961 70
282 578 1
730 422 40
552 137 75
227 258 52
33 989 89
116 787 64
797 434 76
906 524 4
858 951 93
350 520 67
592 622 75
122 370 81
313 53 49
886 491 2
809 178 66
381 405 20
439 205 58
610 728 97
563 881 30
337 142 62
665 941 81
978 253 74
475 621 19
3 160 67
21 826 27
400 750 28
318 126 44
509 608 59
510 422 23
268 216 36
113 751 32
908 405 29
527 294 43
831 557 39
64 747 38
389 437 75
676 176 40
770 926 58
589 826 19
611 102 59
22 453 41
872 688 8
655 66 6
606 238 63
222 55 9
402 168 67
387 499 11
62 431 48
203 752 63
69 870 5
64 531 17
361 475 97
417 398 61
325 106 80
213 50 77
487 345 91
956 816 13
585 173 88
320 470 24
948 670 83
437 302 55
609 665 93
959 928 84
58 242 13
678 443 84
553 498 72
954 475 64
863 178 22
330 38 39
129 187 95
194 411 91
145 625 5
577 266 75
39 256 20
601 545 74
427 350 52
128 454 37
15 534 80
728 840 66
105 800 13
391 81 84
94 484 54
780 335 42
596 686 40
80 401 64
965 396 60
534 799 77
640 530 96
809 725 46
651 19 84
121 238 73
638 190 6
651 596 12
533 376 43
717 345 74
288 162 46
567 981 45
95 770 78
835 309 58
856 31 74
960 718 18
881 846 66
830 610 55
360 891 55
110 921 97
54 271 95
103 245 75
948 611 15
591 650 74
316 281 38
151 143 25
264 932 94
204 788 78
290 753 72
64 311 34
164 729 13
730 964 2
28 12 98
648 541 13
928 954 7
176 566 74
216 961 78
136 447 85
187 971 100
170 581 71
246 919 41
214 483 12
984 375 68
552 173 1
952 67 7
332 958 64
834 607 24
320 703 80
380 807 89
950 487 89
6 800 56
314 266 72
351 485 39
579 597 50
420 619 36
287 169 36
723 318 46
140 240 100
124 993 34
269 346 58
428 819 7
736 401 7
192 614 60
256 237 50
855 912 60
293 505 21
567 648 78
174 205 71
115 372 93
902 834 36
275 287 11
264 679 4
358 57 82
22 173 53
870 19 8
336 660 90
888 706 57
940 604 54
502 312 84
717 863 83
185 233 32
672 516 41
588 320 56
140 302 96
270 888 81
371 860 21
365 477 61
872 689 100
525 432 81
928 792 46
683 621 99
499 42 33
672 967 93
83 352 46
636 557 86
888 161 4
338 261 43
52 572 86
526 654 73
669 59 32
840 845 82
94 488 7
645 435 36
446 86 62
986 517 16
543 944 46
716 518 80
527 498 58
527 833 26
886 406 90
431 917 11
591 515 8
874 524 83
260 452 71
386 99 76
439 423 6
503 261 64
740 895 79
544 810 20
265 327 2
826 125 2
559 772 59
834 824 74
632 493 82
654 491 58
787 854 50
472 751 55
254 213 17
115 534 29
938 102 2
108 405 22
715 965 62
865 867 17
704 601 26
397 886 9
801 713 5
545 176 46
881 618 33
262 894 17
183 956 78
680 515 90
94 42 32
756 799 86
513 429 20
395 354 69
409 333 27
920 337 16
637 403 92
660 749 66
908 656 21
190 326 76
613 752 95
257 18 71
644 83 31
93 653 24
94 902 17
887 35 55
869 895 13
553 980 32
308 492 97
862 979 83
362 206 18
176 858 58
124 444 52
649 496 83
242 102 98
85 944 78
133 936 62
85 288 13
155 911 55
25 694 41
608 267 53
711 499 30
82 762 39
257 98 91
661 302 55
219 83 41
493 954 38
524 425 95
404 498 30
369 406 95
390 16 73
139 464 44
947 207 21
584 138 100
82 606 44
293 173 38
187 537 69
10 433 92
520 865 85
800 924 93
939 522 29
248 234 81
708 568 49
500 653 11
48 229 48
936 490 68
596 875 38
319 784 6
116 847 42
295 105 10
657 289 92
729 589 11
92 962 38
9 356 6
482 282 65
351 106 29
326 292 59
245 90 8
246 979 14
484 854 60
933 699 65
942 372 27
959 234 92
168 811 56
872 674 58
126 640 7
510 974 25
506 1 21
408 586 8
421 307 94
597 504 32
737 843 3
795 315 26
217 83 42
995 573 44
132 264 77
520 593 40
441 421 37
129 771 81
160 115 38
141 300 97
622 991 64
364 957 28
625 195 76
805 832 69
622 717 82
807 131 51
596 149 41
415 362 16
242 888 34
419 227 53
3 214 80
6 890 12
516 478 77
824 845 36
889 922 29
445 599 7
393 387 6
411 548 60
43 46 10
195 664 48
559 114 40
510 882 36
373 557 73
933 518 7
675 888 42
188 296 33
638 725 18
850 790 44
747 120 49
988 218 32
302 796 50
550 969 38
732 653 29
534 359 82
557 529 11
295 677 2
290 951 98
569 713 85
777 989 18
595 543 38
11 425 61
695 168 81
60 787 79
3 216 20
722 368 59
575 109 62
409 794 5
640 32 80
670 514 43
831 689 91
764 209 24
291 826 52
847 341 96
972 884 84
822 172 53
738 939 57
161 96 25
820 11 97
689 191 11
289 246 22
2 206 89
497 226 41
532 895 57
100 926 82
952 675 96
660 24 76
320 131 73
471 416 72
640 302 24
594 451 14
882 666 79
587 9 31
219 272 12
63 791 47
493 706 65
517 861 94
87 18 49
446 437 65
167 97 55
413 308 81
849 612 79
860 153 7
100 64 12
330 335 81
146 712 86
557 95 39
446 84 83
967 293 9
987 7 55
149 705 82
651 15 59
960 596 3
369 386 42
414 425 12
598 488 91
278 552 57
854 857 84
684 657 72
177 325 11
642 593 87
430 61 100
661 149 52
780 804 65
946 275 37
971 889 79
759 87 26
709 808 10
298 271 34
651 516 92
550 316 32
622 397 53
892 874 78
862 113 77
97 306 72
859 137 19
885 988 9
968 290 87
622 287 62
39 130 3
88 17 3
877 702 23
475 290 90
772 309 70
821 709 29
84 317 86
867 898 25
429 187 58
707 272 76
284 684 79
629 657 98
831 510 33
399 65 42
16 582 70
386 181 1
720 842 86
936 199 5
415 874 5
794 725 51
912 864 2
171 869 39
497 106 89
550 633 73
921 528 54
214 719 1
245 719 32
605 20 63
74 612 52
234 954 85
66 617 18
442 805 52
60 32 95
392 8 3
755 724 17
942 178 74
389 870 16
278 208 91
516 927 7
64 759 13
995 981 41
940 991 87
282 70 87
585 402 66
432 388 21
521 419 42
435 268 71
874 464 77
56 649 59
899 205 87
725 598 42
741 653 94
653 446 93
925 52 41
398 768 71
732 369 92
296 160 44
138 52 85
192 789 25
986 43 66
42 651 89
419 494 38
801 147 34
720 62 51
949 99 65
660 531 42
139 994 57
708 254 13
138 15 95
905 710 41
401 24 86
283 265 15
155 501 7
387 631 78
58 240 50
540 692 16
727 157 38
783 778 68
746 78 25
3 940 88
365 449 49
738 330 10
373 614 27
337 503 6
971 473 84
227 391 25
822 505 19
397 175 52
608 489 88
184 484 45
342 482 92
1 145 31
273 158 94
408 982 43
565 99 9
462 978 5
823 455 96
184 533 77
738 919 63
739 536 81
952 369 98
681 739 15
804 664 29
539 804 27
880 16 42
912 874 7
214 424 34
891 833 85
367 655 52
339 344 9
964 609 47
168 673 69
669 713 60
924 361 93
725 298 37
886 481 38
223 927 78
980 945 48
549 559 78
593 643 27
101 195 17
630 131 10
64 974 100
45 818 53
324 741 28
510 95 90
697 594 97
862 890 74
15 755 75
327 227 67
657 281 41
804 231 8
757 31 98
821 909 83
828 304 85
471 263 89
393 311 86
994 156 2
604 906 82
578 572 59
759 655 90
552 335 33
237 447 5
219 319 48
879 697 50
14 150 38
139 215 9
812 829 34
124 189 19
59 34 43
902 655 47
737 176 27
486 428 72
607 351 33
778 344 44
754 885 49
319 599 8
234 645 10
638 98 83
339 303 65
417 543 42
428 631 27
338 740 95
512 887 62
377 98 67
831 915 35
976 734 14
986 993 39
277 479 85
674 450 100
980 960 29
822 559 94
471 316 77
914 103 31
242 499 42
365 384 98
818 932 74
427 731 92
280 94 42
626 764 22
494 842 13
794 304 19
205 172 53
877 660 42
506 22 82
376 287 42
194 765 71
569 522 2
473 25 46
182 291 53
470 283 37
624 984 77
479 452 72
550 515 87
114 896 37
376 710 94
84 71 15
362 374 50
313 153 10
407 908 29
90 292 89
138 489 66
297 366 69
820 307 22
26 858 27
473 634 62
731 522 23
434 302 43
656 99 29
110 323 25
669 73 54
213 861 95
357 333 35
364 40 45
105 434 22
169 755 63
554 974 18
577 661 52
447 221 30
38 846 3
0 746 30
781 522 77
105 534 18
26 790 94
93 219 49
667 739 67
116 759 60
409 14 93
41 781 39
539 275 38
551 634 50
759 616 90
780 77 28
800 997 55
793 917 40
718 891 26
445 207 86
367 409 38
410 694 81
97 340 72
256 381 62
694 186 87
260 526 93
307 879 41
186 932 79
467 968 73
810 247 49
444 121 92
151 780 28
900 733 69
866 270 20
446 756 25
64 273 30
334 640 99
996 331 75
621 787 43
190 370 27
364 444 71
259 984 70
645 792 21
647 751 79
573 729 27
700 702 46
377 738 43
490 553 89
77 887 89
150 727 44
91 127 53
202 890 30
357 575 67
252 270 32
991 315 9
251 909 94
192 76 66
975 232 99
149 196 8
855 228 71
927 99 89
425 264 58
969 14 62
346 264 51
339 226 34
860 63 56
846 918 56
962 656 76
976 448 27
651 597 77
190 64 43
651 743 17
659 464 49
153 338 49
335 232 6
664 374 17
836 564 22
649 836 60
716 590 48
768 416 92
616 728 91
514 429 15
124 518 48
998 725 21
974 712 97
773 198 30
436 656 9
257 614 22
894 486 75
504 915 31
104 21 46
107 683 81
650 541 82
848 613 17
613 808 60
636 534 32
872 540 23
297 682 15
274 330 79
392 239 21
160 891 26
169 566 75
474 645 34
244 771 41
835 671 60
327 52 26
372 768 84
172 709 77
159 507 1
122 180 22
809 17 54
590 194 76
990 228 47
498 817 3
373 137 27
575 28 7
736 39 17
528 381 86
6 753 9
529 428 22
678 435 56
730 965 66
857 413 70
286 543 5
184 337 4
631 199 65
441 767 60
862 695 67
525 305 37
798 588 50
478 341 61
221 288 69
794 294 27
242 206 85
948 669 91
822 30 21
2 899 95
671 748 50
409 114 17
90 623 29
792 365 99
192 59 50
358 683 59
633 339 86
213 977 37
202 525 5
389 685 13
893 144 32
972 963 95
537 312 86
65 684 12
826 831 84
118 532 41
410 360 97
418 870 3
22 292 43
329 641 87
32 790 55
282 442 29
730 680 73
878 929 51
36 283 93
603 359 32
137 353 53
595 506 66
667 478 28
166 698 23
269 835 64
911 384 19
690 147 79
830 448 39
918 24 81
261 558 46
682 665 5
555 203 63
578 175 13
780 550 13
625 346 49
807 799 77
502 595 64
398 171 70
566 204 51
952 780 17
38 66 15
252 16 32
825 529 23
923 2 33
653 220 85
622 856 64
734 668 11
372 438 4
917 455 60
243 625 58
145 82 41
323 539 1
821 428 9
390 610 23
50 527 33
901 65 37
966 995 12
621 263 11
201 979 35
535 941 18
799 359 64
338 482 38
118 848 60
43 56 90
434 39 20
27 235 74
644 684 45
187 369 99
470 139 12
779 431 100
74 322 16
439 275 91
278 970 40
179 337 17
303 838 67
566 574 39
752 867 3
532 898 16
85 852 73
980 111 10
923 675 30
501 785 66
676 982 62
419 570 47
69 145 8
670 104 54
574 527 35
677 661 2
90 862 60
569 504 11
103 864 68
852 602 53
503 228 48
765 111 92
531 765 51
122 235 16
58 812 40
606 860 55
364 415 5
852 651 46
153 424 90
420 253 45
547 437 36
788 280 10
249 199 14
524 502 70
164 44 62
519 509 74
742 173 66
783 48 24
485 420 72
663 31 26
83 725 41
121 870 65
640 676 37
293 554 95
565 823 74
784 518 23
904 447 5
923 471 100
178 824 44
161 894 37
255 487 26
933 984 70
960 93 61
631 724 98
741 540 70
554 655 42
691 154 33
403 57 50
488 175 38
197 742 44
67 265 20
189 518 28
56 436 69
61 396 24
689 373 70
213 293 44
431 931 6
385 375 61
290 556 6
41 246 12
257 612 67
845 42 73
279 273 37
606 893 44
66 425 54
639 816 24
201 209 72
629 367 74
108 271 54
35 314 61
948 52 67
975 735 60
847 194 11
221 805 17
622 347 27
285 356 29
169 172 12
765 941 20
117 159 27
693 949 55
480 982 32
1 801 42
898 538 100
526 19 99
383 369 95
921 198 35
380 415 50
539 801 37
479 980 95
655 217 63
202 833 11
86 818 1
824 206 53
525 598 57
917 395 88
496 470 24
540 693 84
306 356 28
909 200 71
711 399 65
564 797 8
661 664 30
151 316 74
551 279 5
516 267 13
600 462 91
0 868 8
905 189 14
639 221 25
177 386 10
10 471 37
125 663 91
835 908 83
298 495 76
378 489 68
597 897 78
870 909 100
569 954 8
694 472 60
723 918 88
524 175 78
445 529 90
853 559 29
882 422 46
498 547 13
222 712 79
760 872 93
309 233 98
835 983 24
934 128 11
722 633 17
83 824 16
955 950 23
205 989 93
24 141 91
259 668 31
269 26 69
54 124 53
740 897 21
843 513 25
717 155 57
176 640 23
282 913 53
939 491 1
722 667 92
163 371 70
220 825 56
191 0 66
129 581 71
796 269 59
291 115 39
632 134 53
949 77 19
628 640 19
244 357 29
554 913 82
630 468 3
372 846 78
63 525 95
893 276 48
387 693 40
552 507 14
656 796 61
275 40 97
186 448 95
303 478 5
932 448 46
561 826 14
544 202 93
501 451 79
228 208 12
849 343 78
199 41 25
662 311 55
964 40 49
462 568 90
102 385 87
983 914 37
949 256 86
595 524 17
858 153 87
469 228 12
993 270 80
28 775 88
909 726 2
98 217 49
654 981 78
818 91 34
121 228 5
249 214 39
805 366 10
320 6 24
58 663 39
566 622 38
324 328 58
296 283 89
531 111 20
389 531 19
970 362 90
109 789 88
453 81 59
920 484 89
860 376 59
536 268 86
873 577 28
795 670 35
561 248 100
556 26 50
919 297 44
467 718 71
248 863 54
499 932 72
472 809 23
238 975 33
744 358 32
234 887 95
476 704 2
798 720 52
736 222 93
244 553 41
338 720 82
780 403 93
835 192 46
793 692 43
645 637 10
34 632 31
204 740 13
516 214 45
528 872 83
22 23 80
631 467 53
942 883 73
577 701 36
248 152 11
163 85 76
336 135 56
356 600 97
79 537 31
375 770 79
550 834 22
493 925 4
226 124 19
491 124 70
39 994 69
705 759 17
844 208 88
266 134 42
27 880 45
730 167 2
465 519 2
773 67 3
649 386 27
439 862 21
479 922 25
496 518 41
633 56 15
15 175 8
381 696 3
11 580 61
95 231 65
135 906 1
429 462 59
272 788 19
186 737 43
159 249 3
513 471 14
190 735 31
5 263 81
976 874 30
504 955 9
460 965 29
725 382 69
625 223 39
617 470 90
31 6 23
881 983 13
127 620 91
941 703 40
513 318 5
837 692 5
774 177 99
981 362 28
503 409 72
396 842 26
409 862 88
486 396 3
422 558 62
207 133 65
968 923 99
261 219 74
170 518 41
446 599 91
35 29 86
400 309 43
726 489 40
811 480 53
517 444 5
977 901 65
74 874 27
488 330 32
727 247 55
81 844 64
782 80 91
396 342 3
210 786 43
530 306 43
840 806 92
527 7 1
827 927 86
348 88 67
506 700 76
500 456 82
33 174 89
610 819 19
264 504 45
829 639 49
414 137 3
790 550 82
232 839 59
596 649 18
972 40 98
957 628 21
156 244 52
465 861 6
255 308 63
729 598 92
440 104 84
350 152 42
727 326 67
84 233 96
277 406 52
339 804 6
512 388 29
80 519 49
143 58 5
542 48 18
625 484 33
766 846 39
681 498 87
573 762 87
684 782 99
538 731 95
413 4 50
498 710 76
783 682 52
620 823 71
713 301 37
603 676 71
782 530 24
539 0 18
199 497 71
325 372 94
439 643 29
7 296 76
688 722 47
893 462 35
425 414 93
913 870 50
722 399 69
646 264 14
925 987 84
982 159 24
54 520 87
168 249 97
670 786 82
838 269 46
530 648 12
53 512 25
669 337 53
328 110 67
916 643 1
374 900 98
764 676 63
729 493 79
199 287 24
276 975 97
319 813 3
474 583 79
679 150 38
887 357 70
957 161 74
535 195 40
664 192 40
780 287 59
542 512 3
634 521 27
722 417 12
354 711 60
203 823 9
527 335 4
548 48 17
777 30 41
45 228 36
763 696 32
673 84 56
698 89 71
324 398 93
685 31 88
112 668 49
285 927 35
513 705 42
763 191 74
818 590 42
540 413 54
645 515 52
403 928 35
56 901 39
480 617 97
229 248 61
677 491 87
426 842 92
80 256 99
118 801 71
561 705 12
695 804 84
182 193 34
309 141 100
533 80 79
178 202 68
200 344 100
397 159 40
474 548 79
160 774 29
62 18 11
872 713 19
284 920 99
212 528 12
553 640 2
435 503 49
300 542 10
927 740 76
306 421 75
718 34 17
526 372 92
277 421 57
27 719 15
64 90 5
964 302 24
887 423 69
307 586 64
440 246 32
182 239 90
403 583 13
323 641 25
675 499 29
232 561 1
965 74 1
601 556 31
162 717 10
366 553 12
366 356 35
252 739 62
405 363 18
88 149 2
489 757 100
175 632 93
267 328 23
428 367 93
775 949 32
768 83 51
295 574 1
567 723 49
841 503 72
238 636 69
923 574 84
9 711 93
279 366 57
880 843 100
654 154 5
406 437 50
193 467 35
655 842 85
623 196 81
994 852 34
280 878 28
137 646 26
357 882 98
369 74 75
270 982 36
834 527 47
709 582 85
494 681 22
240 298 38
264 541 10
166 939 24
835 14 80
954 277 30
521 49 76
919 265 85
140 110 90
157 346 54
83 744 93
671 296 29
458 10 89
716 584 48
565 340 11
198 341 56
136 305 60
817 979 34
162 79 6
618 225 8
563 8 54
383 88 98
758 379 54
762 856 42
10 848 58
49 999 28
474 353 73
216 833 3
43 331 8
328 732 20
870 27 15
255 876 96
897 394 92
613 545 83
13 317 41
679 820 36
532 697 75
242 904 69
34 553 90
348 356 55
935 538 14
998 863 95
162 151 34
444 414 19
401 290 77
621 943 62
97 256 89
969 569 40
589 437 84
672 415 68
275 471 4
273 260 76
730 240 62
113 25 21
559 619 29
890 481 10
38 264 34
590 436 68
822 889 92
863 902 18
831 746 33
217 523 37
688 609 46
328 62 84
116 978 73
566 350 69
850 56 34
345 611 16
586 969 51
964 984 96
598 373 28
924 984 65
181 483 80
626 65 74
989 710 57
838 253 23
770 376 4
529 755 20
455 553 84
737 910 41
755 447 2
203 104 78
351 106 15
564 769 16
894 104 41
536 346 44
718 479 8
909 266 58
891 453 81
856 210 54
130 135 43
916 658 4
758 63 23
21 71 39
2 856 7
949 414 38
725 885 55
460 759 65
185 11 38
831 331 23
750 426 35
845 219 46
256 76 100
75 26 66
303 476 76
740 182 83
324 877 44
653 366 70
765 640 43
295 633 45
877 191 88
889 17 19
674 931 100
807 113 63
353 200 21
534 72 83
686 696 14
793 990 51
616 318 57
14 512 57
479 202 58
891 467 55
630 743 83
984 970 27
375 561 5
386 966 64
304 340 74
279 356 55
80 375 96
71 952 52
223 50 18
723 967 22
67 635 82
604 296 44
289 176 28
661 270 32
786 97 82
627 816 87
861 356 83
142 347 2
365 540 13
589 794 45
304 187 48
151 390 23
75 971 36
664 651 18
141 354 97
403 728 57
981 876 72
273 691 63
95 805 95
993 442 88
864 115 96
624 993 64
179 478 47
239 482 69
987 212 50
451 63 10
721 619 20
114 668 77
961 490 96
35 415 25
422 591 99
845 147 50
378 955 75
91 51 30
844 704 44
607 260 3
514 415 35
253 444 91
821 256 33
425 430 98
974 3 74
867 696 50
732 57 15
986 902 78
664 59 31
826 17 93
478 520 56
882 710 62
513 474 11
442 504 93
483 819 4
852 97 89
748 498 50
98 934 17
75 440 70
435 950 99
671 415 15
873 48 55
298 195 57
87 105 9
301 204 30
941 481 91
850 575 69
273 752 85
720 438 17
699 819 97
458 762 44
23 651 84
136 129 16
136 449 50
803 830 56
20 993 57
941 441 59
541 858 97
807 842 75
801 176 49
501 290 71
93 669 64
448 102 89
881 840 11
225 722 40
375 538 14
162 322 49
953 610 65
905 793 57
785 278 76
342 375 28
606 21 34
263 81 63
735 889 98
554 507 97
577 414 67
159 875 64
545 201 33
55 282 87
596 567 98
276 362 36
213 969 62
924 879 88
610 833 61
594 365 66
81 639 90
893 550 81
689 770 32
496 709 91
445 398 31
506 278 72
673 875 28
957 143 7
979 817 2
603 855 42
195 867 90
894 673 64
193 651 52
417 252 96
507 488 75
238 724 3
400 287 75
610 119 86
804 326 37
79 120 5
212 313 66
156 472 39
629 958 49
320 999 75
4 878 75
186 529 57
199 156 14
60 428 95
921 198 26
207 661 69
883 479 74
98 489 9
807 993 77
352 491 74
974 215 86
890 247 15
206 522 28
492 417 4
880 108 63
448 122 96
332 400 69
536 574 75
653 794 88
514 324 58
953 620 5
572 563 71
704 823 54
336 661 31
374 707 98
585 565 7
850 306 40
328 645 49
715 631 11
275 79 6
909 106 100
703 929 47
752 757 75
384 535 13
213 717 89
514 598 94
236 352 93
202 873 36
629 137 54
396 15 29
861 336 94
632 5 31
139 268 24
516 395 98
131 243 27
38 266 6
826 719 47
162 857 23
323 724 26
266 759 58
490 259 86
44 414 22
91 622 64
7 434 67
501 865 18
130 476 23
877 435 39
603 191 48
204 539 92
114 625 10
6 259 30
125 350 88
842 767 59
686 997 45
11 785 56
565 919 4
562 14 67
653 996 38
555 874 63
702 604 25
244 656 2
758 612 1
683 746 28
715 706 70
992 128 59
773 864 66
952 260 79
631 50 51
53 771 15
391 712 32
613 316 39
855 474 31
626 212 76
670 365 45
889 699 52
242 668 28
398 440 43
695 104 36
274 157 84
676 624 98
210 117 37
223 646 10
147 543 45
193 26 31
609 426 7
884 878 84
417 985 24
353 266 44
408 271 56
14 989 67
42 232 44
475 242 3
646 112 7
937 491 90
485 105 88
11 675 82
725 318 7
390 723 42
782 836 25
534 967 92
993 910 24
135 96 47
124 754 51
576 176 13
730 729 80
918 459 67
303 168 93
388 476 24
665 279 8
876 810 80
478 587 94
875 742 26
352 200 39
607 636 87
361 729 45
714 645 4
921 660 74
506 807 13
480 651 17
130 889 36
682 348 63
751 865 73
920 350 80
756 591 50
774 384 50
290 776 28
728 678 17
998 499 33
106 601 31
975 919 84
22 978 78
841 445 84
974 459 57
371 154 2
469 41 68
862 425 10
818 881 74
382 1 22
51 899 24
910 559 94
235 400 48
458 971 66
452 526 1
528 562 38
517 163 18
91 979 49
252 811 41
347 443 3
775 97 2
972 917 38
182 593 60
102 419 37
818 826 2
71 268 22
845 528 56
405 569 24
174 45 48
524 884 79
799 843 78
998 563 27
958 371 20
209 275 69
846 620 52
238 549 70
621 586 3
747 619 27
454 563 76
980 304 34
650 904 81
600 627 24
428 80 24
832 906 9
970 731 44
803 703 15
511 327 54
818 770 56
956 730 73
157 475 93
135 762 32
344 416 65
886 162 49
151 3 80
137 429 21
206 840 82
360 70 16
288 479 95
887 556 64
12 621 9
159 617 58
552 752 92
859 121 44
915 875 1
842 792 73
192 579 64
307 602 84
844 561 37
166 976 88
827 280 28
209 223 66
1 46 36
921 178 93
852 165 88
738 977 37
810 938 77
208 999 42
733 477 3
182 757 90
563 606 46
48 450 94
37 255 89
559 508 52
768 207 60
512 229 47
20 375 60
486 355 36
492 342 18
244 217 27
381 614 94
881 331 94
17 185 5
228 141 35
682 801 93
941 440 24
205 546 27
495 267 82
220 387 43
37 800 22
348 135 6
403 971 72
151 957 91
176 173 48
951 217 84
843 63 75
994 837 13
457 614 6
365 493 2
629 727 84
538 436 70
721 870 43
509 331 7
452 425 19
519 996 4
945 232 59
815 375 98
349 797 85
948 617 27
271 634 65
452 374 65
245 203 16
928 481 22
912 942 92
541 668 13
753 699 40
520 779 49
119 338 58
228 54 88
648 526 12
916 228 6
39 41 48
192 706 70
129 838 97
217 129 39
707 648 8
839 165 71
645 111 92
737 861 96
71 771 4
604 760 24
47 624 29
875 904 1
267 51 36
962 642 12
646 835 25
823 928 24
55 241 72
432 124 94
353 296 46
475 489 99
854 431 46
888 191 52
698 713 55
171 556 28
821 967 100
646 956 94
186 901 62
135 946 17
289 269 13
879 209 65
8 648 80
505 955 96
776 784 98
593 243 72
204 96 45
932 232 89
267 45 100
803 566 42
282 648 8
323 346 71
131 791 75
213 674 52
406 337 18
882 570 54
753 382 81
912 822 45
922 22 60
416 343 6
260 949 89
609 243 17
808 422 75
736 857 24
610 576 100
497 967 77
546 130 46
490 220 63
746 17 64
266 265 65
672 68 44
680 875 49
771 693 49
76 848 23
736 964 30
192 759 63
525 981 35
881 244 95
663 820 56
70 46 13
251 95 34
570 561 74
771 499 80
373 305 40
1 937 24
698 24 71
329 28 44
366 230 7
737 266 3
589 455 46
615 710 70
155 871 51
63 909 60
667 151 1
983 272 46
741 833 36
19 658 27
543 679 78
204 636 63
171 899 44
759 664 82
820 654 2
390 64 53
5 735 29
950 921 5
522 685 52
501 480 68
681 131 10
397 52 85
461 291 3
755 840 53
103 461 67
690 918 32
500 437 53
589 725 93
712 88 93
220 571 18
735 94 93
65 885 19
94 682 7
36 100 28
381 811 6
192 166 56
188 451 74
65 810 4
659 924 7
802 430 90
80 753 79
439 457 80
376 316 64
758 466 91
443 630 32
485 901 92
83 228 88
371 886 19
67 379 100
71 603 6
194 598 69
734 198 67
195 623 96
819 960 78
924 128 85
452 207 2
804 117 64
50 969 4
253 371 16
22 101 75
332 273 85
638 755 47
89 260 91
371 0 36
366 959 91
161 371 98
962 901 89
701 691 72
523 959 98
357 698 4
484 365 41
776 159 23
657 53 82
386 667 57
607 669 89
814 693 76
117 251 37
686 985 30
536 162 1
248 272 45
269 742 34
65 946 44
609 211 98
501 373 33
539 110 18
263 946 15
825 794 64
284 419 35
837 629 86
501 303 7
863 449 96
819 139 56
386 225 83
798 829 99
947 70 5
179 719 72
618 97 46
5 128 83
542 686 30
325 566 39
452 326 14
680 518 93
139 628 27
783 581 62
882 451 27
275 95 68
179 713 24
920 191 6
846 971 56
572 270 12
718 25 92
392 449 99
602 738 100
601 708 84
298 495 70
641 487 37
871 97 83
294 817 25
87 467 6
432 689 63
302 519 81
49 976 30
921 318 31
416 956 86
408 269 81
500 107 30
312 12 88
898 537 41
139 639 2
383 602 51
115 605 31
157 504 44
947 940 73
728 396 67
286 591 27
37 906 42
273 162 32
260 475 68
745 331 11
120 421 9
871 452 42
357 370 67
84 651 25
900 414 33
888 387 79
301 62 91
492 248 58
195 978 3
584 623 90
862 827 73
796 413 51
315 144 45
540 224 12
936 888 4
71 4 60
288 114 98
998 118 49
959 898 8
292 528 14
22 427 67
537 8 50
278 200 2
353 437 36
213 494 74
359 944 1
829 197 58
486 592 53
590 841 76
804 981 42
544 22 18
236 740 100
947 343 45
48 512 26
774 71 95
652 626 54
775 587 86
88 131 47
893 999 43
667 752 64
378 259 27
49 961 45
118 669 77
534 240 22
1 674 25
486 823 46
542 816 10
791 92 95
988 252 16
58 130 2
31 818 23
747 839 40
950 167 20
498 482 35
258 887 8
459 552 77
337 195 22
857 904 63
436 713 55
592 694 96
183 674 63
783 575 62
910 520 45
143 501 70
979 923 95
614 408 50
927 481 63
427 495 31
869 977 52
410 211 65
960 598 34
774 436 67
219 471 13
691 919 39
93 372 16
101 818 40
855 804 59
205 634 46
744 731 89
628 923 15
167 504 29
850 725 80
193 374 59
706 474 33
997 825 72
979 958 24
822 253 87
854 765 11
40 154 50
302 847 77
851 761 37
101 777 20
97 612 89
412 128 97
569 84 47
196 838 27
298 636 70
57 683 32
843 573 54
463 301 44
280 778 24
921 532 42
147 262 47
560 598 15
75 967 20
35 593 41
962 729 96
814 12 44
162 506 78
907 283 36
503 50 46
757 159 69
781 286 80
135 542 35
311 122 88
693 378 89
883 571 8
814 337 85
321 740 15
953 493 33
505 534 39
178 508 23
130 580 67
860 339 76
466 125 80
8 898 50
788 55 26
611 363 98
301 754 34
275 7 10
905 815 50
842 222 39
823 628 22
446 974 64
651 964 93
465 327 89
395 178 36
103 965 55
852 438 5
465 836 70
158 621 46
822 139 82
667 922 96
297 895 39
17 900 77
842 292 46
682 103 88
11 486 18
903 284 73
641 439 85
490 678 21
910 599 30
194 510 99
185 479 57
705 557 68
937 670 95
324 165 33
396 922 71
895 278 49
136 131 76
68 377 70
615 422 88
774 694 23
419 151 85
810 950 46
636 793 30
919 578 11
626 164 89
949 762 52
585 762 29
832 157 33
338 626 27
635 866 22
769 280 72
543 757 46
511 719 7
905 753 76
86 41 61
487 146 4
569 273 23
641 997 51
49 867 55
697 71 22
316 58 53
459 883 5
90 27 53
59 552 56
123 183 16
226 219 52
444 691 95
924 200 54
909 376 62
405 804 38
549 835 66
349 33 12
788 227 51
113 944 37
641 260 18
821 519 95
596 612 2
141 675 15
980 286 89
229 930 26
708 909 5
487 969 86
16 536 36
673 154 16
155 124 7
573 95 52
643 23 14
556 165 32
169 552 98
45 297 79
515 805 70
990 316 55
914 385 50
269 461 28
915 805 58
435 1 35
85 206 19
572 821 5
948 34 99
718 202 54
746 692 36
802 764 47
283 150 17
704 525 15
539 256 91
82 992 44
957 790 99
830 911 44
232 389 29
632 904 16
958 769 90
478 471 56
494 734 7
925 220 51
327 23 81
508 641 84
486 961 7
605 365 96
512 929 51
248 110 9
391 143 81
341 869 29
22 72 53
14 447 26
175 626 46
259 323 19
332 35 29
258 774 61
177 29 78
92 344 10
923 810 35
7 600 24
908 2 58
474 719 96
540 887 92
69 570 31
800 147 77
444 953 99
776 818 72
299 951 36
269 680 18
107 973 63
898 659 70
116 761 85
771 692 20
926 917 100
785 23 46
946 476 19
727 111 29
550 418 18
904 496 64
949 7 23
315 348 16
501 450 18
175 350 87
827 236 74
322 973 83
472 986 83
358 465 4
451 154 22
551 794 42
54 808 33
83 45 29
722 470 22
603 580 50
923 166 48
732 81 25
638 14 93
361 9 87
354 119 17
746 323 90
263 328 48
158 382 59
559 824 83
750 302 78
6 824 39
541 675 23
52 54 78
266 732 67
971 892 67
592 870 92
455 251 11
889 83 50
397 542 62
679 707 85
814 143 55
425 722 90
832 730 39
201 965 29
813 699 100
92 959 56
108 166 70
952 242 49
661 628 31
82 838 97
127 831 61
451 469 31
856 105 37
564 564 72
438 780 72
529 582 57
4 822 52
472 528 19
775 105 94
971 722 10
415 504 50
332 588 7
796 95 73
959 521 60
675 755 99
966 797 77
618 821 11
406 950 62
978 727 34
887 200 25
312 1 76
126 565 36
689 915 26
4 569 96
811 104 41
160 142 93
122 18 63
955 981 54
492 57 86
100 594 6
898 465 49
628 328 79
20 255 34
304 108 61
739 861 14
555 942 44
576 477 23
145 501 84
953 306 11
85 353 57
694 28 86
518 372 33
952 941 83
674 978 26
492 310 69
875 224 45
162 635 73
350 474 31
835 463 56
605 714 4
468 308 99
687 185 65
783 974 24
902 410 48
682 837 29
402 207 93
832 485 24
94 228 28
691 739 74
407 222 79
737 914 70
277 535 46
661 398 87
52 351 43
665 687 32
813 589 64
908 933 15
840 345 32
260 476 25
443 22 6
746 836 97
900 302 18
138 464 98
143 785 96
840 226 58
876 964 22
98 118 24
583 523 25
650 542 87
565 983 41
427 908 72
896 765 76
633 27 69
4 365 27
873 919 82
448 423 21
356 890 74
595 198 99
936 26 12
10 93 89
530 888 18
178 935 26
808 225 38
553 832 20
775 174 64
740 227 32
9 564 77
496 249 65
937 90 98
317 686 67
697 91 100
171 55 26
43 50 4
153 745 72
769 698 48
680 593 11
170 63 46
872 132 28
694 31 7
691 572 59
596 948 11
192 896 85
932 647 90
576 174 3
41 725 74
891 846 84
557 870 77
74 934 36
134 473 88
864 69 43
265 412 6
940 94 25
228 308 49
49 485 74
34 49 6
629 594 33
789 487 20
499 621 69
762 674 70
788 44 92
58 314 50
495 640 94
110 761 51
286 68 65
877 181 65
400 988 21
666 670 72
722 49 9
680 943 75
433 261 77
62 174 36
303 315 24
770 188 39
512 258 53
136 689 39
133 812 74
78 553 44
53 747 49
496 694 33
986 940 90
831 347 74
701 583 23
652 575 40
876 648 85
995 760 36
629 744 65
735 484 63
24 62 14
619 913 19
328 658 14
445 48 77
691 610 74
907 255 9
832 941 21
668 173 79
884 887 99
823 518 74
453 392 43
734 739 55
