1000 5000
375 628 62
541 586 34
90 857 26
896 361 88
466 933 89
390 174 87
503 862 98
37 587 94
259 302 20
662 507 99
283 906 63
883 918 52
948 752 57
422 302 50
878 875 24
393 830 15
312 419 70
137 589 20
118 632 64
637 627 39
54 994 12
97 251 22
412 454 99
834 883 54
421 48 87
84 815 60
5 447 86
391 507 95
545 730 30
664 888 57
611 945 90
969 401 24
776 337 44
881 862 78
776 456 40
742 2 100
562 323 62
442 589 99
834 608 38
712 749 53
100 685 9
444 914 15
355 762 33
619 884 67
353 155 60
32 788 56
327 663 83
594 949 23
503 969 37
399 845 26
592 963 1
14 718 71
72 241 45
382 960 55
781 951 28
887 741 71
82 424 70
422 91 41
688 415 44
554 290 28
999 687 28
530 312 95
972 864 77
538 681 76
228 343 100
110 309 72
349 921 72
507 328 67
824 576 25
868 316 47
709 613 57
866 236 65
120 111 78
938 706 24
998 530 92
16 893 65
172 885 48
481 168 70
281 721 83
976 990 97
312 48 66
745 345 5
163 225 81
497 69 33
278 724 1
450 149 52
719 786 28
52 977 75
366 975 49
323 19 1
607 560 76
213 515 76
96 884 75
542 75 13
382 512 88
880 250 45
420 766 29
40 87 81
766 910 82
44 770 88
63 937 66
231 877 83
130 361 51
798 111 95
369 700 92
39 459 26
519 43 96
348 667 59
770 321 81
714 844 85
111 770 68
119 23 100
444 839 18
536 447 96
255 932 96
258 72 65
696 730 49
35 471 93
927 853 3
264 278 49
196 711 99
153 610 100
195 260 79
718 919 78
257 773 20
897 76 43
156 491 3
356 475 23
998 958 32
559 740 30
526 698 24
244 807 24
512 682 99
823 846 80
329 351 19
972 630 97
109 816 82
80 455 63
227 79 91
954 895 10
329 240 4
370 302 49
634 521 82
738 836 34
14 826 33
783 529 40
335 438 78
765 940 53
894 156 71
421 805 32
856 18 19
224 609 22
616 641 75
617 981 59
738 318 24
9 489 22
767 686 59
815 323 9
764 791 84
544 402 78
676 611 52
21 126 59
168 570 61
809 519 8
448 856 18
176 767 53
527 656 70
484 844 14
190 32 73
422 965 34
752 188 51
848 548 64
496 460 37
202 536 78
390 453 2
122 961 51
11 301 88
43 990 9
861 462 52
328 373 89
207 643 71
941 277 80
693 544 15
851 510 33
417 873 74
205 186 92
855 809 23
626 475 20
886 70 90
601 915 52
326 36 38
177 70 19
958 37 64
970 934 31
579 889 34
505 367 56
760 784 88
73 905 63
915 523 33
786 803 45
7 910 90
737 610 88
567 353 30
769 449 20
398 767 69
912 132 39
116 290 48
204 727 53
492 566 81
649 63 77
880 995 91
855 261 48
185 838 69
776 818 22
170 213 16
914 276 87
331 329 95
461 912 90
219 917 57
240 851 90
954 976 60
822 2 78
535 74 22
65 567 50
963 533 24
467 936 95
901 226 42
108 995 25
388 455 99
805 681 62
890 83 88
251 479 91
740 806 42
892 291 97
627 768 31
586 129 8
688 426 33
611 56 87
28 421 98
222 792 15
427 724 100
664 430 45
617 444 25
268 778 26
447 250 37
874 78 46
13 942 42
154 919 95
402 633 27
28 206 59
814 339 8
637 196 95
141 16 68
164 295 2
62 172 3
655 572 62
890 866 70
93 143 17
605 197 84
873 907 37
7 660 17
933 668 14
189 438 21
890 898 76
582 696 1
162 25 32
307 893 20
828 685 63
199 407 20
906 388 26
188 880 100
31 754 26
476 525 93
906 414 44
212 615 28
925 359 47
472 473 62
177 265 4
403 637 2
181 107 95
716 21 42
232 982 48
536 75 48
901 793 96
127 409 9
871 477 75
636 826 54
369 881 54
182 322 1
236 88 34
991 561 70
649 350 89
948 767 60
471 255 45
464 581 2
86 683 25
119 234 3
213 359 50
278 938 86
487 808 40
544 59 86
39 69 69
774 479 54
936 224 27
984 270 87
867 202 83
687 767 72
890 319 23
652 281 29
797 458 62
784 870 52
455 668 25
576 477 17
142 405 36
936 358 26
155 736 74
205 515 70
754 556 12
983 960 99
260 853 61
687 809 12
105 901 6
27 633 2
314 914 89
226 895 42
126 110 50
885 214 75
633 519 97
335 974 73
343 710 25
335 333 25
878 858 35
870 221 96
179 772 45
530 898 36
712 9 34
819 655 22
791 217 37
17 342 18
128 758 15
938 290 42
952 914 18
983 614 26
585 393 89
163 160 8
388 826 56
594 178 97
581 989 8
11 632 90
166 46 91
865 338 43
193 340 33
330 253 63
930 926 79
218 61 91
491 515 23
764 644 51
902 635 53
150 928 31
160 435 9
147 879 15
246 857 95
392 310 51
819 519 44
377 357 84
949 168 11
159 818 64
127 308 41
417 216 8
163 413 21
504 379 66
419 292 45
983 524 34
506 673 56
530 321 22
657 547 28
485 854 56
363 933 42
526 76 66
107 543 40
854 143 7
854 436 4
654 729 56
80 708 10
909 194 28
247 11 48
56 561 98
602 699 28
563 957 19
205 901 85
960 451 72
878 0 33
545 83 56
773 450 30
980 439 3
957 338 1
152 990 91
790 581 75
958 249 83
969 478 40
752 791 41
388 589 3
577 334 20
165 557 79
747 805 70
902 480 91
222 652 34
158 910 86
334 570 100
409 286 38
255 209 2
622 501 80
906 976 66
176 190 16
715 556 48
59 55 49
695 968 27
929 893 62
319 515 6
481 25 35
497 65 30
868 142 23
786 922 56
875 116 84
450 230 67
989 513 60
272 615 10
325 100 53
715 610 89
256 840 12
559 171 25
739 90 40
973 574 94
46 398 72
322 478 54
821 820 58
276 929 67
860 329 35
148 507 89
518 31 40
243 162 61
516 733 74
84 123 38
27 257 96
879 471 30
686 879 4
717 75 5
592 484 64
107 889 64
142 923 93
215 715 33
474 696 97
374 995 3
874 736 4
246 99 34
7 961 72
52 626 38
804 42 87
770 919 70
369 167 56
2 42 91
356 68 84
394 762 22
754 837 19
73 388 1
268 363 81
804 850 6
277 904 47
710 389 5
139 172 17
620 479 64
57 102 67
623 167 58
846 873 27
781 994 80
851 78 36
394 333 40
820 166 92
626 959 36
801 387 91
457 404 88
2 927 4
629 973 93
895 766 77
439 53 77
697 79 25
455 540 15
747 605 48
831 401 30
65 698 16
933 462 13
678 596 96
128 562 95
950 468 2
764 813 51
753 699 22
30 646 58
634 488 39
132 891 4
784 341 2
257 789 10
594 798 100
666 538 17
817 562 94
616 869 53
572 838 85
759 588 38
14 110 46
367 224 78
891 382 95
697 117 51
331 481 51
210 289 81
664 85 20
176 76 33
479 375 16
831 925 50
624 23 30
715 700 33
883 783 65
123 953 68
393 564 95
6 886 87
342 33 67
236 721 49
727 612 66
15 346 53
63 610 30
315 712 33
339 281 74
708 370 88
779 464 41
731 56 27
968 885 30
520 716 35
731 589 63
975 312 34
775 874 22
879 184 7
648 68 33
785 907 29
185 377 2
320 980 1
213 533 44
267 372 68
785 518 18
267 618 77
860 388 26
365 234 25
935 429 51
777 932 68
59 247 17
407 604 59
763 589 58
271 281 7
393 629 49
466 644 40
782 422 49
832 521 99
690 532 31
330 65 79
41 129 99
870 730 90
248 123 77
154 555 90
59 333 70
535 375 66
389 301 1
354 697 35
501 581 1
368 529 42
562 217 94
547 83 76
361 120 59
869 748 81
270 937 54
351 45 85
180 362 8
279 280 12
158 915 13
712 612 26
283 849 71
867 991 28
191 30 54
94 455 1
391 979 4
950 908 42
820 70 8
738 167 7
371 418 74
393 753 71
431 874 58
437 895 68
572 18 67
87 964 67
422 508 67
971 527 99
833 455 14
833 193 26
390 437 76
848 340 29
18 955 76
691 832 49
174 122 55
510 284 58
808 768 54
495 830 31
839 611 54
646 558 70
840 342 77
123 631 86
500 544 40
32 68 37
916 570 50
725 33 65
644 206 66
825 713 87
455 502 15
879 797 53
381 245 81
277 458 96
879 223 36
345 704 63
46 966 80
449 181 50
936 785 83
75 376 96
638 717 65
27 659 79
280 663 14
468 31 86
830 111 70
165 496 73
269 618 22
667 11 2
902 607 9
502 837 42
672 142 3
896 668 69
973 903 91
513 16 16
500 645 5
724 119 92
0 324 62
787 439 53
468 185 15
547 94 71
590 879 47
321 427 47
593 862 21
790 839 55
410 18 52
261 752 77
847 315 1
648 228 12
289 239 52
144 254 66
138 121 50
184 188 48
354 451 54
209 972 58
248 41 33
317 224 54
244 591 54
247 547 33
894 420 35
542 506 34
280 623 14
926 665 6
353 292 29
996 206 56
361 100 47
242 958 63
920 446 62
108 603 83
389 700 38
602 903 3
342 619 29
808 474 79
279 405 100
307 444 19
126 1 21
389 609 28
539 756 17
63 577 69
993 39 18
484 681 55
185 545 64
397 467 23
134 559 64
427 796 2
891 284 50
527 22 45
133 790 17
399 867 87
420 851 74
399 952 13
755 319 67
518 801 2
794 956 5
620 257 34
744 358 66
947 543 45
735 963 64
398 563 78
437 885 59
564 911 66
245 203 27
840 194 71
495 348 29
923 783 65
821 673 77
513 783 22
490 302 70
805 134 66
372 235 86
39 893 29
792 307 7
806 987 19
669 184 98
488 607 40
295 571 88
741 717 99
434 948 7
861 299 64
96 626 38
733 588 13
161 355 3
128 438 88
131 862 34
174 540 81
981 243 16
552 808 14
331 129 2
633 952 24
184 608 1
61 960 42
30 508 44
119 492 53
235 492 87
502 332 63
261 285 87
789 281 87
298 413 82
990 81 61
417 496 3
374 921 36
591 823 69
57 90 47
259 800 18
839 669 76
722 483 49
387 538 75
210 859 14
344 774 31
169 767 85
845 175 41
173 807 83
520 179 27
768 887 87
893 545 33
781 416 21
653 387 98
837 388 62
110 206 14
367 169 87
847 587 6
855 744 26
479 481 35
842 614 11
923 318 68
537 392 8
874 88 75
221 696 21
444 422 27
492 192 51
878 190 73
218 149 96
23 145 92
714 822 62
757 433 22
529 512 66
72 965 75
896 853 44
136 835 29
849 676 72
691 165 83
64 856 31
1 490 91
364 923 63
992 318 25
410 717 60
509 670 61
207 739 68
52 206 89
735 962 42
932 252 48
143 841 15
339 876 100
176 526 69
863 543 89
74 89 95
259 18 77
121 545 45
874 464 23
463 891 7
38 441 38
869 920 93
350 577 24
166 753 51
848 382 23
257 584 84
793 262 34
770 173 30
331 456 89
340 112 86
792 379 15
131 265 65
706 338 26
291 618 61
207 882 23
412 149 51
500 190 35
30 574 82
932 960 39
407 218 72
674 549 7
209 572 58
966 675 3
880 19 97
804 216 85
189 65 74
70 460 15
534 259 60
605 629 43
157 243 76
97 901 59
78 811 68
581 23 63
249 705 20
78 940 34
473 891 89
888 396 82
501 54 49
832 424 11
777 456 38
303 304 73
832 702 50
614 725 41
414 712 94
819 246 52
405 725 59
320 25 86
873 422 97
453 147 50
368 976 5
76 127 16
953 954 63
645 938 100
917 426 80
393 405 8
972 272 1
355 949 97
970 893 17
98 622 82
287 317 49
271 431 36
547 671 90
982 762 42
956 103 50
173 332 100
837 340 89
412 459 14
614 120 14
331 44 71
154 975 57
205 926 20
772 838 7
645 827 29
750 429 91
869 943 93
763 452 80
605 61 17
437 345 84
785 401 1
861 920 19
239 794 49
154 739 50
540 372 96
828 227 40
214 245 17
420 181 91
915 638 50
817 684 77
144 394 43
242 994 98
533 473 95
648 964 82
235 653 91
318 880 5
499 205 88
331 760 31
400 441 67
763 668 86
773 868 81
58 798 16
388 952 21
283 161 3
389 52 92
578 928 47
248 190 83
625 384 1
603 182 79
688 565 59
844 75 73
734 10 95
944 211 28
250 379 40
429 364 85
814 464 100
132 580 2
172 743 11
631 75 14
88 320 64
405 343 94
347 723 45
385 83 9
718 259 79
954 246 32
412 167 72
890 497 15
720 581 9
382 835 4
180 318 29
337 428 84
987 715 2
243 945 85
258 209 65
620 504 6
721 247 97
879 851 13
229 348 46
65 804 58
930 585 83
954 786 61
721 672 43
707 453 5
549 131 45
950 625 12
724 67 46
397 330 76
766 640 78
44 907 36
395 335 20
285 559 99
56 135 55
357 750 57
906 117 81
83 446 29
970 934 37
76 888 42
883 84 99
999 904 40
640 726 29
348 646 40
434 88 40
502 654 21
861 311 67
12 167 68
21 591 26
708 871 93
473 70 51
584 356 95
896 628 78
280 878 6
179 793 60
234 414 55
234 963 64
624 7 89
686 413 36
19 3 100
42 186 72
812 796 1
205 727 33
984 476 42
305 408 59
177 399 52
448 736 54
825 342 12
542 325 51
884 175 49
997 410 94
301 32 21
859 867 90
412 514 37
721 493 5
666 450 51
116 195 42
172 179 82
881 976 39
118 7 23
894 340 54
327 232 8
308 998 67
670 680 75
900 36 30
56 445 21
768 824 58
705 240 83
745 298 81
433 58 64
475 4 74
145 516 48
849 80 15
595 141 84
597 708 41
178 87 14
144 529 35
347 241 37
688 928 77
512 74 2
656 820 48
954 727 28
280 923 97
658 432 89
927 207 56
500 101 100
617 203 70
230 433 9
549 900 30
157 490 11
117 494 34
588 930 75
633 111 97
739 336 81
159 395 99
772 290 78
260 11 37
567 381 28
473 612 81
101 84 23
578 695 33
843 133 35
581 822 4
702 208 73
751 399 28
731 978 2
76 437 40
810 587 16
640 323 61
456 283 14
165 930 77
221 61 100
207 832 32
831 199 80
439 964 52
593 147 46
555 379 83
625 375 90
937 783 66
709 734 87
469 756 19
439 175 20
815 878 2
578 63 31
581 484 41
504 936 68
601 924 51
232 633 5
589 957 80
53 202 2
616 347 43
327 400 60
455 948 75
387 10 31
35 887 88
231 944 41
292 544 5
622 856 94
59 563 15
758 884 71
588 601 23
143 698 86
39 756 58
13 61 63
445 371 4
300 897 79
747 759 70
663 808 9
481 58 97
990 352 40
393 586 39
325 27 23
352 685 83
692 780 77
162 242 73
357 382 36
116 376 95
34 412 72
286 26 18
568 508 9
238 503 19
382 81 10
839 697 47
466 105 58
422 206 72
782 933 70
44 246 95
378 994 11
29 910 43
658 417 58
603 903 58
611 444 30
44 749 76
719 271 71
886 838 22
422 300 4
598 567 75
220 830 40
678 147 17
344 44 29
905 424 15
349 178 27
21 290 27
508 774 10
473 163 65
698 655 95
619 363 80
30 366 16
39 900 79
800 186 75
389 568 29
398 444 15
114 912 64
961 894 89
629 440 51
982 736 86
574 192 65
666 290 11
631 121 74
653 94 83
379 946 28
501 680 52
36 343 1
35 363 18
819 901 70
433 197 21
765 514 36
93 34 57
494 442 18
813 308 77
960 347 84
257 386 24
106 552 41
451 978 45
385 32 17
346 949 51
133 292 38
136 906 53
366 80 31
288 939 91
883 780 60
957 78 54
625 963 60
309 719 72
369 421 94
398 702 18
461 330 71
776 796 63
136 171 22
369 844 84
121 989 21
761 54 41
460 655 36
730 432 69
114 635 48
504 368 86
712 22 54
296 346 56
216 134 23
576 779 79
397 265 57
322 90 12
978 350 91
957 242 20
771 722 15
504 135 38
541 228 19
149 552 48
734 115 19
148 470 51
965 255 12
238 862 90
842 707 86
422 944 37
253 710 31
878 114 43
59 224 80
105 759 90
579 239 37
789 217 31
24 123 8
350 593 26
136 331 89
694 781 1
101 812 7
26 235 13
427 743 88
966 347 86
852 328 66
107 61 55
951 124 68
633 787 87
399 821 25
613 623 41
686 364 66
702 960 32
915 668 70
86 498 33
9 307 87
250 750 70
276 664 86
714 469 75
491 619 100
687 323 51
446 674 17
455 712 6
131 759 26
997 69 91
82 248 43
774 843 89
70 229 42
587 18 7
939 283 91
618 593 2
39 18 12
774 61 53
147 477 33
447 119 49
505 880 7
183 474 57
286 207 79
446 638 83
554 621 95
519 278 12
414 676 56
324 532 77
301 863 75
831 933 29
255 387 6
976 690 100
779 401 25
761 845 10
221 649 82
330 927 17
191 137 56
296 995 14
661 93 40
676 601 21
411 767 95
351 753 69
409 39 23
910 650 1
600 518 52
564 38 29
174 990 90
806 477 14
28 591 63
453 214 4
179 269 18
66 435 27
496 147 40
918 575 100
288 717 33
3 372 79
473 555 4
112 10 20
941 581 18
969 348 67
133 434 41
469 551 72
879 841 50
648 467 95
71 401 58
683 900 62
688 718 59
427 395 36
330 149 88
899 308 34
310 843 78
251 178 40
937 39 31
916 584 99
998 4 27
19 754 15
669 304 49
935 215 55
426 972 33
62 148 62
515 21 50
262 184 99
536 985 82
802 503 93
177 162 2
831 30 84
456 565 46
652 129 92
683 222 92
729 307 84
911 431 50
519 872 41
137 243 56
26 235 92
158 710 84
136 486 33
764 83 20
141 518 56
699 685 78
96 831 83
628 978 14
715 254 50
40 611 5
48 931 10
895 186 65
468 742 54
182 392 40
966 62 16
455 174 10
847 642 74
681 759 70
142 557 40
771 354 7
66 441 74
308 428 68
22 719 43
76 414 60
208 774 36
29 345 20
945 258 18
211 50 28
898 927 34
771 913 23
11 263 92
397 984 69
712 603 14
210 235 57
851 765 60
833 76 81
650 987 100
75 704 38
325 628 65
258 528 41
857 471 70
578 254 46
995 786 19
425 545 61
282 155 7
239 968 4
838 331 87
19 966 25
461 371 66
894 721 85
47 117 41
488 828 16
333 136 1
252 70 9
428 424 61
306 568 98
257 807 50
313 733 55
190 846 99
547 828 87
258 82 33
387 174 35
773 819 81
647 458 33
499 934 47
380 839 27
71 265 60
951 332 36
740 882 59
320 513 24
144 89 15
603 352 65
603 941 71
774 397 31
434 360 85
867 790 14
758 984 98
271 568 34
779 788 55
47 598 90
73 654 6
43 949 7
693 979 81
932 680 45
646 630 13
551 199 96
465 10 82
928 444 70
472 283 63
526 114 82
850 222 13
898 679 23
587 709 62
452 614 70
456 14 66
570 271 79
223 299 60
523 686 23
573 926 14
512 653 20
490 26 13
73 686 37
738 86 99
416 642 100
899 504 82
159 122 5
840 362 94
203 397 36
770 907 40
136 296 54
308 621 62
846 596 80
575 27 71
886 68 28
583 613 60
934 306 64
413 219 99
571 600 88
760 357 32
286 803 81
785 313 13
644 535 89
502 303 56
74 268 27
571 719 72
13 568 23
931 918 81
99 737 68
836 181 5
777 224 42
740 125 63
770 573 44
826 627 5
640 654 55
70 563 95
981 871 20
11 539 91
625 587 95
89 533 79
348 957 77
21 195 3
834 827 1
145 943 73
85 713 76
223 963 25
902 634 50
511 924 3
333 720 53
474 333 66
494 873 28
339 486 79
652 448 49
69 25 97
399 64 89
218 74 79
614 775 28
21 708 95
571 625 45
188 817 53
517 105 78
566 655 35
612 179 55
101 62 95
817 364 63
713 659 83
89 897 15
4 158 46
856 928 97
497 331 33
777 758 21
911 151 11
305 882 72
188 719 21
512 835 99
226 511 74
356 320 3
264 34 19
814 536 82
590 83 78
868 718 97
584 691 40
332 242 80
750 132 34
443 282 75
529 277 90
193 25 12
656 420 54
45 685 19
395 671 19
370 674 27
166 489 22
841 609 49
31 144 4
700 884 69
537 642 80
420 82 83
985 68 55
477 94 90
810 477 25
781 857 33
783 346 78
526 324 89
376 161 16
132 279 83
916 403 32
93 523 14
430 786 4
659 859 44
695 787 76
642 724 80
173 546 98
266 464 20
803 139 21
91 306 83
521 571 66
506 391 41
15 28 67
966 481 28
18 521 55
370 357 59
645 989 21
459 412 70
842 603 2
630 22 32
910 56 98
542 752 37
598 778 79
219 634 84
938 675 95
380 21 71
659 92 46
723 28 18
74 778 56
477 621 12
268 212 9
664 774 73
691 632 1
741 193 9
940 874 93
667 162 74
761 136 21
243 727 62
915 893 33
763 824 70
498 363 69
782 433 16
436 754 21
962 323 73
63 481 39
181 863 31
665 969 29
558 73 13
13 709 14
934 769 14
473 542 78
111 979 22
882 730 78
501 498 8
100 112 40
878 273 58
166 225 56
464 715 14
478 141 47
251 0 85
926 981 82
670 974 2
734 236 34
726 483 52
7 151 38
603 241 58
694 714 61
110 604 55
805 586 58
722 571 76
931 501 94
686 930 63
527 769 5
159 353 90
311 426 3
157 285 9
489 599 3
962 561 99
258 196 40
909 304 81
828 63 32
674 154 84
452 312 5
900 12 17
411 769 10
529 779 97
491 858 85
25 712 92
384 577 64
800 529 100
362 97 27
304 248 40
305 808 18
796 993 65
985 534 35
635 487 87
751 94 13
820 73 92
554 634 88
791 900 37
553 3 33
693 873 71
214 330 38
888 914 7
726 371 97
515 228 13
608 664 92
85 778 24
213 670 78
403 244 91
974 515 44
416 703 78
178 662 98
762 912 86
723 372 19
616 457 90
197 392 3
489 230 79
437 15 13
715 905 39
79 234 39
866 787 81
214 277 77
486 570 85
789 919 31
294 11 90
62 766 74
182 386 59
831 152 29
938 748 27
720 870 36
547 15 39
0 946 5
448 814 20
510 787 53
803 22 38
575 893 86
515 78 38
734 549 6
403 499 49
155 574 39
674 868 32
97 917 8
101 397 84
721 217 52
847 353 55
825 349 66
875 401 22
172 203 100
195 240 21
729 626 7
722 40 16
635 883 94
946 624 100
81 9 80
812 511 90
257 583 96
302 174 51
514 134 88
624 498 58
208 409 59
119 452 58
879 622 17
572 171 74
612 262 95
609 442 39
240 722 7
277 373 83
71 523 25
127 896 13
659 339 29
583 326 18
820 709 98
302 114 52
191 650 36
622 820 94
810 728 54
572 97 68
26 690 75
13 621 9
62 301 80
85 746 62
673 989 76
466 292 8
275 993 71
269 265 13
354 417 99
409 41 95
216 252 2
817 848 88
930 225 67
940 539 19
759 683 41
844 933 17
683 621 6
260 808 98
966 256 78
48 363 61
258 396 89
233 541 83
32 759 9
439 894 47
485 616 61
685 114 32
68 781 86
992 443 12
517 447 99
579 108 77
484 737 13
83 649 23
776 895 97
132 959 54
731 782 70
308 503 3
85 365 86
631 231 75
62 198 11
314 787 79
742 417 19
778 437 12
588 317 6
801 774 47
987 752 95
337 691 18
376 141 98
732 534 21
250 964 33
473 400 48
900 296 24
865 986 47
716 470 66
849 362 82
697 345 97
384 797 23
152 21 58
245 787 35
751 90 94
989 892 45
505 613 61
585 824 40
957 383 96
988 572 77
979 878 14
308 861 29
21 495 60
618 981 6
969 8 10
907 815 47
535 820 39
648 1 88
126 156 87
346 111 25
49 967 38
987 797 88
258 382 18
888 856 1
368 600 28
167 967 43
179 582 21
595 298 63
98 800 20
358 744 76
512 129 63
55 265 94
298 101 93
540 755 19
987 128 38
805 631 58
344 713 28
651 948 44
113 537 85
124 225 62
34 791 78
717 763 50
503 154 54
582 424 65
514 557 30
763 407 47
767 7 16
166 652 24
340 776 14
482 544 5
576 128 85
344 53 3
197 98 15
229 107 10
184 584 86
158 636 50
787 953 80
669 337 51
339 462 49
928 764 64
710 210 90
962 39 19
92 302 11
865 496 53
602 984 47
535 813 15
740 19 45
617 239 67
11 532 23
43 77 55
72 222 36
10 47 71
365 503 100
581 891 86
769 79 20
166 806 8
900 169 54
145 279 2
905 790 34
630 68 45
620 222 41
900 203 50
527 531 8
561 236 69
618 569 10
629 375 90
461 251 66
575 356 70
976 34 78
266 838 28
167 794 65
749 679 59
139 798 29
421 608 74
246 415 76
844 883 66
616 362 74
453 970 55
929 131 8
279 769 78
397 330 79
835 110 2
333 772 71
566 159 50
775 364 64
132 300 75
622 153 46
202 683 22
5 30 69
705 76 92
268 939 90
171 171 78
772 771 23
376 876 22
868 289 15
193 932 19
70 250 69
97 948 84
129 485 71
115 917 100
218 182 25
720 482 93
893 864 6
358 942 61
198 371 12
918 153 97
162 203 96
133 475 4
863 836 20
145 790 53
188 241 61
824 783 2
679 928 93
480 340 20
627 115 63
376 857 87
197 216 34
275 403 77
132 670 93
805 836 29
626 252 6
863 603 42
415 104 24
657 345 98
634 123 99
801 547 16
110 853 67
917 204 98
687 601 78
106 966 2
187 882 77
305 941 44
96 598 9
437 196 87
520 426 3
8 887 34
359 830 41
948 431 99
305 696 1
862 995 47
815 612 65
225 81 78
448 519 32
379 402 3
644 258 57
294 540 18
219 889 60
522 484 44
332 390 94
858 907 86
192 752 69
388 654 13
183 117 59
817 734 64
105 520 58
214 582 55
787 315 24
911 243 29
13 100 50
853 411 50
733 393 27
163 623 7
996 845 98
6 114 87
281 440 61
458 259 61
436 385 40
377 972 13
888 424 74
813 458 74
974 540 67
130 440 24
655 77 90
458 577 88
257 650 99
923 911 36
357 606 37
880 938 7
634 495 99
407 918 96
336 306 77
490 771 43
214 660 71
608 954 6
607 571 44
911 160 7
635 715 55
313 535 11
518 214 98
541 170 20
528 503 35
916 163 20
591 138 82
510 252 68
597 24 21
333 849 38
733 157 43
757 514 90
369 945 91
508 427 56
403 414 75
59 885 68
489 294 97
422 144 26
835 160 60
606 142 94
262 204 4
487 460 23
701 321 36
118 782 49
946 766 37
313 926 19
471 554 69
990 664 46
829 400 51
587 642 89
721 958 59
677 126 82
274 70 78
112 274 48
971 721 27
449 180 89
626 611 22
792 562 34
983 228 84
222 679 8
443 222 69
113 910 44
851 918 20
641 641 18
201 384 2
465 708 49
948 664 15
401 806 41
934 199 98
324 597 81
616 336 70
266 431 85
33 980 67
587 376 73
543 465 47
202 513 16
288 275 51
809 301 81
2 286 85
201 557 6
470 80 29
908 549 44
469 618 16
989 893 84
393 508 42
385 905 1
314 274 23
47 910 44
402 333 68
728 75 53
663 880 93
507 58 60
302 459 44
450 414 85
674 383 12
275 39 45
990 55 44
274 632 43
699 43 32
622 496 80
198 291 6
745 730 93
334 785 80
233 722 61
868 64 91
850 292 83
930 244 57
653 669 36
741 184 51
810 656 1
958 54 66
39 956 22
885 396 61
891 894 100
952 122 65
822 171 14
351 703 6
663 767 57
171 107 40
465 273 24
819 703 50
413 111 87
642 656 34
888 635 8
787 820 48
423 460 98
539 486 48
790 139 90
959 745 14
649 147 48
247 685 18
350 306 21
38 179 54
292 666 8
567 766 78
595 334 31
127 330 92
316 492 14
747 245 22
452 104 33
387 231 12
180 758 42
770 133 85
930 270 7
841 817 53
420 291 4
799 924 64
938 878 33
609 422 29
900 739 45
970 163 60
814 138 33
64 897 30
53 138 17
929 661 98
819 931 2
346 519 53
194 652 67
266 434 80
218 91 69
161 425 3
85 25 82
10 121 28
202 907 37
849 224 3
690 601 86
928 816 59
210 216 69
677 105 24
340 423 53
144 295 5
537 836 4
889 877 79
984 418 67
208 621 81
273 221 20
35 795 71
123 942 4
403 240 53
269 699 37
903 166 9
20 910 71
902 224 23
350 761 99
408 587 72
702 280 96
363 780 97
629 193 38
991 942 22
319 358 88
737 379 4
684 31 62
211 485 20
883 231 49
719 183 34
35 95 29
837 388 94
391 730 59
178 567 6
224 282 42
69 687 3
641 950 5
526 7 36
56 140 24
419 142 88
146 707 77
124 276 96
895 865 3
953 38 78
253 136 1
941 819 71
526 545 61
93 988 67
310 300 100
597 802 89
170 469 25
672 340 14
362 394 62
312 317 25
403 980 58
703 450 70
257 297 93
158 286 85
349 329 76
758 704 50
54 881 13
429 181 92
193 703 16
56 891 52
130 736 91
454 249 40
176 147 84
803 33 86
735 286 19
243 989 43
280 245 7
408 49 6
553 177 80
277 736 65
935 953 90
153 335 55
342 420 90
790 648 74
518 853 99
831 517 79
514 120 51
294 567 43
961 297 54
304 831 100
622 988 33
430 171 52
454 475 32
259 180 80
588 834 1
885 399 94
77 691 60
390 623 83
931 817 90
413 606 34
13 609 22
504 380 57
662 605 90
728 576 96
262 575 22
589 156 60
77 574 75
744 503 34
110 38 45
761 938 93
504 50 19
28 2 22
758 214 95
911 766 18
943 901 41
889 700 13
450 183 55
246 694 84
515 966 99
312 844 100
541 320 29
353 538 90
714 881 6
579 431 41
14 936 49
185 735 75
85 560 12
313 583 98
507 481 2
767 764 97
508 918 100
432 353 36
527 451 27
950 726 48
893 77 26
629 58 75
830 112 90
47 259 51
989 746 78
213 360 86
25 187 96
980 350 20
129 620 55
779 425 84
385 65 17
19 886 95
185 287 87
656 605 54
730 11 27
479 409 89
808 377 14
384 481 12
523 124 55
294 915 73
807 737 59
201 546 68
886 452 99
951 227 45
264 390 19
520 782 29
753 833 36
422 333 32
316 644 34
246 237 23
777 211 25
130 780 49
779 299 100
497 197 40
588 473 23
105 235 9
238 887 50
313 539 21
264 449 28
367 902 8
681 573 23
576 941 13
505 301 17
556 242 44
682 550 7
573 375 69
135 457 44
172 686 87
44 990 43
464 81 84
30 86 28
572 154 29
839 312 96
101 59 50
66 654 98
589 206 47
500 705 95
393 553 70
30 73 44
892 732 54
142 210 83
974 47 85
873 475 9
782 724 100
263 545 26
515 412 87
849 872 36
173 771 19
784 571 43
28 347 40
606 334 64
242 191 32
193 61 88
279 818 47
195 232 78
521 690 24
516 48 86
783 514 45
622 747 35
568 659 98
957 351 45
244 936 62
365 471 79
581 558 31
690 135 85
961 255 65
375 906 6
463 469 11
841 125 76
372 920 77
481 707 91
414 473 57
481 959 10
485 743 58
261 353 22
371 899 57
620 240 13
338 577 34
290 276 48
281 999 84
236 972 76
949 248 77
38 939 38
451 161 100
959 907 78
863 640 39
532 526 90
430 484 73
948 222 81
59 345 14
792 572 7
963 680 86
757 736 9
480 837 22
196 584 99
387 291 98
607 664 27
97 704 81
596 887 86
816 762 72
639 334 46
678 547 80
804 884 75
655 637 2
49 281 27
716 558 97
422 341 38
593 259 21
228 36 40
139 827 43
838 215 52
520 85 53
324 418 69
677 866 91
599 778 62
91 816 36
436 732 79
317 283 68
456 325 3
249 504 59
17 779 99
911 91 19
458 705 73
504 724 67
691 187 46
208 261 75
493 420 15
595 882 96
263 55 23
208 629 36
901 922 42
175 520 98
711 792 18
757 957 66
798 712 72
538 284 63
647 741 11
132 691 80
92 976 86
429 370 88
471 870 35
594 484 10
112 646 83
976 290 99
574 380 74
773 961 56
59 707 67
890 932 33
557 789 18
737 876 30
396 218 24
814 746 6
467 82 64
81 412 58
183 189 29
211 453 6
987 489 6
500 758 54
44 845 12
204 932 31
242 872 14
86 678 87
512 211 72
532 125 57
31 684 14
745 269 15
784 999 85
633 488 99
163 522 88
266 142 6
7 193 54
157 298 46
202 18 40
98 973 63
158 149 34
901 223 86
874 614 63
738 291 98
843 396 27
731 45 69
47 487 9
335 358 78
282 446 11
573 480 57
513 124 53
112 177 3
779 424 2
21 168 11
731 710 75
199 745 16
773 319 82
422 365 81
594 167 71
140 479 84
778 163 32
967 34 61
173 661 23
86 349 8
313 680 100
219 782 87
846 58 22
880 962 81
291 615 69
664 231 36
146 845 9
202 442 58
993 605 72
82 738 80
741 582 52
80 819 82
299 50 79
768 207 17
843 830 74
266 660 53
675 885 54
692 61 31
559 374 93
725 289 71
475 605 90
365 360 12
827 455 7
782 72 90
331 264 9
502 36 77
461 861 97
523 891 56
397 806 71
97 725 35
29 129 51
778 386 54
721 218 18
996 27 95
274 113 2
421 756 60
178 857 30
139 753 14
302 680 3
108 188 20
865 251 79
283 504 67
383 728 21
845 983 74
711 965 18
752 816 70
230 776 37
728 949 42
355 373 51
876 57 7
735 596 52
734 189 17
686 9 21
364 772 50
202 54 1
133 728 94
713 43 40
509 613 64
649 175 56
128 810 74
413 407 35
363 493 59
820 399 80
635 963 45
16 121 94
292 694 3
976 496 46
789 999 40
509 324 7
712 635 9
139 934 90
900 47 71
342 791 99
53 568 37
301 90 31
238 580 25
128 630 49
379 25 51
110 993 1
949 570 3
536 816 19
708 422 50
846 52 62
788 169 11
818 520 99
599 397 95
256 29 80
528 241 45
651 247 40
485 720 40
915 549 6
54 42 14
937 814 5
339 29 40
2 275 57
774 887 36
137 419 62
979 741 38
357 728 93
701 41 12
590 886 29
656 575 14
151 893 54
907 719 32
202 387 22
877 742 46
686 60 100
285 224 34
302 27 61
797 404 6
675 543 47
237 942 21
689 901 25
81 19 88
717 407 71
114 324 8
302 486 7
673 103 10
440 294 86
54 587 13
737 407 10
707 250 100
626 162 15
619 473 26
106 624 18
609 575 10
268 916 20
365 529 25
198 693 43
90 319 17
498 369 22
748 569 30
577 864 57
102 66 92
496 655 97
70 126 64
458 56 67
153 602 50
473 137 20
763 141 91
784 799 2
347 452 63
921 326 74
30 780 66
180 398 79
680 926 79
470 399 97
300 355 72
173 895 7
110 800 64
543 547 79
727 720 43
926 653 31
511 279 21
102 404 99
940 972 52
453 449 16
913 932 67
866 34 3
997 447 48
145 128 30
265 208 76
735 540 34
545 849 58
139 81 38
738 178 15
526 31 1
909 633 79
336 892 76
587 66 72
77 395 2
661 371 39
480 169 35
866 137 74
458 185 1
577 990 49
243 138 97
558 507 6
680 870 20
141 320 99
521 229 74
224 943 62
945 993 25
664 69 90
120 255 72
419 238 31
757 657 28
884 50 11
803 134 9
612 782 90
622 293 7
350 150 74
127 492 48
935 727 52
307 339 94
403 631 71
308 31 3
22 848 3
138 935 90
818 862 55
120 797 61
63 566 47
881 730 36
549 758 24
415 189 53
400 416 36
644 339 83
580 224 87
960 613 14
887 467 86
493 223 88
861 275 57
21 1 69
375 314 81
56 991 74
631 812 9
353 340 16
379 973 18
701 933 75
238 642 93
14 799 27
740 6 45
922 198 99
888 346 80
713 299 31
998 704 8
662 17 15
818 724 86
903 713 29
560 446 2
378 394 69
453 216 4
518 367 79
402 664 68
972 392 22
64 380 35
203 655 14
161 814 85
125 429 45
68 648 14
917 94 39
946 259 65
510 970 67
811 121 12
854 609 21
201 794 48
140 570 78
60 215 98
267 444 31
247 260 29
656 261 83
372 152 78
188 487 62
968 295 13
977 646 66
421 930 54
452 680 77
282 914 38
705 277 99
124 397 25
639 897 87
241 441 86
363 778 79
521 158 78
513 638 34
303 777 68
866 519 28
569 119 77
412 325 40
7 285 35
238 101 9
236 134 8
884 111 85
357 926 69
22 508 35
105 808 9
799 201 83
12 363 32
607 827 76
731 742 21
737 111 92
142 990 85
42 526 33
19 96 78
494 677 60
689 492 67
257 514 57
241 68 89
546 994 49
934 358 30
340 575 8
749 869 64
548 536 47
643 792 17
3 780 3
502 462 11
397 559 74
430 585 37
88 365 90
111 657 26
196 124 16
942 576 61
187 786 68
411 730 59
384 445 36
421 266 11
985 279 31
925 446 93
699 798 64
492 330 45
334 142 6
802 842 4
501 316 90
82 275 93
381 471 64
727 278 58
981 630 68
379 239 73
480 525 40
716 459 76
579 134 34
648 870 92
380 196 14
390 139 46
628 142 90
149 518 10
740 409 82
346 350 70
888 736 60
302 469 84
964 600 8
523 307 66
696 63 85
615 714 51
337 727 35
736 480 81
611 538 46
524 31 10
819 566 64
474 947 94
190 219 3
347 237 94
300 989 60
414 103 19
695 484 46
106 143 38
404 542 81
646 969 84
718 285 48
22 898 20
530 740 89
918 960 11
200 742 28
516 951 33
100 706 54
866 754 66
237 630 16
395 278 49
615 684 19
141 907 20
68 992 89
912 582 94
419 211 33
913 600 80
80 266 71
252 63 8
12 541 82
454 50 12
212 408 26
916 921 66
117 276 12
481 788 3
53 491 66
939 215 69
739 674 45
237 829 24
620 562 47
147 501 90
291 816 64
828 216 22
235 799 31
60 869 70
615 535 74
445 987 28
565 458 47
396 433 18
354 378 28
219 411 39
921 782 33
763 881 12
113 116 29
295 363 70
840 22 29
114 398 86
141 631 75
489 163 88
271 411 28
918 771 97
411 785 67
205 796 52
907 798 23
231 760 83
271 353 96
790 973 42
645 957 22
761 609 6
199 14 45
948 75 34
37 982 24
876 544 39
983 725 19
295 38 65
337 672 33
64 607 92
903 841 3
760 726 1
192 487 62
226 312 35
242 489 48
989 540 42
437 662 41
91 196 73
377 695 44
728 768 40
504 67 74
539 931 65
168 659 76
442 108 94
620 484 17
307 329 49
451 783 4
552 809 61
186 105 76
534 601 75
99 605 63
754 25 97
885 485 70
810 739 4
720 484 79
745 594 96
788 120 77
660 55 77
758 311 23
444 822 42
873 947 11
956 126 44
975 409 91
864 865 71
93 771 87
980 804 93
377 525 69
447 1 64
60 395 20
989 687 90
381 251 30
948 664 47
749 926 81
772 254 33
179 947 4
775 309 38
687 717 43
783 737 48
924 930 88
24 41 36
771 262 9
742 797 25
380 883 36
8 963 68
234 494 5
84 578 50
306 607 24
200 828 44
328 647 35
352 617 16
679 732 91
274 121 56
734 814 53
977 860 17
134 672 88
337 50 30
478 394 99
384 889 56
813 219 93
570 416 50
284 966 70
220 690 22
244 762 7
40 464 27
448 311 65
835 37 93
767 597 54
229 171 25
44 68 70
902 482 54
222 631 100
127 339 90
937 440 58
68 900 36
35 121 83
954 692 89
89 381 8
860 112 36
84 820 39
930 651 50
435 244 95
360 835 91
390 932 82
984 518 36
907 664 70
801 966 20
787 67 5
398 490 37
585 591 77
851 979 59
630 52 67
911 703 54
233 523 35
224 589 8
184 494 16
177 108 66
939 790 39
13 820 51
707 391 32
451 998 82
9 532 61
991 948 88
12 639 87
529 245 11
291 719 58
840 599 93
507 294 57
584 295 68
792 51 78
40 9 8
18 919 38
761 383 49
906 725 36
432 79 24
280 309 37
38 773 43
763 656 92
162 758 56
93 775 44
873 796 50
223 509 28
283 779 66
828 675 25
971 994 6
130 331 72
715 528 53
63 205 30
557 255 42
308 80 94
147 980 2
918 659 90
889 281 58
412 291 36
648 958 14
849 6 24
884 604 12
289 870 22
775 887 41
12 611 26
660 458 8
849 251 46
187 808 20
925 690 57
42 314 62
466 873 63
24 350 19
242 213 19
449 501 26
483 223 63
834 429 60
152 207 60
766 400 87
290 940 82
610 4 95
606 153 87
452 274 74
900 465 33
565 783 66
11 498 1
780 611 78
158 702 76
65 714 70
665 968 67
964 952 6
712 784 20
86 479 73
809 514 35
227 981 36
333 270 36
264 930 95
940 439 11
476 465 33
521 804 3
785 693 5
625 807 82
204 974 99
328 254 72
138 16 28
870 742 74
759 230 92
430 412 97
458 116 96
358 980 65
43 252 79
331 787 63
365 525 8
715 576 8
496 598 74
795 282 80
18 420 53
748 575 88
368 233 4
38 346 93
720 170 93
35 959 39
979 703 19
484 676 28
493 658 74
916 810 58
120 455 49
630 687 8
100 591 44
66 317 9
573 716 87
415 376 90
851 226 67
374 309 31
424 984 79
190 975 53
613 720 59
802 7 64
797 216 99
113 995 13
384 740 96
391 226 55
130 19 96
385 731 30
801 498 62
630 617 86
870 792 38
115 122 22
173 459 35
212 572 20
972 215 31
434 6 61
970 540 92
564 119 96
279 174 76
255 547 7
899 127 87
468 645 20
50 661 86
419 758 37
176 424 21
345 900 89
51 820 34
432 702 64
456 562 62
252 288 45
798 178 99
61 964 11
940 799 32
590 165 29
687 928 55
497 336 68
547 213 5
178 524 75
727 306 57
380 335 26
222 725 70
237 925 94
713 498 92
488 864 69
918 913 96
352 631 31
626 63 69
613 165 82
749 292 82
274 10 57
660 850 25
114 612 61
81 144 64
677 602 79
816 646 13
713 170 61
934 582 50
845 650 29
69 436 23
417 467 48
928 421 57
615 853 80
48 198 38
31 179 38
133 795 23
467 120 25
17 311 58
383 376 21
974 248 4
496 759 100
685 91 40
710 560 51
319 485 71
935 598 82
449 40 7
355 2 7
592 403 46
815 895 28
402 249 62
169 894 36
861 820 22
333 665 44
400 782 63
930 676 74
96 460 63
682 582 9
108 219 55
634 236 94
820 63 55
840 915 95
732 837 34
337 860 17
227 229 31
662 318 23
97 748 68
751 480 54
409 587 98
983 172 83
774 884 94
66 690 44
867 488 37
625 626 45
118 945 78
21 566 30
137 155 79
288 388 83
772 575 11
24 272 26
819 427 27
122 525 8
484 202 84
765 746 7
649 10 85
13 937 62
19 590 72
419 322 87
566 396 27
378 740 79
387 516 19
464 621 93
104 786 75
472 71 7
556 357 6
320 3 73
266 519 58
228 811 28
194 738 44
118 972 56
784 991 5
665 277 87
152 231 33
121 334 88
105 14 16
376 538 5
275 375 96
224 730 45
938 409 75
852 178 56
874 256 9
99 735 27
763 67 36
376 504 3
14 266 67
334 507 70
768 967 90
204 409 60
670 945 92
677 93 97
423 590 81
707 771 36
98 851 41
709 926 67
593 248 14
707 979 32
49 145 59
575 344 44
471 310 97
24 826 12
634 274 38
687 305 60
314 614 18
451 428 55
356 92 39
468 997 94
93 838 72
12 434 16
866 331 90
465 324 76
263 447 70
743 638 72
588 13 34
962 964 88
838 457 97
468 315 4
473 498 50
373 675 3
934 395 35
925 27 34
550 843 62
201 606 93
914 301 4
924 188 42
947 622 24
935 925 22
187 68 90
662 50 33
179 295 19
638 394 81
390 185 7
648 961 12
488 449 97
308 751 30
189 662 47
118 36 49
373 545 35
788 408 74
980 995 93
871 608 23
67 456 34
93 47 82
419 459 95
691 23 20
681 970 4
718 853 14
413 612 87
312 632 69
89 529 68
288 515 82
52 26 40
767 288 79
370 569 69
570 196 40
732 963 7
409 504 27
920 646 44
2 943 55
662 859 42
493 672 40
536 43 52
858 623 56
411 977 91
69 469 100
733 902 11
582 910 52
415 677 23
212 24 17
221 809 93
912 250 1
281 935 7
603 560 37
66 781 34
511 448 34
152 30 33
356 880 63
847 423 85
893 916 56
541 959 36
693 152 72
522 162 36
305 308 86
993 784 45
376 17 75
736 713 55
669 184 62
833 190 8
851 411 11
841 283 2
859 640 19
770 701 45
414 121 85
992 253 75
538 362 65
51 64 99
345 802 63
386 307 12
277 288 2
224 679 11
621 378 25
297 19 99
711 483 75
673 419 60
94 612 45
425 939 47
215 631 21
541 581 9
200 774 89
118 737 48
754 70 86
60 746 52
635 287 11
906 644 63
538 911 10
802 54 50
548 112 17
560 456 92
729 735 58
561 385 12
631 983 32
141 922 68
956 75 66
435 604 72
608 407 50
28 554 16
370 971 39
813 626 52
929 13 80
619 763 28
316 94 22
756 66 68
393 529 30
83 945 98
679 812 44
404 758 13
379 703 10
377 371 99
887 425 92
745 606 84
514 625 88
838 128 93
153 794 10
817 763 34
870 960 68
373 838 15
632 740 22
460 450 96
504 412 63
90 873 49
199 890 57
548 330 54
223 658 70
341 710 20
818 770 76
661 579 34
179 415 100
196 344 95
295 334 76
32 916 42
766 852 69
541 535 77
517 292 89
310 621 91
468 857 47
450 714 15
495 761 99
110 260 4
47 610 58
811 37 40
923 616 15
969 903 14
690 76 47
277 794 15
273 326 81
782 137 65
126 373 1
896 141 91
265 305 3
823 308 71
325 467 46
889 396 75
295 869 87
862 511 89
564 641 62
704 385 87
422 79 71
943 572 40
445 886 96
911 312 46
255 583 60
533 26 34
303 374 11
538 526 53
656 86 44
72 944 56
644 254 95
674 820 59
51 590 33
347 586 57
107 764 37
42 292 98
148 598 26
167 444 2
93 37 20
445 134 1
73 645 37
175 674 54
416 688 87
763 815 19
573 14 72
913 167 46
491 970 6
557 593 26
503 372 27
909 56 56
353 639 97
861 179 35
949 554 68
829 809 83
90 939 79
560 565 23
962 458 26
961 276 9
164 708 77
534 261 99
596 154 99
585 725 97
870 385 65
202 111 83
401 467 55
878 356 100
496 528 79
391 668 74
378 952 51
227 849 68
8 576 20
262 670 39
707 16 72
88 127 62
127 223 35
60 771 39
358 762 38
595 909 95
952 388 32
519 793 38
523 879 6
732 552 61
28 631 2
578 867 24
564 498 28
702 127 90
822 107 56
944 708 40
63 76 48
708 974 27
289 156 89
849 828 42
872 506 28
985 570 43
606 10 73
622 271 34
564 522 33
613 821 76
628 243 76
593 389 30
304 295 76
562 630 26
880 199 47
188 93 12
807 636 97
658 200 93
150 839 72
217 597 73
789 359 1
826 326 36
302 602 66
828 311 84
91 224 63
585 658 11
513 964 68
358 937 37
827 992 97
619 430 16
276 727 94
610 283 22
497 603 23
597 106 51
45 602 22
730 985 96
47 401 82
614 26 92
824 266 67
116 86 99
642 197 65
815 177 51
310 125 4
960 174 73
618 664 76
31 404 14
794 104 92
601 247 17
896 289 47
444 852 94
396 421 4
811 785 52
769 538 3
203 342 75
572 463 99
880 751 15
963 25 17
903 118 94
260 66 9
709 186 2
761 840 79
990 304 57
193 708 31
57 984 51
1 705 29
908 69 66
857 448 69
126 143 95
367 113 63
931 247 89
218 496 9
382 877 43
796 558 88
864 28 54
553 173 41
896 320 7
659 609 96
887 527 37
611 710 90
119 302 71
204 199 2
523 843 43
492 49 35
556 281 23
72 198 87
47 750 1
351 26 60
34 723 13
737 294 23
850 464 43
890 918 95
187 633 34
103 465 77
816 824 93
260 321 90
538 341 92
64 300 99
191 776 49
343 328 26
646 118 84
883 600 33
104 34 48
808 346 4
123 303 48
848 936 67
549 189 44
653 903 94
755 144 20
372 957 55
405 182 6
181 401 25
608 738 26
973 993 22
866 42 45
95 631 86
147 867 46
260 964 89
605 256 43
787 873 16
738 363 97
24 256 50
428 268 1
729 248 92
208 122 55
780 500 40
22 163 73
828 751 88
346 471 74
425 889 96
1 950 40
86 313 64
470 849 47
378 785 57
233 74 3
235 575 60
703 398 38
756 539 49
569 338 12
687 439 20
312 795 15
731 15 57
242 651 93
878 755 10
584 830 30
322 704 21
433 341 3
709 321 5
639 584 47
755 173 73
288 321 63
787 132 95
471 141 91
706 606 77
747 733 91
350 889 69
375 529 29
158 9 30
561 384 88
143 939 15
326 240 34
645 930 56
172 156 79
119 435 14
811 429 42
173 755 1
27 197 40
459 106 95
883 300 37
778 34 84
900 742 42
778 873 6
144 598 22
990 678 5
405 385 74
501 850 8
448 136 42
232 814 60
477 386 41
218 332 83
278 941 52
822 342 9
872 308 97
86 277 20
643 30 38
839 247 72
111 34 52
155 837 34
590 632 88
793 703 40
912 225 89
887 929 13
17 289 91
964 381 55
427 571 87
382 246 95
408 537 3
568 704 20
88 648 50
100 46 100
238 735 36
540 135 2
67 894 59
342 264 38
427 464 24
271 977 85
646 69 14
867 694 27
976 542 72
993 796 53
723 314 53
939 981 26
376 913 67
566 768 2
960 303 74
632 66 52
359 172 85
639 774 5
269 166 74
176 561 17
280 515 82
585 307 70
543 524 13
561 221 45
935 178 29
714 531 12
246 841 59
547 90 44
8 836 15
792 995 100
776 289 82
625 259 23
995 853 6
626 372 86
853 482 96
856 157 11
907 882 65
548 413 80
503 970 23
722 413 4
213 981 56
734 929 74
452 789 93
111 842 62
209 879 7
480 839 84
318 511 54
112 77 33
921 908 49
43 170 76
770 604 2
560 851 18
376 342 33
43 512 2
555 46 71
193 770 72
172 480 61
31 407 10
173 719 16
574 740 15
218 661 64
156 846 20
14 165 86
513 766 79
486 559 21
71 647 61
554 176 86
524 8 39
464 101 52
543 999 90
880 478 53
883 873 19
375 645 41
918 947 8
309 689 58
592 42 75
986 287 99
221 764 14
878 411 14
107 541 35
715 504 32
330 440 92
987 984 21
25 259 94
380 260 61
334 651 20
555 845 45
972 462 54
501 544 61
201 322 58
380 396 8
409 978 25
744 835 56
435 79 32
706 405 48
864 893 43
94 19 93
665 401 24
243 196 94
784 767 71
727 358 48
224 339 43
631 644 27
646 800 47
945 677 67
257 725 57
833 912 31
938 486 63
721 879 4
596 721 57
404 271 99
291 68 13
460 707 65
733 626 96
855 149 1
962 886 63
512 795 32
686 705 47
618 226 7
812 764 27
14 555 36
814 450 46
2 439 19
7 934 52
934 270 58
740 257 28
95 960 52
654 517 73
64 518 55
848 129 93
762 78 43
361 345 37
802 424 84
305 483 46
943 436 92
239 97 44
460 675 41
640 120 8
100 565 58
782 219 48
319 418 46
554 568 93
475 609 23
899 357 65
114 744 28
839 365 69
630 734 23
287 635 86
575 623 62
156 994 71
182 388 80
345 114 100
930 200 83
815 982 78
489 422 65
312 736 9
373 43 72
424 262 37
431 809 89
41 9 7
220 312 87
104 600 48
623 486 42
801 46 34
754 977 84
760 711 28
652 991 10
94 173 75
195 895 54
465 752 66
995 350 66
901 406 97
864 114 38
564 634 2
25 463 20
896 771 52
36 395 35
171 60 52
716 538 77
351 664 50
213 936 25
736 419 97
632 823 21
180 565 27
929 954 96
652 271 82
935 114 29
900 778 34
461 810 25
609 977 13
937 8 73
41 43 62
816 962 99
820 494 34
264 892 48
101 29 9
901 151 41
361 537 54
637 295 85
287 919 56
529 979 70
250 355 94
302 770 71
574 885 94
584 386 52
960 964 85
831 31 87
968 621 25
142 842 32
48 758 10
121 63 6
642 401 99
262 396 4
567 743 56
341 278 65
216 3 25
852 234 43
768 460 21
994 300 30
507 183 72
782 97 93
692 598 84
351 364 87
292 358 43
89 590 57
647 653 42
703 162 21
104 239 85
399 194 16
737 926 59
574 537 40
185 407 9
403 373 84
478 334 90
841 780 68
741 353 41
534 863 44
297 279 48
275 937 9
341 279 63
867 828 9
44 301 30
244 44 17
57 152 25
580 375 39
452 101 74
35 722 61
676 324 59
772 145 87
825 634 55
890 553 66
689 781 74
300 902 94
774 388 11
392 274 37
173 589 55
971 152 99
891 390 95
595 968 9
600 590 7
597 395 72
875 562 30
350 917 75
791 250 56
579 784 14
326 801 28
43 783 3
571 976 14
739 551 2
241 763 50
152 354 7
873 944 8
291 972 18
628 166 95
535 312 32
495 623 74
885 8 92
712 115 69
732 129 76
611 870 11
854 747 11
62 167 93
129 153 33
173 694 72
429 541 11
773 75 39
484 700 38
264 360 42
797 439 59
529 886 51
572 647 78
330 916 54
144 101 77
419 13 69
763 444 84
756 934 75
825 404 67
811 742 55
187 101 20
583 948 73
898 839 93
257 729 78
476 118 24
181 321 24
82 856 26
815 825 20
240 52 41
644 359 14
985 865 4
404 376 52
243 362 37
25 541 33
135 826 20
286 165 12
556 838 56
980 574 35
480 254 99
814 652 60
902 771 74
215 558 66
658 946 18
905 741 51
258 169 56
239 916 68
602 232 36
214 988 11
879 773 69
569 143 12
720 822 45
940 874 42
981 682 59
950 160 38
47 392 17
54 510 7
412 944 81
7 508 42
194 350 8
771 244 49
632 294 83
123 47 31
457 465 6
498 38 4
686 928 70
581 881 30
673 486 46
984 763 38
777 311 83
818 566 68
61 442 42
679 611 55
492 172 87
86 92 98
491 715 75
380 456 63
424 1 11
96 222 85
840 2 49
938 525 3
319 222 15
28 573 69
954 794 59
935 569 54
632 568 58
775 679 11
699 922 2
508 47 22
479 903 66
681 121 28
38 996 23
275 927 43
925 178 80
659 468 44
196 937 5
636 405 21
155 719 90
351 332 6
337 223 49
980 727 71
839 901 33
573 267 10
262 897 76
144 997 5
535 226 72
797 867 53
489 154 72
755 703 31
999 679 46
528 592 31
522 273 48
613 975 65
777 23 46
340 81 15
975 223 28
693 982 65
191 570 52
909 501 9
668 490 32
381 0 48
268 556 33
234 221 39
446 239 33
208 319 70
848 640 24
665 644 23
436 550 79
320 532 27
380 767 57
520 175 56
277 334 2
602 829 95
128 504 98
438 13 38
891 58 56
382 388 46
189 225 68
585 361 24
498 185 77
840 399 97
671 794 85
372 521 33
210 245 89
683 232 10
537 810 11
33 550 94
559 363 2
735 225 70
403 490 10
425 98 15
509 389 17
5 828 52
275 714 92
106 909 15
892 172 7
890 232 23
426 146 63
586 495 26
573 257 20
97 921 50
425 877 45
469 754 90
939 936 14
850 548 22
438 394 73
911 293 67
859 963 100
946 947 71
287 846 70
134 204 62
674 570 34
315 98 79
860 71 3
601 855 91
256 974 53
280 217 65
429 646 81
498 320 12
130 47 69
594 14 7
4 531 66
698 66 69
886 448 75
476 231 17
794 988 43
439 34 53
96 310 42
218 814 1
858 557 15
31 126 58
79 875 16
616 314 97
774 923 18
545 354 87
279 719 1
29 831 28
954 420 42
624 914 88
381 707 62
214 986 98
544 854 35
916 434 2
785 348 96
867 920 33
313 235 99
976 346 28
450 424 37
405 665 72
732 181 18
908 604 81
596 607 75
84 336 7
833 985 89
954 473 6
866 987 54
116 804 9
170 439 92
786 124 85
383 84 81
471 66 79
244 979 44
762 985 32
478 164 96
499 72 16
854 462 9
502 532 69
477 947 94
436 630 16
614 731 69
973 867 100
252 974 12
57 915 50
878 394 13
171 780 50
872 342 59
857 849 58
785 985 33
439 150 64
227 36 20
828 486 6
856 857 90
201 727 8
200 1 92
548 863 85
97 309 27
774 850 30
111 916 46
901 510 84
877 608 46
483 103 23
55 532 16
656 863 6
2 647 29
174 845 41
633 314 18
356 834 16
181 131 54
957 714 36
314 990 31
461 112 33
187 325 30
580 239 73
825 250 40
524 785 79
875 751 11
356 755 76
394 985 9
906 277 42
258 960 68
440 628 18
622 440 54
949 870 5
859 576 6
966 778 95
274 491 21
150 35 57
152 827 67
172 958 2
319 382 48
470 872 29
427 807 54
212 445 2
516 384 53
378 595 91
113 597 71
536 407 22
580 459 53
230 598 8
251 680 83
325 961 3
11 47 71
756 690 51
521 518 22
641 990 54
815 45 81
874 873 90
411 8 23
130 712 92
485 982 32
920 76 30
710 585 46
27 201 86
105 12 75
515 585 6
980 171 20
63 892 5
474 739 22
58 768 14
917 398 94
2 961 31
909 463 54
401 779 42
575 484 7
813 639 50
774 334 6
360 475 39
649 302 85
91 716 13
175 123 92
944 359 33
711 793 15
693 378 57
961 857 91
674 454 43
10 194 94
858 229 44
676 561 15
281 796 90
347 846 14
903 580 9
644 650 20
699 993 96
48 884 56
550 763 93
676 566 91
755 780 47
274 312 78
397 803 17
856 550 83
412 921 30
541 795 36
714 44 8
471 43 70
796 361 29
181 315 75
243 692 33
896 315 71
719 67 73
85 395 29
731 267 32
951 788 44
472 796 10
206 115 87
30 784 29
112 88 27
725 376 11
95 781 95
916 964 35
901 601 16
287 151 82
390 698 36
776 634 14
214 129 11
755 472 32
678 231 20
428 710 42
281 829 46
835 464 72
470 732 70
678 650 79
307 107 72
930 644 45
368 835 56
563 84 43
186 453 98
492 355 23
903 104 24
435 187 65
962 418 61
901 108 48
24 14 3
150 27 14
271 330 91
126 745 17
941 885 55
52 205 30
699 707 15
78 115 20
694 725 17
315 74 45
756 555 100
543 383 17
670 935 10
595 133 30
376 317 50
601 715 88
298 993 73
986 98 43
914 131 72
429 952 10
144 626 3
75 284 57
905 949 15
159 483 73
902 933 10
362 526 30
56 486 99
73 517 15
353 443 78
581 860 45
994 865 54
398 761 94
284 91 91
932 866 84
511 993 62
16 147 73
7 786 64
524 973 51
937 430 65
786 375 46
292 575 99
579 101 63
485 586 47
611 779 22
677 955 78
684 333 6
312 21 37
648 316 91
204 357 38
98 180 60
357 886 32
165 433 80
958 837 79
560 742 66
15 931 50
232 489 34
296 243 76
28 190 88
794 519 52
319 552 43
346 308 49
156 46 13
371 516 89
392 396 28
960 969 50
155 263 86
972 930 77
425 668 48
721 935 84
333 843 64
379 415 76
779 456 19
383 487 38
924 506 28
999 170 60
673 150 64
34 395 24
34 141 58
767 323 22
33 316 69
74 559 89
860 753 86
889 413 18
384 588 53
521 621 6
690 307 26
976 512 1
370 736 27
692 370 20
794 814 25
763 794 14
262 652 70
698 493 26
439 288 57
937 397 34
956 627 74
238 67 64
263 998 67
426 278 46
936 499 1
227 589 70
37 47 13
23 522 59
867 803 60
851 130 83
569 936 80
750 618 42
705 54 67
228 684 96
529 413 68
841 729 98
823 473 51
81 259 58
653 893 2
71 674 36
848 605 85
699 927 41
694 762 75
958 731 44
967 88 12
485 808 62
261 447 71
624 805 16
261 970 59
776 664 6
584 397 20
103 825 12
469 637 17
960 191 87
153 110 82
678 49 56
978 12 42
865 905 49
965 866 60
368 804 11
463 682 47
781 263 82
773 585 70
548 246 41
196 545 92
40 985 65
528 686 5
956 118 87
361 329 19
826 286 9
541 993 10
393 45 79
708 21 60
256 728 72
506 375 85
808 875 88
11 218 93
581 532 20
302 713 86
778 159 41
803 289 82
809 326 86
535 530 16
54 370 54
509 966 73
563 515 15
604 500 58
449 171 99
748 68 53
70 354 51
95 106 23
40 719 25
802 39 36
996 120 70
806 364 85
652 77 15
686 323 11
379 380 34
121 119 12
801 519 4
172 224 3
235 373 43
127 834 83
326 757 89
320 767 71
264 383 14
929 588 30
670 487 57
332 534 57
805 693 97
571 720 34
769 176 5
156 990 9
185 633 95
377 770 1
25 371 50
597 943 27
717 639 37
848 786 89
253 547 20
678 60 28
788 820 34
874 475 12
762 852 42
36 975 42
899 239 32
859 1 5
328 393 59
335 3 39
82 943 30
171 177 86
441 669 33
96 631 80
783 917 26
276 671 53
911 778 8
905 481 68
258 904 60
286 992 100
63 307 87
284 24 97
543 258 4
119 757 54
734 254 77
486 809 41
385 64 60
330 286 66
747 891 29
198 31 36
635 731 46
288 282 38
794 360 28
468 892 10
242 23 2
59 476 46
256 135 43
981 688 42
582 636 78
400 479 60
632 382 60
428 627 100
677 960 70
333 112 36
817 871 36
784 394 47
974 869 63
224 548 42
850 648 45
80 54 9
181 998 34
59 658 96
293 832 29
861 508 42
776 33 45
466 910 29
486 398 59
316 985 68
645 451 46
0 930 46
472 956 73
405 396 74
968 466 35
355 769 81
591 272 29
516 255 86
590 142 95
184 878 9
201 70 14
550 440 1
873 339 6
204 784 93
445 214 18
113 217 84
591 264 57
159 749 52
528 574 58
544 255 32
165 394 76
329 821 75
722 526 41
947 205 29
828 808 94
650 938 98
341 4 79
767 60 58
826 572 18
44 826 9
865 592 2
933 489 2
526 69 85
403 217 44
34 543 50
185 373 38
241 499 93
493 460 2
743 949 10
521 313 50
281 161 4
357 184 99
733 709 79
617 262 85
390 901 26
862 479 17
884 821 78
390 417 42
726 998 1
248 547 15
760 37 87
105 491 9
704 611 90
606 79 1
841 271 36
728 734 88
306 176 89
219 689 53
316 486 47
447 117 56
197 938 46
671 178 71
998 716 95
121 879 10
815 663 99
833 446 20
54 977 64
758 134 29
980 863 99
98 161 34
695 851 3
732 581 10
921 189 62
576 654 90
336 836 17
509 503 71
641 139 36
728 900 22
539 932 94
405 108 25
998 718 24
805 361 87
199 71 94
107 825 79
105 194 37
938 881 29
333 189 28
630 671 38
645 300 69
444 677 17
30 306 85
736 314 89
295 192 12
748 826 77
22 215 92
673 400 59
321 810 64
345 967 62
832 295 86
585 975 5
254 783 59
616 158 77
565 889 41
598 320 31
190 632 29
247 58 43
406 811 64
212 478 93
284 313 57
479 609 67
908 790 45
521 509 5
605 734 36
605 422 50
776 96 45
943 661 6
885 823 2
331 553 6
797 632 96
192 86 55
523 17 55
798 329 44
541 439 26
660 385 3
907 510 80
985 382 97
940 350 66
112 308 68
420 530 62
281 607 31
726 212 94
868 982 65
184 880 13
573 143 87
958 551 47
575 529 14
224 960 25
79 72 40
797 906 2
150 523 11
566 789 4
10 628 45
431 564 59
876 45 58
777 949 57
343 141 67
632 482 73
900 727 72
154 902 34
874 555 48
784 240 65
914 103 90
490 560 62
678 798 16
246 739 80
775 674 79
367 790 65
590 807 24
101 384 69
980 85 79
691 837 44
59 51 34
179 231 42
439 579 100
541 796 9
822 187 28
213 465 51
254 598 81
229 378 6
458 739 7
666 761 74
937 976 24
491 86 42
747 291 3
699 474 88
491 371 50
649 538 62
955 60 51
57 601 59
498 636 26
632 288 26
475 980 21
369 495 62
990 219 38
910 620 71
263 7 68
664 23 12
679 986 100
908 499 55
917 601 97
986 993 86
447 435 6
302 955 20
773 349 5
22 388 23
948 264 68
302 81 95
368 709 60
848 9 23
332 141 58
15 19 47
29 81 87
474 257 50
189 616 19
352 694 7
369 894 84
808 236 46
610 298 42
550 517 70
677 46 22
542 543 70
729 205 91
396 705 38
786 883 92
337 598 94
398 940 44
594 957 50
624 278 10
24 92 76
293 901 33
843 22 15
415 838 40
904 276 1
412 865 45
971 126 71
75 787 87
295 300 17
286 915 99
444 384 3
564 31 79
702 425 53
165 606 65
179 554 18
828 117 24
73 305 98
514 19 41
762 923 35
764 230 42
0 332 57
802 133 62
828 41 23
335 242 1
66 220 56
918 874 6
643 117 41
695 243 24
827 822 70
615 475 9
636 409 2
492 971 7
819 694 84
164 204 12
936 430 38
341 457 89
577 969 96
704 983 91
880 57 3
533 331 29
191 861 4
950 277 82
42 170 34
491 536 40
437 721 94
632 949 19
425 848 99
304 660 74
284 58 82
973 545 17
350 362 34
762 99 97
907 6 16
323 9 37
744 185 1
369 130 41
475 480 78
538 23 50
69 631 77
298 721 14
236 132 3
924 511 79
372 193 57
179 675 90
635 409 96
27 95 99
128 603 9
171 508 52
848 527 42
856 397 18
524 557 48
530 360 40
109 402 66
361 970 18
660 487 23
680 924 69
383 919 71
220 33 8
541 657 78
564 122 2
926 84 3
128 551 89
809 791 82
661 777 92
155 561 75
463 687 37
153 444 81
459 251 30
814 232 42
647 571 32
465 89 98
52 296 88
744 139 69
423 927 88
42 550 86
491 923 81
192 229 72
330 740 14
839 795 78
186 977 60
788 128 60
130 492 27
463 715 66
826 740 38
37 540 20
595 280 61
754 452 69
514 114 34
303 683 72
198 785 89
881 674 91
582 146 65
929 466 38
760 603 40
429 93 17
176 6 74
115 524 13
495 719 62
12 620 7
94 635 58
826 88 21
375 505 98
37 171 98
501 437 69
537 455 42
543 854 54
721 781 37
618 660 24
53 468 90
766 101 23
963 116 72
837 830 4
225 316 53
256 399 91
95 651 84
913 17 8
992 93 44
457 3 13
986 786 37
19 700 23
474 678 53
860 846 7
85 218 43
880 925 2
304 216 85
546 989 79
197 178 33
380 374 47
308 569 88
613 898 10
76 489 86
277 668 95
774 343 41
550 508 34
937 746 39
358 15 99
162 546 7
910 721 40
349 590 91
219 594 30
45 317 86
174 395 5
732 386 100
238 192 44
420 825 64
312 912 9
76 342 83
790 613 54
433 892 22
606 294 53
274 107 39
792 810 89
876 489 24
768 563 30
605 457 91
736 594 87
416 253 84
364 580 11
587 554 94
78 811 90
212 764 18
653 314 54
330 104 54
465 337 5
