1000
2000
635 882 80
878 960 51
972 186 73
643 336 28
396 474 57
632 822 100
436 714 86
572 776 47
429 12 96
562 657 20
303 558 60
413 870 93
536 179 87
943 827 86
382 611 78
535 941 22
685 673 71
274 44 54
109 814 97
610 618 95
656 312 4
254 792 39
294 541 6
474 32 75
887 875 31
125 515 92
96 342 7
731 759 4
440 937 31
878 431 31
562 151 72
104 852 85
383 208 4
441 879 18
484 130 90
108 557 96
205 394 14
532 943 43
333 383 91
565 984 15
936 848 58
985 467 58
379 773 12
681 576 50
21 914 33
540 322 69
826 880 79
803 788 28
764 602 63
531 948 80
717 474 18
829 337 11
229 86 37
473 659 61
753 367 51
354 394 11
908 28 18
640 592 81
102 476 3
57 577 47
647 526 21
217 270 63
619 717 94
895 886 22
485 582 84
574 529 87
512 912 49
767 29 26
49 117 91
325 863 75
784 760 66
994 133 54
761 246 6
894 991 32
745 652 12
230 267 72
243 944 76
455 358 73
413 313 15
109 756 5
469 757 46
171 693 26
302 798 98
506 103 6
310 280 80
815 174 40
762 562 54
317 368 71
301 326 95
780 306 62
371 520 37
763 26 90
121 149 16
742 781 42
825 791 26
384 561 49
428 577 87
982 150 67
636 757 21
842 265 15
727 142 26
633 612 79
223 47 76
853 561 45
640 575 30
784 700 58
981 761 64
909 112 41
838 832 2
123 944 71
659 833 97
292 298 26
511 458 57
275 966 49
492 891 6
467 328 69
720 806 55
194 578 7
177 96 81
232 899 58
923 806 37
403 322 48
554 304 70
629 890 10
131 627 35
629 213 86
593 119 33
748 532 81
28 465 8
434 558 2
176 736 66
700 948 34
697 380 9
428 412 95
227 604 29
84 352 55
611 7 87
11 652 93
465 811 80
515 142 38
988 307 23
890 845 4
509 390 4
457 483 80
386 392 35
175 479 33
538 165 88
881 481 94
386 553 79
400 54 37
219 433 56
751 741 18
18 846 24
466 430 38
436 407 3
826 739 48
795 191 7
476 623 72
86 481 1
337 292 28
355 384 97
793 260 80
731 938 93
544 193 64
96 868 53
223 445 71
476 425 84
167 345 49
829 504 4
839 891 68
825 567 75
434 134 72
586 883 48
489 118 29
12 598 66
727 173 24
365 225 72
22 566 10
480 375 87
203 572 97
773 185 52
276 470 54
283 159 93
932 154 76
320 30 98
582 875 75
384 401 98
154 752 88
296 631 26
355 442 43
912 116 69
554 732 21
746 794 60
845 29 52
324 706 81
837 178 23
962 243 4
571 918 49
468 152 84
545 996 47
75 678 65
104 822 33
543 130 36
794 93 87
522 887 14
869 51 94
591 369 16
350 487 68
54 789 94
290 560 28
495 109 80
657 780 88
163 889 25
911 124 10
46 258 47
861 530 20
335 50 41
868 70 30
101 750 76
419 384 9
897 755 8
165 305 85
656 375 4
293 281 34
311 719 7
504 936 42
84 921 80
32 880 83
458 373 70
821 724 18
416 491 7
751 187 13
277 954 86
561 211 32
51 385 43
441 867 95
476 439 81
558 896 2
21 80 54
143 427 28
212 661 89
51 748 90
377 700 69
209 62 5
613 216 24
112 359 48
373 990 23
21 680 11
265 837 35
823 621 25
531 61 70
983 745 31
336 728 54
936 567 10
840 950 53
398 581 36
324 487 52
507 279 27
417 525 84
418 800 62
619 442 24
248 742 83
343 807 58
677 932 41
427 486 65
872 257 50
773 231 22
137 656 28
898 744 60
756 143 43
534 171 79
503 386 29
124 607 64
528 473 46
453 894 57
347 651 36
945 318 72
48 850 23
17 897 61
945 804 16
621 396 61
148 247 67
743 658 75
281 326 35
339 783 38
836 833 96
922 21 64
923 650 12
557 973 10
114 571 2
127 592 4
762 600 65
853 529 83
541 446 62
764 642 78
52 128 50
561 784 97
427 841 35
658 293 36
959 258 37
819 280 65
898 860 32
620 687 12
71 649 59
866 642 58
87 409 59
808 707 69
674 130 69
809 531 43
6 993 87
744 797 68
786 73 15
128 437 56
398 532 43
491 771 55
167 209 13
501 253 100
341 243 40
767 511 37
277 512 47
63 657 41
644 414 13
351 3 66
329 645 65
479 646 41
670 709 67
673 300 91
553 723 84
373 67 90
768 232 24
722 434 50
831 274 34
967 220 68
418 273 62
152 412 52
852 415 36
396 978 7
916 160 33
328 168 5
128 489 1
639 665 2
127 260 93
254 991 43
626 234 3
923 945 38
737 191 69
271 824 47
470 959 74
215 251 42
643 694 96
918 472 33
742 609 52
605 539 95
919 52 59
978 647 35
221 612 10
652 943 40
934 374 94
685 43 91
396 326 35
492 195 11
140 621 94
53 641 5
717 701 66
385 461 86
58 669 45
377 695 85
493 303 9
688 425 96
542 778 50
229 334 28
331 573 57
533 106 6
511 362 62
894 881 11
522 175 33
480 449 53
329 65 23
122 752 95
20 190 69
206 413 31
656 188 31
172 368 93
53 467 79
194 305 97
161 342 60
530 476 83
439 702 81
370 262 21
798 683 20
982 70 36
848 620 6
810 85 3
411 148 45
952 956 30
305 171 58
199 892 9
761 572 87
191 620 6
179 426 57
816 575 7
448 670 22
868 251 7
177 158 90
41 631 79
382 428 7
935 665 98
788 660 82
790 803 47
387 443 41
273 456 73
892 815 5
136 620 20
190 891 36
826 301 78
198 114 66
620 591 62
135 231 48
57 809 96
518 561 24
56 377 99
777 620 74
715 934 83
632 504 15
528 923 29
683 398 19
590 463 56
228 451 97
658 398 46
175 239 15
51 531 69
446 173 83
853 946 19
763 725 19
133 210 13
124 317 86
110 348 85
326 227 69
648 899 95
756 426 59
797 774 38
236 344 24
40 526 36
326 36 85
683 319 21
23 925 25
388 8 81
589 378 10
496 266 72
695 95 75
72 19 42
434 309 37
777 654 61
696 209 67
50 170 8
17 273 78
834 134 24
471 334 72
840 887 31
951 115 77
612 495 28
114 96 78
39 583 64
907 179 17
524 337 59
877 480 56
785 369 20
591 366 1
397 889 85
457 445 2
212 765 11
837 633 56
207 587 51
491 265 40
636 424 96
144 391 55
805 118 20
194 85 32
944 959 77
270 485 17
742 496 95
656 10 12
29 4 25
70 760 88
911 424 44
742 114 65
358 637 29
211 163 66
297 787 93
894 185 91
554 842 37
827 184 24
795 867 25
565 369 36
877 1 30
402 35 16
263 335 89
727 820 13
701 893 62
310 499 44
237 812 48
6 810 8
146 872 86
334 504 15
86 364 24
158 824 24
694 25 71
491 875 7
277 106 98
990 12 52
291 367 83
661 734 100
699 868 81
67 850 50
317 478 45
435 907 10
922 611 7
209 363 52
53 518 51
816 872 16
546 730 9
218 670 20
281 918 9
116 677 50
775 51 20
275 290 50
396 814 80
784 742 79
699 163 51
994 185 32
873 467 71
710 392 37
570 442 9
705 993 22
632 229 43
665 449 74
622 7 15
669 665 63
265 77 11
444 470 47
94 807 51
827 930 79
620 616 44
72 31 55
488 692 61
185 4 60
268 550 92
285 23 12
626 697 90
654 103 76
272 874 52
340 193 90
498 146 9
131 34 15
497 551 88
661 743 75
825 503 68
409 69 51
70 118 30
959 81 87
974 492 72
186 439 56
132 373 86
344 1 32
879 699 12
772 274 73
107 265 88
112 552 15
768 992 67
636 835 27
904 334 89
710 262 30
332 334 1
70 292 100
712 347 78
918 926 12
826 932 13
88 128 100
597 400 11
532 970 69
820 85 47
695 399 20
897 640 97
190 935 89
579 591 49
32 849 6
537 136 79
914 916 49
62 482 71
885 255 70
333 466 32
654 864 91
642 301 25
855 552 79
194 541 76
556 140 58
78 320 65
503 898 19
577 412 21
568 458 13
370 569 46
648 297 78
849 358 39
325 848 25
894 24 5
196 873 25
903 670 44
530 756 54
849 639 17
443 320 49
725 69 13
337 12 10
207 649 11
140 130 16
588 175 68
593 908 44
131 845 19
286 748 25
231 529 24
942 18 73
470 560 37
529 464 63
706 221 19
634 346 63
630 618 41
495 72 18
502 554 56
119 138 70
275 372 8
164 106 57
362 782 72
358 397 52
240 307 50
21 849 23
112 878 10
66 513 73
74 987 59
154 762 59
912 108 19
188 145 10
513 92 8
567 10 24
563 862 100
857 459 48
973 933 77
79 233 88
480 197 86
195 162 45
859 80 30
494 574 82
323 312 68
635 209 48
113 204 91
768 37 8
439 33 30
854 449 30
485 998 66
241 783 84
801 853 67
31 786 18
938 335 26
564 768 4
852 506 16
656 219 42
945 719 14
75 271 31
447 775 76
593 432 98
480 244 5
461 16 13
314 746 93
602 222 69
260 169 91
857 624 66
118 197 4
455 309 85
267 931 99
849 5 39
844 350 13
777 631 51
714 268 32
866 153 95
181 957 96
331 730 30
136 658 73
41 297 41
829 654 18
476 749 42
517 797 16
185 664 26
344 430 47
724 861 96
698 489 88
234 701 74
280 971 71
142 891 26
464 955 11
747 849 56
628 313 100
658 694 77
900 530 47
748 141 90
954 419 33
79 802 95
499 602 90
368 989 97
857 381 80
590 543 4
560 464 66
90 685 53
697 119 41
463 9 44
141 434 63
783 680 15
882 328 49
281 386 32
130 291 53
999 673 22
981 283 54
836 236 6
632 579 3
438 559 20
571 143 62
443 505 69
911 455 10
705 971 99
842 737 100
239 962 83
609 574 98
198 765 5
139 786 71
619 102 32
585 285 6
620 407 79
708 806 67
30 606 23
658 37 48
17 15 97
665 719 82
70 628 3
633 597 46
843 240 55
79 579 62
202 741 32
271 482 38
42 341 90
768 820 57
435 363 21
953 974 46
652 342 13
791 193 77
892 978 64
905 90 99
372 574 7
920 122 76
666 877 74
716 734 62
623 391 74
245 157 15
726 429 10
147 627 18
472 500 29
496 819 58
135 119 20
493 495 1
590 864 86
415 891 59
403 326 34
10 851 55
962 92 25
862 334 67
948 489 24
141 501 19
991 654 57
462 836 3
826 612 84
705 710 49
502 226 21
179 753 95
978 690 1
414 149 62
660 0 8
256 905 93
928 37 69
137 449 54
850 816 40
922 99 11
394 715 62
676 454 84
712 861 6
195 129 72
823 841 42
769 948 73
344 281 26
481 989 64
404 486 52
951 407 79
896 463 32
375 820 13
264 586 44
494 379 32
934 845 30
834 718 84
314 829 55
925 863 79
680 20 74
424 162 28
599 761 81
356 361 55
912 335 54
30 660 65
78 206 70
195 144 82
885 928 82
982 689 8
326 37 19
367 547 58
543 784 49
452 551 7
483 948 35
187 813 16
192 768 88
183 700 93
560 182 57
338 252 5
127 607 54
571 539 37
3 76 75
766 664 43
330 416 48
395 425 53
63 583 17
485 311 28
814 560 83
286 3 1
298 437 24
389 712 97
389 9 83
262 789 59
842 653 74
995 488 59
477 826 4
248 674 34
364 583 73
586 526 8
334 829 87
317 152 57
138 568 2
737 154 75
244 91 70
368 752 18
338 787 18
537 707 60
844 449 72
21 821 40
738 861 8
607 94 56
961 32 63
241 429 97
897 269 7
103 396 4
813 465 71
97 73 29
28 242 21
531 218 54
725 408 61
602 326 40
245 211 10
921 790 56
747 63 50
289 307 34
14 493 41
766 321 90
417 140 25
565 39 48
44 21 79
201 117 98
493 776 17
437 410 39
525 367 36
283 119 85
58 129 95
982 660 31
451 158 74
751 593 49
925 26 59
998 807 20
595 610 49
944 775 5
1 913 71
653 39 3
548 822 34
815 503 27
622 8 40
601 526 3
342 478 74
542 315 79
649 801 60
51 145 84
700 493 40
131 711 42
213 992 43
338 512 31
552 533 20
630 246 94
943 15 87
904 967 37
586 619 56
396 470 85
22 485 82
620 605 26
803 35 83
696 339 9
115 372 87
615 490 70
644 367 72
502 80 3
823 144 70
792 856 67
902 574 86
288 804 23
224 881 2
492 930 25
851 181 95
977 253 5
903 11 49
415 767 16
652 927 54
858 667 21
198 655 65
545 975 34
947 35 45
241 540 91
841 855 66
548 308 38
573 894 44
559 827 17
197 288 13
257 896 61
714 498 75
94 315 1
540 25 26
607 29 82
776 618 28
631 963 15
63 596 40
668 537 78
347 590 39
250 747 36
908 816 82
886 258 42
157 913 72
11 918 45
956 970 58
5 109 98
492 626 50
32 369 48
625 352 3
458 32 70
898 155 11
764 539 35
114 84 76
954 146 80
868 918 88
384 395 71
268 569 98
856 201 34
70 237 1
903 293 36
602 582 23
520 730 77
208 960 62
688 126 6
594 253 6
519 154 79
902 334 29
59 137 85
502 891 9
379 350 24
499 717 85
192 171 81
172 634 50
336 526 2
350 234 48
3 838 90
17 265 99
248 454 99
606 918 83
563 354 7
423 132 55
206 126 41
352 912 27
684 200 8
107 217 21
637 699 1
702 828 43
703 786 56
62 623 19
58 150 67
441 239 32
976 913 67
812 510 74
815 472 97
937 643 74
395 130 43
314 580 17
797 658 42
108 214 28
867 498 16
195 626 26
579 659 5
965 959 51
458 631 73
213 818 94
194 912 34
421 58 4
824 23 24
686 852 88
823 546 66
775 734 92
811 689 34
472 965 17
956 667 6
217 15 25
97 77 93
602 167 42
516 618 57
632 892 52
45 665 64
701 932 70
524 930 23
808 528 25
902 514 93
812 960 30
601 564 14
318 294 88
84 279 41
574 627 13
947 478 45
731 743 96
148 129 68
364 868 69
115 736 31
377 358 37
773 116 27
733 99 51
425 894 98
990 370 37
612 37 50
911 258 51
988 716 29
729 255 34
623 63 50
417 367 72
814 160 76
11 833 52
472 87 86
279 360 72
302 614 7
399 600 87
970 292 33
231 673 95
121 172 73
706 522 53
954 762 65
553 941 67
921 423 11
994 388 91
598 476 55
988 221 72
109 412 99
367 369 23
859 503 6
453 464 30
138 342 5
949 84 47
294 453 58
714 99 98
713 146 45
810 479 19
161 50 3
730 87 90
107 338 54
9 597 22
782 38 21
115 374 12
692 156 32
687 460 22
978 158 14
892 903 39
264 923 78
752 855 15
287 893 14
17 157 30
576 998 20
883 109 41
341 767 3
856 382 58
982 880 51
297 521 19
315 322 24
77 466 67
308 99 30
964 323 93
394 137 86
530 88 2
179 878 82
290 541 53
97 925 80
551 498 78
6 291 92
33 256 8
738 189 55
478 843 88
786 40 69
229 569 56
129 406 44
798 285 5
601 462 77
347 475 7
5 890 90
569 535 88
886 825 78
138 870 49
336 787 75
698 8 51
533 375 35
394 462 69
196 700 8
317 383 90
828 424 87
793 691 77
74 681 19
661 236 35
958 638 91
103 141 51
654 784 17
605 258 65
987 173 77
889 985 59
146 44 5
28 527 46
629 661 20
435 46 37
15 386 32
574 950 13
829 816 42
537 618 93
256 373 40
605 143 71
26 744 93
746 807 80
195 761 60
516 761 76
311 852 65
755 650 9
104 86 55
129 968 39
748 930 31
932 733 55
528 230 29
576 148 8
818 181 17
173 2 61
26 528 21
334 787 64
313 392 62
452 503 96
985 80 64
307 601 31
280 277 21
570 516 84
351 714 6
563 873 63
48 187 59
392 398 88
940 472 92
99 42 2
996 735 13
149 15 38
526 289 55
170 381 90
851 673 87
189 649 84
322 12 16
62 102 72
316 727 2
902 306 73
657 186 52
8 163 54
171 843 38
901 293 25
527 980 41
887 798 27
489 50 7
948 733 74
334 932 93
149 339 92
777 421 86
729 374 61
799 724 45
273 448 1
86 303 37
12 464 56
129 519 2
926 778 65
921 268 92
679 806 25
46 410 39
301 250 25
250 805 85
132 780 88
105 207 4
920 772 97
281 630 64
41 138 70
262 744 65
251 828 3
938 619 70
358 305 18
615 167 33
432 105 22
836 47 80
2 912 32
777 748 61
643 575 83
955 904 98
701 851 94
293 796 99
233 352 53
46 154 11
864 216 43
815 952 76
116 510 38
392 819 80
884 801 91
175 98 6
483 771 43
119 603 20
711 55 31
751 611 14
727 747 19
245 90 79
772 615 19
764 49 74
192 863 25
521 40 6
181 513 60
221 833 53
364 86 28
15 598 98
916 880 50
752 945 25
623 640 15
812 141 37
21 592 37
241 562 17
433 900 41
458 342 98
82 675 22
311 308 53
924 530 75
57 789 90
496 533 2
824 197 33
792 73 5
445 643 61
487 220 4
368 746 39
345 82 65
472 408 71
322 684 22
82 38 37
354 253 27
21 310 66
583 850 20
454 499 73
605 480 27
499 289 56
622 679 93
853 886 30
353 786 90
860 747 56
745 870 63
714 316 84
589 198 38
567 521 55
261 756 8
870 532 4
742 585 59
630 514 15
552 581 17
390 241 2
961 570 83
938 852 53
75 45 90
618 601 81
543 216 100
556 629 91
824 937 27
213 230 78
434 854 94
752 103 87
826 384 24
128 146 42
847 163 39
366 460 13
461 524 26
913 412 10
65 988 50
717 284 4
695 669 88
766 496 29
328 844 57
991 107 54
375 543 51
846 480 33
915 105 98
531 911 24
954 658 74
144 677 85
998 390 59
492 964 69
630 911 16
884 84 45
285 695 60
281 466 70
414 52 70
253 678 59
566 729 82
295 122 3
120 978 73
129 877 59
426 148 40
932 689 85
58 501 90
380 389 68
450 148 3
142 78 90
544 855 81
922 880 30
854 910 11
529 232 75
730 789 62
883 374 61
433 746 5
301 989 64
449 239 46
196 765 7
181 59 26
928 889 53
571 419 41
617 190 3
967 441 22
999 666 87
747 920 17
145 8 78
12 256 100
411 447 26
506 119 46
426 995 37
646 792 23
411 328 53
814 908 14
749 801 57
398 614 31
532 904 98
217 440 38
320 545 93
395 537 74
470 88 22
294 966 84
687 352 24
823 638 89
876 612 19
824 691 97
546 566 23
727 88 92
163 625 34
885 692 50
582 419 45
911 260 69
651 471 9
532 62 54
533 813 39
289 834 29
947 346 81
551 688 52
102 540 32
663 729 6
966 516 33
484 751 88
236 652 12
600 154 7
791 832 12
753 463 13
673 511 64
281 304 75
46 495 21
514 14 65
347 122 21
463 862 19
445 540 15
481 894 82
411 306 99
467 519 33
14 989 55
788 276 68
904 687 79
207 401 57
298 194 28
426 641 55
112 603 59
63 864 66
623 1 93
307 279 82
738 704 93
423 498 78
985 932 40
826 783 23
242 704 94
462 987 48
885 668 56
425 373 60
429 136 27
646 478 42
986 932 43
553 553 80
36 498 26
121 486 32
867 471 61
279 692 77
930 866 38
872 889 84
763 116 6
163 274 29
433 23 9
223 395 87
180 916 82
825 833 46
956 394 69
237 790 91
156 912 88
248 51 70
130 844 58
839 689 69
379 184 3
491 702 58
563 202 12
643 535 46
579 624 25
468 467 24
144 683 77
382 514 58
342 989 13
170 335 21
57 182 20
198 613 44
892 340 1
144 164 19
88 191 23
470 241 88
811 316 6
323 640 21
338 79 26
70 785 6
371 365 43
551 661 39
755 205 72
224 854 8
880 620 31
610 571 52
191 922 26
118 614 39
303 782 44
505 163 3
864 55 31
602 385 97
8 364 29
723 90 15
821 820 60
912 492 94
920 839 89
4 267 11
985 606 80
38 798 74
165 503 22
192 483 62
8 420 5
527 185 91
838 599 60
727 243 67
222 988 42
759 436 22
701 114 79
125 60 42
973 49 60
621 723 34
989 969 82
990 412 44
958 263 47
952 966 58
21 811 93
716 980 77
249 696 81
472 389 18
648 410 51
244 923 17
256 152 100
32 91 59
468 727 55
764 527 30
522 160 91
772 968 48
550 230 33
532 547 65
347 62 94
917 919 72
135 23 1
501 680 56
583 113 31
402 173 69
307 734 7
452 327 28
623 51 67
716 929 87
892 876 58
606 591 4
92 950 54
581 602 9
686 880 19
172 595 77
935 192 10
173 230 9
285 618 9
774 416 30
130 823 33
545 228 18
120 683 31
914 886 41
869 163 84
661 447 62
156 594 87
19 696 22
531 520 60
388 396 67
697 331 78
781 685 64
500 687 23
474 227 38
649 930 57
968 85 67
998 338 87
969 709 47
334 45 47
178 997 18
505 734 78
173 679 17
631 730 62
836 203 37
297 402 92
501 905 90
703 891 11
660 738 10
588 768 60
456 27 94
564 222 12
609 584 67
630 870 37
683 153 84
15 820 56
903 971 73
776 646 70
907 527 57
820 486 11
464 740 62
52 485 7
313 378 70
686 837 92
955 454 14
946 951 37
479 190 14
567 555 100
374 701 18
847 483 67
163 957 97
180 465 24
61 605 19
77 367 81
350 643 74
382 373 95
358 201 26
26 315 86
965 720 97
837 759 56
183 811 33
447 869 63
897 779 35
610 343 51
942 380 49
345 978 84
58 740 80
465 226 61
182 765 15
999 289 32
803 695 54
402 194 27
43 58 50
213 630 28
590 335 54
111 814 63
997 542 99
982 245 20
617 952 40
317 996 49
625 568 88
164 828 76
823 832 96
858 834 33
387 203 80
304 724 16
245 185 22
261 145 83
556 560 14
483 657 84
423 916 90
786 535 97
213 290 3
621 929 54
75 200 22
552 462 24
608 630 43
283 110 56
295 431 4
375 114 13
136 973 76
950 15 42
59 893 79
911 637 41
944 684 6
74 267 23
744 411 91
753 610 58
169 489 14
234 5 53
561 170 28
313 936 77
579 690 76
720 18 16
381 993 70
792 603 57
149 197 38
548 364 36
863 348 87
647 860 41
888 413 55
349 63 19
19 838 81
482 809 61
228 854 34
703 4 17
53 114 98
371 801 59
108 868 75
445 948 1
675 59 22
659 21 53
315 890 1
984 190 94
188 284 84
422 611 27
229 305 25
679 116 13
856 514 10
962 366 35
59 80 83
950 67 35
212 717 24
559 260 26
461 51 52
4 999 39
504 141 99
959 276 30
65 858 86
941 243 83
539 714 8
509 122 17
557 413 12
115 722 77
934 667 63
862 145 52
686 158 41
541 326 71
503 613 62
504 17 42
211 456 68
981 522 39
116 645 82
45 209 54
828 893 75
71 596 71
183 863 83
155 156 60
578 67 86
998 290 81
776 435 22
403 305 26
547 464 24
578 968 70
522 1 56
269 39 18
936 257 3
630 379 29
369 890 92
656 153 46
281 321 48
256 842 94
337 82 22
913 86 94
62 616 60
480 98 22
346 573 91
26 927 44
773 262 79
108 869 19
193 884 95
953 74 48
63 872 11
620 487 81
510 503 85
631 683 37
733 41 32
930 809 48
199 396 41
812 666 20
957 825 6
688 280 14
504 416 5
593 977 88
39 825 33
25 203 56
840 258 56
886 525 17
352 249 92
743 313 46
691 299 13
194 152 4
747 326 85
824 840 9
980 324 82
958 170 16
253 527 17
868 631 56
38 590 85
907 365 98
339 904 77
264 916 26
527 426 73
543 383 44
706 800 64
259 781 74
428 351 86
866 142 75
218 175 76
710 656 95
158 358 80
312 809 34
420 445 31
223 341 80
158 434 61
994 169 63
136 677 43
597 689 75
281 404 75
172 571 31
520 16 64
545 744 71
494 912 74
664 537 62
548 794 41
230 686 37
847 216 60
400 689 35
606 469 33
874 50 60
727 687 84
492 194 83
749 516 64
136 170 20
751 757 38
846 447 65
476 45 6
265 429 22
550 230 53
976 876 82
845 586 94
940 568 16
523 141 10
2 462 50
464 43 17
384 404 4
740 454 40
301 470 44
364 883 52
69 876 23
386 538 44
533 919 21
112 573 55
12 363 67
360 869 14
217 990 97
249 179 46
516 768 62
620 84 3
471 61 22
257 452 96
84 499 40
185 366 100
174 866 72
41 824 39
165 443 19
26 962 38
5 820 14
501 356 56
776 781 47
704 409 46
659 711 92
21 548 77
866 170 73
130 842 63
678 657 59
854 842 74
994 536 4
964 25 60
704 480 74
9 61 71
58 55 24
863 580 25
290 340 8
356 212 41
20 233 17
304 840 45
939 959 5
884 269 78
582 372 83
75 798 46
97 150 28
650 646 10
981 848 46
546 63 18
70 446 61
55 85 74
686 24 97
14 957 68
302 874 10
763 706 46
931 87 31
717 450 82
604 236 54
316 392 85
214 927 41
119 712 40
740 910 10
747 953 18
278 203 6
772 649 58
563 106 86
644 260 27
914 475 46
630 812 47
296 120 25
115 570 20
547 924 44
797 843 12
829 862 58
65 193 44
406 192 98
498 667 15
970 189 87
427 738 21
713 756 98
36 230 87
341 446 10
578 532 20
338 329 45
322 642 46
563 229 19
252 66 63
225 570 43
255 144 99
77 81 37
61 821 66
520 856 86
525 548 60
330 86 38
881 119 56
799 732 58
95 816 3
133 532 79
116 506 70
857 511 57
820 969 59
687 303 31
464 366 37
898 893 98
299 309 46
543 862 92
711 972 71
678 916 20
507 962 71
916 523 81
549 993 5
983 622 2
640 745 30
746 702 24
651 56 68
239 200 57
443 7 89
420 884 5
217 664 82
246 649 89
617 820 56
39 859 47
223 504 16
929 894 61
136 477 3
107 573 58
315 902 47
380 894 8
761 667 62
683 743 3
866 734 84
679 664 66
113 835 78
900 311 91
657 390 98
924 4 86
183 495 10
314 212 66
688 879 31
932 472 62
864 191 7
832 147 52
534 619 55
46 480 7
916 538 34
996 682 24
705 111 24
649 198 90
382 210 7
735 684 25
943 338 49
420 850 27
964 891 34
158 758 59
743 127 69
334 474 62
905 571 93
608 316 42
99 788 46
928 907 80
302 906 96
615 552 27
856 234 79
557 819 67
579 417 8
703 856 56
726 878 36
841 56 38
390 557 59
535 628 29
255 958 46
382 93 22
619 431 86
20 763 74
432 738 89
430 709 64
441 924 25
950 396 65
376 228 79
929 64 12
196 384 45
760 388 69
529 126 95
960 435 65
877 46 21
497 523 59
889 851 60
307 648 70
251 845 10
352 972 89
738 997 17
392 497 34
365 573 73
435 203 68
579 837 74
951 145 91
251 349 12
611 615 81
471 60 19
