400
390
157 51 58
94 65 66
211 71 9
209 325 25
267 283 44
268 61 39
222 161 63
347 291 74
351 311 9
191 174 46
169 172 91
290 396 99
159 96 37
63 54 80
129 124 80
41 201 21
154 263 68
135 207 83
144 278 90
290 105 31
324 178 13
340 279 24
352 303 60
35 332 48
53 75 11
158 14 79
69 106 22
67 174 45
268 314 81
120 174 56
348 379 60
40 308 68
277 245 74
272 210 87
54 96 71
156 395 58
367 166 11
388 397 75
162 7 88
191 311 50
397 397 8
286 5 40
256 183 69
315 222 85
125 305 9
0 120 66
121 164 85
174 150 5
202 22 99
233 210 88
140 322 69
38 153 38
279 360 60
192 143 10
127 286 46
251 212 23
305 325 65
69 338 57
377 299 22
274 48 51
114 393 50
315 332 21
6 129 21
382 219 46
105 163 9
100 293 54
242 153 32
240 15 77
314 152 40
15 343 71
61 194 33
233 350 59
201 169 31
398 371 60
89 324 69
138 148 91
68 267 89
388 118 89
16 188 23
12 111 53
373 275 14
318 135 22
301 17 83
205 202 92
53 255 64
109 104 37
297 43 43
368 321 60
255 195 27
323 88 43
121 257 100
31 246 52
312 341 7
335 88 53
161 391 93
125 154 10
159 80 90
278 344 52
158 17 100
62 368 99
250 299 84
88 309 61
280 263 61
40 281 76
350 312 1
4 193 36
4 58 68
66 18 89
301 124 89
275 269 20
330 53 89
396 132 12
270 116 94
89 97 33
5 84 77
216 71 87
152 75 1
289 298 61
383 130 57
22 373 33
29 162 20
328 80 50
103 89 35
389 5 97
181 61 7
300 395 4
171 364 28
103 334 56
350 136 43
375 237 7
245 274 51
84 257 26
153 373 41
154 282 84
369 41 16
195 357 69
137 286 84
214 304 1
190 145 8
311 276 37
79 228 36
105 40 100
126 273 78
367 14 26
93 294 50
326 199 38
231 246 39
85 264 66
228 7 46
191 171 23
233 167 71
72 156 11
108 373 91
308 366 18
132 216 59
107 110 65
354 286 39
237 275 64
344 48 51
150 359 62
343 349 69
154 120 98
42 110 74
48 212 63
192 158 77
255 284 48
347 147 69
157 391 64
386 85 21
277 89 13
275 199 92
287 281 32
330 192 8
163 179 73
361 322 8
330 29 95
367 189 49
62 151 39
5 350 92
132 396 47
154 126 87
111 324 80
148 28 10
273 71 10
76 245 59
324 37 62
163 392 14
53 129 72
92 316 31
45 4 28
134 265 48
258 231 29
17 65 34
171 218 72
27 336 35
389 177 68
262 280 25
16 178 23
80 364 47
15 296 71
148 100 65
277 366 39
141 335 4
91 123 90
11 353 20
326 163 66
205 318 83
295 247 44
357 97 16
35 179 29
162 377 57
375 266 49
148 300 25
245 110 49
281 146 43
129 89 11
101 221 100
333 87 37
15 107 50
197 213 44
135 35 46
98 367 13
267 222 21
337 165 24
156 213 75
285 331 3
162 330 34
142 40 40
293 295 6
212 225 90
227 97 99
58 146 8
126 197 33
237 321 98
13 148 41
213 140 41
227 326 63
168 373 53
103 253 95
265 275 85
59 31 48
103 25 4
50 323 19
150 354 82
14 78 46
269 173 36
175 307 42
150 194 82
165 244 89
50 95 46
202 239 54
213 242 59
182 329 7
375 30 15
75 233 13
352 41 34
232 76 79
213 56 93
16 274 79
352 349 63
243 165 58
390 119 98
56 13 16
171 140 65
243 5 38
154 72 79
75 147 38
390 346 51
394 69 67
14 61 11
315 284 95
73 158 67
156 20 78
72 14 45
87 234 29
215 386 16
146 340 89
187 293 41
309 117 28
41 324 54
119 44 77
268 227 69
376 161 35
380 172 79
21 369 26
311 320 60
288 93 88
140 153 40
297 85 49
165 268 44
351 163 43
98 6 17
340 381 2
346 162 1
138 125 17
311 232 76
134 205 78
368 84 21
134 248 85
154 325 64
3 363 37
118 99 76
135 344 8
234 195 12
81 394 96
174 172 18
117 42 38
249 374 57
16 367 97
346 156 36
272 138 91
269 377 28
5 380 62
374 114 5
113 115 63
200 335 17
141 147 76
113 216 41
101 195 33
214 135 22
207 136 7
151 40 85
47 194 21
143 352 97
58 103 60
169 224 33
180 325 18
100 5 98
85 127 46
382 360 4
330 357 21
6 267 26
378 154 100
47 362 65
362 91 69
272 374 9
324 231 65
295 47 56
30 67 37
185 380 30
81 363 35
265 261 93
86 274 57
226 371 9
326 199 19
224 149 93
175 177 65
310 30 71
191 167 93
237 133 96
361 129 50
313 375 61
348 130 86
116 323 47
82 46 94
390 243 71
176 320 72
38 221 94
205 378 73
186 273 14
343 166 54
201 308 48
185 106 58
111 221 7
28 353 32
170 116 46
311 385 5
354 146 88
288 125 28
137 308 10
360 203 83
109 308 12
3 292 9
209 82 54
39 217 74
186 157 65
359 290 67
355 70 97
174 239 73
49 106 23
89 219 87
387 213 64
280 282 82
111 350 100
281 0 97
168 95 6
389 130 55
260 72 85
359 15 93
127 296 61
