2500
5000
1143 1599 15
923 746 79
2423 961 81
742 1362 12
1513 810 40
1789 354 30
2399 2418 59
1246 577 33
656 332 26
2491 2132 55
2475 954 68
1303 1096 86
1462 891 73
1150 1440 96
2383 285 48
1916 1136 48
1662 999 31
1193 1241 4
2364 1347 50
1291 1424 52
2007 2220 88
1732 1152 5
1207 956 42
295 1472 46
639 2357 97
1133 499 31
332 400 79
1268 1604 1
2124 1742 19
1886 1927 54
284 113 93
2406 997 80
1502 2047 61
1175 21 62
170 886 34
2011 1041 2
1386 2163 69
528 776 77
1068 424 4
2063 1411 63
2486 304 54
2177 2470 17
2431 2447 79
2085 1686 46
46 2213 9
2395 1396 83
767 2376 39
2332 1555 66
282 1650 23
371 1006 33
2350 69 35
1405 1206 41
1425 2179 56
1493 1144 77
1140 1496 96
2261 1779 34
400 1180 64
936 83 11
570 0 15
2015 2268 90
982 1031 94
2473 376 35
1647 2423 24
1088 2375 42
173 2262 9
462 1621 79
896 2387 21
2246 2254 89
1505 401 51
945 1167 49
512 1843 46
1471 610 60
716 1542 56
277 1161 37
1322 1319 74
1629 1652 82
461 379 8
2305 1712 83
1059 1079 56
937 1621 95
2409 1912 61
142 422 41
447 2030 34
1178 2138 29
2417 1449 26
399 1513 68
1382 2291 70
1298 558 32
698 2106 99
1152 1874 62
825 1541 15
2018 1886 76
829 289 1
1029 1657 5
2340 1935 77
936 1553 58
701 2493 75
1975 1019 3
2186 2061 82
1718 1283 80
1381 1641 34
1330 1082 38
2290 2340 52
1165 148 5
1193 2154 3
612 1574 78
2032 1715 50
1169 2454 43
2351 2025 50
212 747 6
1310 1715 5
1683 2346 44
2076 969 17
2377 350 60
535 1809 22
1538 246 68
1283 1490 47
609 266 2
158 827 44
894 2250 100
1594 982 84
2183 2396 71
869 1886 77
1868 56 92
616 208 84
1717 2009 1
917 1558 82
879 2187 79
1360 1040 52
2456 2183 3
1881 1081 100
1206 2219 1
1878 1554 93
486 1333 91
158 660 45
779 742 86
1155 340 18
546 924 20
254 167 64
42 2248 71
2470 2195 76
537 2209 97
1336 1176 27
20 417 18
22 2204 69
1707 2027 41
2406 1294 29
729 1431 57
39 35 81
222 1731 29
1296 858 75
165 97 9
509 2298 7
438 2019 33
258 1653 79
1577 2146 52
1190 1957 64
639 2105 84
95 175 55
904 1489 58
438 2298 19
932 1636 79
13 2330 3
1528 1867 26
914 177 63
1172 1092 72
1651 1107 88
342 1600 48
1277 1548 34
328 1791 50
2078 1404 11
1323 1738 38
1492 1628 14
2236 1803 26
2307 1210 49
1064 2188 95
1443 273 84
2127 1029 11
1449 2355 61
2272 939 2
386 1809 37
1284 1975 60
1488 139 41
1614 892 28
1765 1537 21
1476 359 59
2347 2268 76
1851 463 84
1874 919 4
890 796 18
1174 241 32
1605 1425 34
910 1019 38
2045 255 70
47 548 59
2194 2203 24
1501 1764 52
1968 299 58
128 1417 66
1043 745 97
1380 194 77
1852 1600 98
2452 218 72
191 24 11
979 435 12
1866 1236 60
2122 1866 23
509 2314 24
2085 1600 15
1238 289 76
522 1799 82
299 2469 62
1329 1954 98
2136 1236 34
1916 351 29
791 1734 86
2014 1825 95
1847 442 32
428 1199 94
2291 727 72
1057 230 19
620 1213 60
199 1837 65
1492 1410 34
642 237 85
1347 2424 26
1072 643 86
2301 2029 83
1491 478 28
1172 2159 25
2447 1991 55
106 945 70
289 1076 10
1918 124 91
1797 180 56
1474 1920 17
49 614 19
1186 1101 36
1495 1652 53
570 616 52
996 613 40
1266 79 64
2206 390 84
2349 2096 6
656 1220 4
125 1518 12
346 2378 18
1195 2074 87
2059 1218 65
1943 1871 30
1208 806 79
726 2304 20
1235 1904 43
177 1908 90
1218 1950 70
225 1022 40
1399 1596 7
2217 1615 92
346 1869 49
1209 173 26
1761 2464 79
1201 1135 27
264 2254 89
361 422 11
2411 1062 3
310 1025 81
778 2402 37
958 292 77
62 795 82
1188 757 7
327 2274 92
899 138 46
1830 716 17
2164 288 55
1999 875 11
180 1471 20
1144 1859 45
1484 1911 29
638 382 31
1945 1492 96
1737 1345 23
1307 1960 26
1387 1367 36
1665 341 75
941 2091 49
1240 713 11
527 1463 49
270 2217 91
1597 311 39
2084 1201 6
2280 681 25
350 137 75
1654 1954 96
2100 1124 41
2156 1752 16
265 47 93
674 1761 35
1486 1308 45
175 2430 43
182 71 57
1281 1016 86
373 114 20
649 115 78
329 2177 41
1886 1787 98
865 199 91
1755 2150 45
94 1615 76
936 2048 20
438 1556 42
606 2005 30
415 857 74
1669 935 91
1436 953 43
508 1580 38
1232 10 60
1188 2307 48
835 2032 80
546 213 55
601 2406 12
777 34 77
936 1120 32
1163 1432 86
359 1687 61
1818 2425 89
2456 1704 43
1539 1826 62
2456 1218 69
1519 214 14
1301 1183 11
1032 2422 85
1578 1474 99
1397 791 86
1208 1154 100
105 1934 42
2435 1570 72
2498 1185 23
777 202 88
81 1261 80
1775 1193 86
1266 422 59
1746 1975 88
990 600 61
1453 2230 10
656 513 16
1593 2327 75
1427 1304 72
1111 1108 37
1911 1467 18
2369 861 97
1840 438 94
1913 916 68
680 821 15
851 1331 15
1632 2495 49
133 1254 53
579 1376 24
112 587 81
424 2359 32
1780 879 46
335 485 42
998 1102 98
2329 1013 61
725 1920 36
1799 1474 63
1854 681 7
943 1663 68
2059 423 17
1184 1391 29
534 1815 66
764 49 6
1357 1376 38
1243 2101 99
2289 2352 7
1983 1790 98
30 343 8
767 646 75
1300 722 93
868 644 92
2402 1865 86
83 30 41
719 570 85
222 6 99
2331 694 17
314 185 3
213 180 71
169 337 68
74 2402 97
1242 1458 27
1168 1162 63
289 585 100
1306 1395 58
2366 1146 73
125 1782 66
1870 353 62
2288 2026 81
2196 2248 27
1773 393 38
2408 959 16
508 2459 44
2115 281 69
5 1271 35
1270 1501 66
2041 603 46
14 2014 97
596 1025 99
1539 1223 68
2090 1031 3
2353 896 82
2349 241 42
1580 2201 75
111 1402 43
1876 541 79
1993 1908 28
650 313 1
1177 226 29
1295 1120 83
1044 29 75
809 1351 28
2413 1586 56
1531 1523 85
515 668 82
1628 932 35
2066 877 57
1053 1524 50
1226 803 6
855 1693 4
1637 43 91
178 2088 59
861 1420 5
1416 163 62
184 876 93
721 2062 74
353 1585 50
1264 835 96
1845 2311 76
1645 2029 43
2473 626 37
1227 1595 58
2126 436 23
1424 2286 79
2369 818 75
574 517 49
2426 75 90
1786 1075 32
2112 216 92
1972 497 70
1331 83 8
745 851 49
2027 655 71
61 189 12
2182 613 34
1098 1046 98
2469 1263 33
460 266 81
859 145 56
2118 864 63
1383 2157 77
2478 775 94
1557 2026 17
2131 695 46
404 357 13
1066 1211 95
1951 998 23
198 24 27
1870 1316 80
1107 1533 95
2477 1770 100
1085 2015 57
370 2363 57
656 772 62
921 1176 63
1156 995 31
1169 1269 30
2458 1110 56
485 762 43
1248 2121 7
922 2372 23
1651 794 39
363 1113 77
1881 1871 93
230 1913 58
280 2340 24
2072 1431 78
902 2202 72
1942 1182 79
2179 2152 2
217 1894 13
1326 431 54
1823 7 55
1789 501 18
399 521 41
723 2344 73
1196 1598 27
585 1611 83
1725 1679 35
107 1050 7
800 1073 3
1562 2256 28
2491 764 22
2226 871 39
797 805 74
2122 652 94
1489 201 38
165 1255 82
1321 2485 55
1889 125 59
467 2445 82
1889 2393 99
182 1184 5
1719 565 52
1247 2202 22
1044 350 68
1779 2213 4
1438 419 2
80 1707 63
1927 970 56
1540 2498 32
1218 1273 29
2435 235 43
1497 2459 51
492 1829 79
1819 890 18
2294 1621 43
428 2476 61
1414 1960 43
867 552 67
1750 2489 95
645 1466 35
2263 900 72
1973 1729 86
952 1153 40
4 1536 51
661 2248 51
1295 1520 98
1200 679 25
2107 2429 81
1326 1553 23
2323 870 78
1523 2283 20
16 509 65
1442 611 49
660 1962 91
483 920 20
1528 2071 80
2370 159 12
1588 1458 35
2038 2088 30
891 2492 10
999 214 76
1644 2379 96
2181 1337 97
431 39 87
1781 462 70
1252 892 43
934 553 43
629 655 62
1466 1451 44
1091 1248 58
1208 1962 95
966 147 19
1017 1920 60
654 2382 92
502 1268 45
1867 1500 82
546 570 7
1731 1651 56
835 1081 53
2342 2373 56
856 1558 35
2003 1548 94
1351 899 92
1730 2386 5
977 1812 67
1056 2422 7
244 1538 10
2039 1936 57
2447 102 91
1928 624 88
2422 1322 23
147 306 24
306 366 95
1331 75 19
1076 2121 15
217 902 55
412 972 29
1660 1647 52
65 1722 45
331 1086 43
2029 2125 49
46 458 31
1460 1041 88
2113 925 28
2399 429 37
2129 313 77
1402 1724 21
435 1108 55
1235 1336 91
1547 1115 26
1620 1366 49
2113 2265 1
176 235 12
2184 2430 40
1604 1036 56
1733 470 83
303 910 64
1584 1307 1
1475 1345 12
35 34 86
722 2071 44
605 507 42
1683 71 98
67 1160 25
1521 2252 82
1097 1620 96
2429 1101 93
22 898 4
1569 1847 64
1023 255 89
2088 2292 4
1998 5 80
1841 2049 18
1022 467 97
1664 1825 71
390 2084 12
1903 2387 51
1129 2182 97
1506 1108 74
932 1606 37
363 2172 68
1204 1162 100
1947 763 28
575 398 70
1366 2192 2
757 232 79
2237 2172 73
486 633 48
1950 601 33
2452 275 60
2224 846 41
49 2222 77
2086 1499 37
141 1634 70
1472 1892 42
72 1712 15
271 2361 79
1371 1557 8
115 299 5
2467 1781 28
1910 2357 63
1161 1081 4
1601 647 6
2015 715 12
763 508 52
452 1144 74
152 2146 73
65 1494 12
1257 715 94
1303 416 91
1970 961 88
1063 1970 22
943 73 91
1402 1333 36
813 1379 61
1442 1632 61
129 926 74
2434 1266 10
816 493 63
2207 1368 5
244 2084 68
2446 1543 38
998 1869 90
698 813 81
751 94 13
1401 1570 98
0 817 46
2342 1202 74
189 774 31
724 1145 23
1625 116 8
2406 1490 5
2064 0 73
309 2249 52
543 1409 81
2042 513 67
398 344 69
1976 2082 15
2492 1361 94
2334 874 48
1684 1804 60
1695 885 35
2135 2080 100
1758 1557 61
2179 568 80
2472 1200 7
2192 393 48
837 1932 11
256 2094 36
1845 526 37
1790 1258 47
2479 617 20
2303 2042 54
1773 1525 35
605 223 27
1775 975 56
1209 740 84
2079 256 52
1406 1958 70
1450 1690 100
1360 562 41
1597 159 65
1596 795 8
1477 2061 65
193 2124 64
1736 1887 58
1018 1910 60
616 129 83
274 1006 59
22 558 93
2171 362 90
1835 2308 49
1262 564 60
1643 1361 62
302 1601 42
1227 799 30
877 585 94
647 782 23
1163 1345 37
592 768 10
2185 1438 44
1973 751 5
194 990 26
2009 1174 35
424 466 65
1888 5 100
139 1607 23
692 534 27
2439 272 94
1530 2003 87
1311 1437 69
504 1620 12
899 2139 22
1745 895 50
1894 2371 41
376 744 78
2369 1241 66
2010 1765 18
2349 1602 12
331 1713 23
1059 106 4
2435 447 93
1058 1798 62
309 1486 63
2394 1881 38
499 731 86
277 844 78
534 1391 5
543 387 51
635 1839 44
2311 295 55
1585 1394 5
525 1298 61
848 711 6
1318 715 89
506 947 16
1766 1144 66
830 44 21
1166 11 81
499 1771 90
836 301 24
1528 1384 86
644 757 18
489 1009 14
912 415 45
204 2143 70
19 2220 51
308 366 55
1363 819 25
236 2089 7
1711 1679 100
1340 2159 80
1370 254 86
2094 1717 57
517 200 7
1702 976 64
1176 2100 79
1772 687 32
1253 376 80
1398 2452 25
1303 403 13
2114 816 43
992 334 69
1484 1896 83
2076 1336 76
1419 865 73
1787 2027 95
1080 2113 36
496 1542 14
2279 1024 9
1634 2229 60
464 1717 64
996 2492 45
826 2139 89
1808 1474 31
1110 1794 63
56 1744 75
1001 519 88
1021 1999 45
793 1997 94
1521 834 17
615 1505 1
181 165 45
102 2331 54
1517 2279 54
1400 2036 43
2309 308 9
385 371 9
951 6 33
801 131 39
718 1591 27
1354 321 36
93 1783 64
377 2326 46
1659 646 44
1961 1585 17
11 2474 68
1845 2031 93
1591 1844 6
2062 486 79
573 2413 31
716 712 90
278 2467 16
2007 2288 41
1053 1523 25
1574 1349 84
1688 1466 98
2207 2242 53
866 2093 73
1587 1555 61
630 961 92
102 212 76
1893 890 44
301 1996 64
1693 1628 51
1660 2129 42
546 1661 39
1531 186 100
1841 1050 63
2458 1898 38
573 1031 19
152 766 33
1252 416 42
1096 1120 42
41 2267 63
542 2162 32
2389 1999 51
1640 168 41
2142 1923 54
1764 842 89
1919 2383 5
322 536 92
1838 2391 53
749 867 19
2451 940 20
2006 1487 5
1907 234 62
2348 10 74
593 2021 14
808 564 55
80 882 82
2141 2022 31
1618 783 75
1018 361 45
1949 846 98
2315 902 14
1473 1666 25
854 169 8
2130 1329 82
594 1188 39
2380 1850 5
263 61 30
1534 96 15
665 1159 85
2077 1893 93
1311 540 27
2293 2426 78
1308 1579 55
1383 1123 73
2011 788 57
516 104 54
1405 1738 94
1939 1839 67
2087 620 6
138 898 16
1982 1561 97
2333 705 61
55 592 32
2085 1311 96
916 2450 43
2362 1619 11
276 2445 30
11 1399 80
2202 981 25
518 105 21
775 2234 27
1919 2170 41
1776 1023 29
370 198 21
108 2186 11
1912 1645 59
2174 1606 21
2152 447 11
290 1707 52
325 962 48
896 1602 22
266 1963 76
515 238 92
1132 229 6
1971 1900 99
1327 549 75
756 1872 47
1315 2320 62
1452 2105 13
2105 1027 24
1024 1045 8
750 815 93
2380 887 58
2273 1198 56
923 1131 73
1984 1181 97
70 2341 88
1823 1401 48
1454 2218 90
1467 885 14
2279 892 100
1909 2317 98
1114 1705 16
69 1652 7
2165 1974 60
1818 1992 14
2093 2341 62
838 2141 50
1869 1497 87
2048 34 2
605 1705 12
1599 160 33
103 294 96
927 1074 50
827 2122 54
56 2373 16
597 1326 29
2385 2031 57
1027 206 98
504 786 88
1403 2244 17
1073 964 1
554 1751 66
1173 1425 3
911 876 17
1952 732 51
352 1913 16
1224 24 88
935 1233 36
924 1895 55
1221 574 81
2067 1429 60
5 92 67
2369 1845 21
1546 1265 46
278 693 6
162 2321 58
593 1934 24
2130 782 68
1162 389 57
161 1704 46
2210 1929 100
2374 595 39
1554 1101 17
139 1514 95
2460 155 20
1450 2300 11
1109 2458 78
544 798 60
916 488 32
845 1205 4
1866 145 96
617 2098 12
1698 1089 79
344 177 69
1746 208 51
2165 1742 78
296 280 27
2350 1838 54
1936 2385 90
412 722 78
102 1321 16
291 2395 84
1072 89 17
1014 2139 9
458 2290 88
36 2229 25
1340 726 64
144 1228 7
20 2237 71
884 1522 62
2382 229 37
244 273 58
791 1797 96
1426 167 47
949 665 4
312 273 21
2109 303 93
742 524 40
1199 2231 51
1181 864 77
1937 2390 27
2162 17 60
2393 1400 78
2296 332 82
1500 769 47
1974 27 41
1855 807 20
67 1499 57
593 1917 75
1673 2452 49
1211 761 92
1936 1155 57
776 2287 24
2201 500 90
1309 795 58
2336 2214 98
1726 1811 45
164 1622 9
2063 2046 89
565 2007 87
1489 467 86
505 289 43
1573 471 51
336 128 6
1921 2406 96
1230 732 37
1083 2206 20
1888 1662 14
1434 270 88
393 1983 79
371 1890 3
1224 1521 27
945 1098 97
1688 2219 52
1676 1043 90
356 1276 16
1225 222 25
2492 1091 88
1189 577 20
1277 2003 64
2094 833 54
955 415 56
2456 945 58
2137 740 9
198 1603 43
672 558 55
218 940 97
491 142 80
1663 1074 15
1779 2423 23
1611 622 54
149 978 100
2155 1672 41
245 1883 22
1545 497 18
1298 797 63
692 2230 36
343 1582 12
2312 2436 64
1723 1215 23
2471 1988 30
1794 1629 50
673 700 78
517 1771 3
1076 2438 17
1221 2127 87
470 1846 33
382 429 18
1925 2120 82
1510 193 84
1781 1392 7
286 939 83
1563 2071 86
2433 2369 63
1709 2468 81
38 1099 89
139 817 3
434 1835 61
1237 262 18
182 1257 18
238 1399 79
1861 1850 18
1199 1769 11
271 2189 35
2384 1667 77
1644 510 20
1156 83 49
2393 1596 29
1834 1138 2
2332 588 62
1336 2433 5
654 217 92
610 2392 35
1151 538 55
369 955 87
1044 1091 15
589 853 20
901 685 63
421 1867 91
1336 2248 21
830 391 35
1717 2244 16
2148 813 95
1838 1433 77
627 488 47
121 1533 10
2300 744 41
1255 1849 32
835 451 6
444 1121 53
483 1782 4
1506 1412 94
2015 2344 92
1253 190 46
1938 512 28
669 425 98
350 1367 93
520 2212 80
271 759 35
1163 928 95
473 1221 12
363 1486 48
2369 407 92
586 1785 9
1498 644 98
1771 2431 15
1492 2443 86
77 1274 31
68 1699 14
2303 1403 45
833 1334 29
1066 106 13
608 2259 69
690 337 11
2071 155 45
2404 993 90
1773 2121 24
379 2409 32
1937 1020 13
1495 593 30
2324 2313 72
2289 1662 68
141 2320 12
649 930 25
747 2351 88
1734 1505 100
258 1217 61
707 1784 37
910 220 33
1357 672 13
283 14 76
1708 2141 17
1162 308 78
1498 964 23
2069 1918 47
987 2182 15
853 780 98
423 2450 2
2126 2013 46
1759 1080 7
1158 2159 2
394 2374 58
2191 1626 76
390 985 100
642 651 95
85 69 29
1603 2149 10
574 966 8
875 1911 59
2095 2204 43
1067 1939 93
1581 2190 29
153 612 9
973 1148 87
417 1945 37
1671 1270 77
1462 958 43
232 1632 75
1040 1435 8
189 373 10
1481 1538 91
178 1509 72
1516 586 96
2263 57 54
1861 2126 46
2086 1864 60
1450 2043 21
1895 2235 24
199 1920 22
752 2321 43
35 2206 39
477 1276 25
789 2318 88
1072 1885 2
925 1615 24
1244 712 12
466 97 31
2282 1408 41
505 2496 35
2390 2071 42
977 1985 15
367 2289 22
236 1087 42
598 1342 60
1174 56 33
2179 2351 66
971 1625 27
2074 1290 44
2241 687 28
497 1924 66
804 195 17
2417 1025 92
1659 871 25
650 723 13
1994 1371 40
222 154 33
285 2395 59
1345 1859 2
1986 918 30
742 2158 32
1110 2208 87
791 1311 33
1468 1003 8
1926 599 7
1943 174 49
1207 133 8
768 1588 86
716 1762 75
1495 999 37
746 2346 94
851 798 54
1894 376 61
924 66 7
1624 1749 44
1761 1803 47
1379 886 32
843 1274 53
549 1939 19
133 1974 6
345 276 28
1179 937 50
467 2166 66
2109 1618 57
902 2495 3
1607 423 88
199 1111 74
1235 136 99
1649 1328 35
1451 1581 9
2343 1986 78
2115 2348 2
2226 301 73
1237 2314 62
112 1680 61
637 1768 10
1509 2178 37
1522 928 66
2478 42 87
236 1741 4
679 2081 34
808 2036 92
1629 2484 95
1551 1387 100
1163 2133 73
1812 1481 36
1167 2398 70
974 2142 95
652 320 97
281 1805 39
1409 1058 83
1275 208 61
2019 2130 100
697 2350 31
1933 2415 56
1581 2005 34
963 130 2
2031 274 32
1887 981 5
773 976 91
246 591 42
979 37 36
2132 447 28
51 805 82
428 1325 52
1727 496 17
1859 1170 50
179 1479 30
620 459 36
2428 135 35
1596 1875 30
852 1295 53
334 457 41
1231 2002 92
645 1513 7
102 1297 25
2180 1347 99
2138 1637 18
648 411 57
2060 1788 97
2120 1711 59
1915 1121 79
1150 376 71
1887 800 10
1859 1530 45
819 510 53
324 2352 73
2028 957 70
698 2340 92
1349 1934 39
1478 1059 63
1619 2299 12
1594 951 35
2393 1059 89
1886 816 42
2150 1749 28
2181 481 45
2191 1349 12
435 775 90
1870 747 50
486 1893 77
2187 846 74
820 829 55
886 586 10
2366 2272 33
2198 496 44
1747 463 2
2246 1039 66
456 585 93
565 1977 59
1623 786 32
2068 2151 49
1158 1011 50
1387 135 36
2278 2191 81
678 509 83
191 2191 48
2132 2047 95
247 1543 2
2426 46 9
387 1636 59
1917 1785 66
2377 112 74
2229 212 28
1524 140 15
1349 1191 61
1527 1851 60
440 1643 38
425 2225 39
90 1197 25
1382 1875 9
1393 1783 52
1661 1280 25
4 887 75
1029 300 95
1760 1930 22
1073 1078 83
1503 821 43
347 2143 13
1882 512 33
69 2088 46
2340 1425 47
993 43 11
2180 2065 49
1457 303 34
1578 2159 78
615 1177 8
760 565 45
721 1467 21
2015 166 18
943 1874 30
1934 1073 57
1222 1295 96
1665 1022 38
166 589 68
2196 853 90
908 401 65
2311 825 69
1723 2165 20
544 1702 93
1079 2241 18
1327 508 57
2330 742 20
1391 88 87
115 1720 5
2144 1702 71
1853 536 11
1082 291 95
2450 1594 63
1553 720 32
72 428 14
515 1728 9
247 2021 77
971 1180 19
1115 2136 7
542 1449 20
973 1655 11
1681 1855 92
268 511 79
830 808 92
344 348 27
1099 1430 21
717 404 36
1629 465 35
2249 2323 26
1676 1244 11
877 2463 42
546 1479 75
2048 1711 71
958 218 93
1502 2047 68
1957 1068 15
241 74 47
1213 740 8
375 1520 57
977 6 85
2001 1396 7
1009 795 14
834 1793 67
645 715 39
1103 1884 98
782 553 69
384 25 17
719 2290 34
170 1176 15
2022 2 35
2080 747 73
1348 2152 46
255 2256 21
613 487 31
921 167 41
1386 1346 72
1456 858 98
1900 1698 97
239 834 84
948 2411 59
2075 1383 54
529 630 92
2344 463 67
603 858 17
1361 216 94
599 829 21
1734 1328 41
1477 804 23
1887 2204 46
2321 1578 44
1841 2064 96
745 1002 68
1110 1489 82
2488 2105 38
193 1476 94
19 287 86
1378 257 76
1630 935 63
2414 1581 80
769 194 35
1405 2 79
1771 2240 19
1209 873 68
1660 1170 90
1558 818 66
2137 1755 58
41 208 9
2022 720 27
2177 1688 96
362 447 74
0 2399 67
2048 1205 50
369 911 88
1939 69 5
150 1390 65
580 1699 82
1053 455 65
1494 1624 58
227 1470 45
165 1432 84
321 12 33
1516 679 51
1143 1045 52
2057 706 64
942 1433 27
237 1016 17
2199 1076 36
1880 418 82
1136 247 45
665 2042 23
1264 1166 7
617 2219 49
709 1984 11
118 191 31
1554 2304 98
1221 144 65
978 437 47
1473 2405 67
1177 766 88
96 2386 9
1841 80 66
2084 2 42
1547 197 78
999 1556 78
92 1539 97
26 7 18
148 1864 11
621 434 58
1188 210 30
2137 1065 41
2395 2407 2
1703 2481 7
113 2499 11
1994 2334 90
1299 1928 54
1090 1693 72
1488 1948 11
1774 1575 89
919 659 74
2373 999 19
1191 937 92
621 2318 39
802 1507 29
2233 1426 100
1874 364 13
1960 785 23
123 2269 93
2298 663 70
1915 341 9
1882 638 77
2148 229 80
1660 172 22
2045 2201 5
2293 764 51
878 1333 2
2278 2283 58
1248 655 64
864 2064 2
1385 1511 96
422 449 80
1264 1081 7
261 1555 91
143 1949 11
1081 1032 42
396 770 72
2162 2013 69
829 784 86
2465 2437 69
1185 1854 60
526 1439 49
2362 2206 24
2188 1488 71
2074 2149 60
616 1828 77
1672 1690 76
1816 1490 18
1002 1906 30
2158 1606 55
1925 1574 94
2269 1787 13
593 40 69
1630 697 23
686 1426 30
923 2067 89
908 1103 77
740 846 46
605 91 19
1515 603 26
1630 1262 63
1518 824 52
1207 588 46
1820 1330 51
145 721 62
1715 985 10
2002 285 65
2236 2331 7
351 1453 65
1836 1621 59
1680 1584 44
1347 2428 66
750 1615 16
2097 1791 4
1943 2165 45
827 820 13
25 2489 35
523 152 52
2077 226 6
1239 2215 54
165 484 54
1506 1638 22
891 16 13
464 165 49
528 1297 35
531 699 68
2190 1266 1
5 1840 18
4 264 94
2012 589 6
2250 11 79
780 2186 32
2182 1605 68
1670 1513 34
1365 27 44
2372 122 80
962 533 32
1126 1755 21
104 1153 38
1022 2409 66
308 1439 5
2420 84 14
285 2261 64
247 1684 2
379 2417 38
1804 753 91
1960 481 68
493 1358 92
2364 1914 7
287 483 26
900 1068 53
1475 401 14
2354 2134 86
2137 1547 14
1086 655 96
981 1507 73
1672 2354 45
1156 780 38
1622 794 9
38 2280 94
1249 570 89
570 679 90
2264 1967 81
1091 656 34
573 117 31
1679 317 76
1572 1150 81
746 544 24
1717 894 45
711 682 12
1480 1428 81
2196 61 21
1509 751 10
1818 1994 16
256 407 2
348 347 34
237 253 85
2080 1670 84
817 1700 40
866 1524 27
1701 1775 39
185 1459 67
1185 786 53
34 1101 28
2309 657 46
1252 1263 79
1749 781 48
2406 633 63
138 1212 40
659 1486 29
2090 1412 47
991 1590 53
678 1297 41
334 2215 13
2 2299 10
1928 2112 80
356 1383 45
681 1647 86
1733 2196 41
1532 1336 34
1197 954 64
643 2313 27
1867 423 98
1725 763 42
2495 51 23
1737 349 86
1373 2499 1
2051 64 72
79 1803 20
1185 2363 94
1257 951 83
940 1617 40
1479 1962 42
1172 102 15
2125 1218 95
416 1054 28
303 910 51
2085 2046 76
421 1493 10
1180 2301 39
782 2355 71
1243 1036 30
2063 1528 19
1778 97 55
2317 32 60
2246 221 8
2416 1580 57
368 941 90
2170 847 14
1672 898 26
589 2489 37
2011 924 4
1002 746 33
736 1400 73
2292 417 45
1436 1445 91
963 941 16
409 1758 42
1445 1896 82
1793 1944 28
1761 1011 96
1598 136 99
22 1426 98
1935 1395 42
1872 1466 80
1922 1990 91
874 2024 22
991 778 43
332 1428 37
1368 2421 18
1622 1944 25
1625 1188 19
752 271 11
42 1047 58
1291 1121 54
1208 1763 82
1768 1661 19
1254 547 15
956 975 52
513 2018 98
686 1670 38
247 943 100
2480 341 22
1747 278 81
889 9 18
2067 686 84
340 720 13
524 1563 64
212 188 81
954 303 41
1541 1023 38
1656 1434 67
2454 2112 28
169 215 78
342 84 24
324 731 2
1540 337 99
1834 856 20
1060 609 86
515 1323 82
2150 298 96
2299 2016 40
1568 786 36
2071 1191 77
1702 734 30
1332 1036 82
1188 634 61
2497 969 85
1710 39 60
1926 1295 1
1801 349 40
2073 755 15
2338 2148 80
1951 687 95
2283 516 79
2358 736 12
757 165 64
47 2012 40
2442 1078 68
2289 55 100
983 772 55
1770 1475 72
580 1673 98
1905 164 92
2166 2277 34
496 903 7
652 2313 94
2189 2177 75
1084 2401 7
800 397 51
2342 2394 1
1397 2044 22
279 2165 40
1604 1731 3
2498 151 6
96 885 33
449 2042 34
1818 1001 27
605 2252 71
1326 1462 45
1390 1473 49
1268 2166 15
18 902 87
1715 46 37
1940 1504 100
1109 348 100
1388 1620 3
2029 1055 92
2075 887 70
981 571 6
160 1421 43
1507 1514 5
680 1713 78
467 2468 27
1433 572 5
974 71 5
159 805 34
259 776 78
1714 416 63
1362 2043 71
635 1598 7
637 71 96
474 1274 72
212 211 96
1770 2277 28
665 1510 89
1201 191 17
46 2469 94
1934 222 61
478 847 86
2178 930 29
1231 788 9
1734 709 8
2192 1122 4
2186 2152 33
286 626 87
111 1693 100
2047 318 1
514 621 50
485 457 37
1245 773 6
116 854 14
572 1362 67
1986 666 34
1925 1107 36
35 2144 50
2336 1297 71
2405 2194 35
436 1170 85
1700 2493 34
825 2172 17
663 2396 28
843 947 18
2434 1683 86
697 566 10
661 2031 21
77 37 71
2160 1345 70
769 1672 35
174 2471 80
1833 2404 29
1761 987 69
456 1234 64
2416 1660 82
816 2052 80
514 558 52
2408 750 27
1839 786 30
1390 1609 84
1087 989 71
2201 2491 12
1516 650 52
1119 1853 61
2212 902 53
2463 307 13
1515 1184 28
362 2366 99
1190 1146 85
1503 2307 55
1735 1431 86
594 1795 1
537 2263 81
467 1566 39
1042 493 98
1198 1640 63
1634 1391 21
193 2483 34
2038 847 47
1401 546 99
134 1072 55
1023 2462 39
817 1231 93
1688 621 66
1940 720 91
2450 321 31
260 340 81
1738 1338 9
262 1635 8
62 1397 87
1982 2286 28
1651 1532 100
33 1988 85
2229 2259 32
1363 2117 81
658 472 9
525 1046 27
1046 1709 35
520 2447 65
1954 1100 27
1374 2061 62
440 1606 48
1614 680 25
1094 1318 33
1374 1550 34
1259 1581 67
1602 1711 2
1214 206 71
261 2343 74
1514 968 62
721 1238 96
331 2059 18
1395 1808 50
1365 705 2
801 1800 68
1107 1304 25
1138 75 1
1265 1502 69
738 1124 6
139 280 22
23 2414 77
1856 2430 96
990 1104 85
1745 2293 92
1707 1496 56
2014 126 95
2064 613 96
1238 592 50
650 477 59
1808 1786 32
2313 1636 75
1465 1967 89
65 787 94
591 1595 73
1206 180 35
212 2437 38
724 384 1
2018 792 27
194 1672 7
1552 766 50
1296 234 11
931 1129 67
1969 1257 68
1116 495 19
1008 1393 46
473 1721 90
1153 1086 33
89 634 4
1517 502 94
2061 92 23
1171 302 20
626 183 58
646 1732 13
457 1513 7
292 1845 87
1121 992 17
1293 1606 91
2053 229 18
248 2097 12
725 830 62
985 451 27
1160 1440 72
828 1141 96
1998 2183 28
1931 1080 96
1064 95 48
724 917 96
1254 392 61
616 620 83
1526 2114 33
156 2158 98
769 553 86
1522 355 2
1750 454 45
14 459 16
587 2122 72
311 724 51
2460 777 37
2341 1378 71
627 637 72
1938 351 91
51 2152 28
2103 2401 68
89 751 96
1427 2453 37
2155 1780 99
13 1440 22
1484 896 76
121 1611 8
345 580 36
1809 2385 45
22 1860 52
2001 1439 24
972 973 42
487 1121 2
154 36 67
103 158 98
2299 421 12
706 1063 69
1802 168 23
1095 509 51
1081 1053 70
27 1021 77
1861 2133 71
632 1541 92
841 2118 76
1801 587 47
1180 1531 96
345 49 99
146 204 24
1022 766 59
402 2311 100
1895 1603 98
510 1061 10
2260 2480 36
63 621 15
1763 1199 85
165 1436 4
1848 1371 36
611 597 77
2199 1859 88
790 1042 72
1949 458 75
325 1993 42
408 779 65
1677 2403 93
157 1723 67
2019 2275 24
1019 2192 42
1252 1865 26
1636 409 92
1291 204 59
1498 2355 98
73 2042 27
101 636 85
1780 130 70
2439 2062 12
1509 2032 13
306 1653 53
2137 1149 42
2174 2083 69
2464 2222 1
2167 1105 58
263 346 44
2424 735 8
855 1908 100
2290 1205 85
214 1219 39
468 570 56
2428 547 8
1577 346 24
1125 1915 39
472 1594 21
950 1780 90
1798 872 21
1803 1074 71
559 653 68
288 1242 84
948 752 22
605 1007 71
77 162 46
664 555 5
208 2397 32
986 1326 37
217 2178 1
2363 2195 40
1702 1965 35
1520 1416 44
1896 453 44
1232 2403 89
482 1315 72
1878 2206 85
1671 1198 37
1761 71 19
608 281 6
778 1021 63
546 1344 47
1427 2018 17
1263 1650 32
93 1073 29
1712 1010 39
2079 1630 53
1980 633 34
2390 504 93
449 159 16
1423 1783 9
1290 2411 74
2298 420 67
1520 332 2
1294 1390 53
799 364 16
115 1596 17
432 275 13
2362 1312 24
1636 106 35
850 134 25
1452 950 90
966 548 73
1446 1556 64
753 1334 96
740 934 68
60 1987 22
63 2249 69
925 410 45
667 618 83
1592 42 35
1109 2365 2
420 1082 29
1956 418 87
248 2161 65
1202 95 49
1581 839 15
1152 2410 78
28 2298 93
1650 121 86
252 558 99
358 435 22
2296 959 12
1114 589 98
1645 1836 14
881 956 54
1786 1051 74
1250 421 12
1314 768 1
1001 1913 74
1966 1882 55
2443 1506 78
871 1759 10
1620 2292 12
70 866 44
917 82 39
2164 2163 18
2410 1933 33
1398 1227 5
1236 1106 32
2193 2307 96
558 1832 58
1816 384 8
2328 157 53
1842 255 100
1670 1555 16
1185 2354 13
399 1217 32
1956 515 100
1773 627 17
2212 56 25
1698 1566 64
1059 159 11
2406 766 44
710 619 20
279 161 10
1633 2104 24
532 1400 17
469 1604 54
711 1244 13
617 449 37
1469 1112 81
280 2187 29
873 1462 14
19 1560 75
1745 251 28
2405 1308 96
2294 1769 56
1887 1961 80
2296 1724 1
532 2024 32
1571 524 20
919 1086 44
1260 1236 33
452 827 84
2348 2087 73
1693 1771 15
923 1081 84
1741 350 63
1241 1790 35
1890 1011 4
1563 1757 81
932 2385 15
1184 1357 74
1006 814 4
716 649 42
731 751 97
655 1807 93
247 465 59
1023 1093 13
1319 325 60
381 1383 77
306 1399 85
1283 2196 91
1545 1050 73
1904 1156 5
1841 1998 16
2240 392 24
1559 1273 89
568 575 83
949 622 39
831 1389 38
1952 30 42
1954 392 63
2338 1106 49
754 2430 15
2443 2136 11
904 1994 4
1668 1221 72
1676 1530 59
1462 1324 86
113 1852 78
716 542 42
213 811 63
1088 323 37
1207 542 1
2473 203 70
2399 639 34
1730 521 49
1229 640 16
200 2285 33
1052 897 14
2035 1560 8
390 1613 90
1792 658 12
1448 907 100
2039 243 27
791 2458 85
1958 1768 53
912 474 87
904 2422 21
1595 151 61
1742 349 56
1581 1234 18
1304 1528 65
2090 785 93
1693 2405 47
1509 2318 91
2173 2490 3
771 1935 46
911 1226 58
720 1430 64
221 2019 85
994 2385 85
1605 61 98
2274 2043 83
391 697 26
1862 2278 55
2212 2105 35
1639 1671 71
13 298 44
70 199 43
1613 2357 42
850 1866 48
1459 2077 87
1663 708 5
430 18 92
1707 852 97
993 2138 8
30 2231 17
446 2201 36
1524 2147 72
1252 368 90
702 1666 6
894 480 55
1987 2059 62
393 904 66
158 2312 33
2039 858 52
2048 1047 74
575 384 12
2046 1584 49
1874 609 12
122 1888 1
1616 2192 41
2045 138 77
575 1003 5
889 282 17
1557 1257 72
612 14 11
404 185 5
694 346 82
977 1324 10
248 1524 5
1603 1593 48
856 370 40
847 1170 8
589 128 97
1097 1154 6
1352 724 99
71 89 22
1046 2300 40
403 1677 82
785 1832 14
1301 206 4
1184 1127 7
1472 296 47
1644 686 77
1977 1547 38
1078 2088 54
1434 947 13
1284 1606 89
1600 2154 13
15 960 1
1114 1524 6
1722 1838 85
1369 1491 27
1757 1791 93
2081 2076 23
2012 1655 39
1548 1933 82
386 1067 36
91 1500 62
51 2297 91
1224 1086 91
546 2 59
206 471 38
417 1338 45
260 1034 41
108 1557 55
2365 2160 70
484 107 100
1365 2306 72
1433 1310 83
1276 2267 97
202 2407 63
479 1643 7
2090 2335 12
1589 2373 61
227 729 52
149 761 56
1579 1523 89
637 1742 55
109 2075 26
1367 1630 71
716 941 21
992 261 29
2169 140 63
261 414 69
600 798 81
2419 156 37
1810 176 95
292 70 29
2283 2008 25
459 1172 13
337 1809 56
2396 2339 33
2479 2051 84
929 1385 37
2040 2477 59
793 2473 63
1012 1820 78
1123 1666 31
2148 2421 23
31 1389 21
393 2373 28
2323 1339 4
1796 413 84
74 605 51
1066 1014 9
567 1704 13
706 153 68
70 1785 30
2292 420 42
508 2479 73
1230 946 77
1625 1782 88
2392 695 44
1241 1039 98
291 822 36
384 650 40
1946 1157 48
2373 1958 25
18 1499 84
1234 1042 75
1315 1066 97
228 377 34
312 1143 17
612 245 1
2112 525 78
1458 2306 82
848 923 41
1642 1440 64
1101 1059 96
1536 561 87
1527 421 14
2459 1799 96
1858 670 35
916 882 54
669 346 1
1625 1820 75
237 1969 96
2200 316 64
95 437 37
365 830 2
457 1456 71
1171 403 42
287 9 91
2035 715 49
936 2236 67
2299 700 73
759 2020 74
1483 1126 91
1056 2264 63
1145 924 95
2118 1290 26
2187 1639 76
6 1743 51
1453 2492 43
1066 1703 83
274 1608 22
918 730 69
2114 745 69
2296 2001 51
684 1815 79
1185 2203 7
246 1763 12
44 2099 99
1269 450 16
2406 1704 35
2405 2121 12
852 1722 20
1016 1015 12
1072 2385 11
1407 1308 65
1035 1060 27
1012 254 43
1713 1853 61
0 2438 87
1530 717 69
57 1930 43
2485 1328 86
1287 765 28
503 813 99
835 2154 30
2220 1224 22
1133 1944 87
1266 2107 98
2256 673 10
46 1981 77
271 2011 51
1106 705 75
1426 851 70
1501 1199 75
2285 2009 81
213 631 10
996 909 100
2499 1986 45
46 364 37
2278 1794 81
430 679 18
153 102 30
237 680 85
1068 1441 53
2337 318 26
1027 1996 73
395 1123 19
649 1232 51
1027 1686 5
569 693 90
242 48 21
1565 1724 14
2260 1247 48
1708 731 74
662 85 77
2231 1380 46
552 2352 33
2105 1152 8
752 946 87
1871 1400 81
595 877 51
830 536 67
2283 1489 26
1783 743 18
470 1244 66
1426 194 22
1186 1270 48
196 2141 5
2439 1158 61
563 149 92
1028 1143 19
1499 2444 29
2085 2291 56
2326 1513 44
1664 2199 50
1687 1704 11
2002 2362 5
1297 2131 77
1667 2185 13
279 1331 40
118 2399 23
2309 808 57
208 1844 12
2160 1961 71
1842 1589 25
1944 1606 81
1817 2453 58
2040 2249 93
805 653 71
1727 2330 28
1171 1553 35
2253 336 35
1748 1961 2
1140 2398 55
157 506 63
37 1127 46
1118 1359 11
911 1775 89
1364 198 49
784 2248 91
86 460 12
792 1150 97
348 791 88
69 2431 91
2401 1548 44
2217 381 87
1946 1859 73
2184 1380 60
758 1885 54
1267 534 27
1837 1285 97
2143 1774 2
2139 1302 87
892 2347 93
2217 2286 87
424 2323 98
1044 1372 11
826 1978 40
1787 543 81
2191 1158 22
642 2015 78
438 1383 12
1716 2138 91
933 2485 7
654 1615 2
2216 2435 64
1090 1963 51
1033 2446 30
719 1055 17
1487 729 98
1362 962 40
2233 307 57
243 736 92
54 1463 51
1601 2171 16
2088 934 63
1956 418 15
917 286 14
1399 641 62
1533 1753 84
828 612 62
830 66 35
1376 2229 3
98 875 36
838 2205 76
988 228 86
39 1615 97
1118 342 100
1847 2285 34
2297 1560 22
332 1494 30
431 2358 59
1244 1767 61
826 869 57
2080 422 18
1048 1546 76
1346 470 20
2108 1308 14
107 1189 42
1886 294 91
2415 2183 50
1562 2394 80
2442 2132 84
1595 873 72
1170 1010 82
931 1735 67
2154 1015 82
480 1812 21
2203 1308 48
2037 585 35
634 1037 65
2223 1495 24
2242 392 44
972 2294 55
1648 1701 73
563 23 64
1600 2299 46
1113 1740 77
535 639 80
513 2133 4
1007 715 99
2094 1603 83
505 1606 76
1208 1426 50
1597 2442 12
1612 2275 28
1680 866 8
1553 2186 91
6 912 89
562 1160 65
1241 1567 24
1348 568 30
445 2423 70
595 169 14
1556 403 67
179 971 16
188 183 71
516 2209 15
2411 1373 96
1636 227 22
359 297 11
187 2253 61
2285 1224 98
365 408 11
1667 2005 74
963 167 43
1756 890 84
2237 1175 1
749 814 11
1859 791 75
1346 367 86
540 51 22
1837 2433 1
2078 1694 35
1805 2398 71
912 141 19
1189 1486 40
1899 1794 95
2479 744 98
1951 265 53
1597 893 75
1602 1594 37
1232 1123 1
2399 1036 83
2135 1953 84
1598 424 49
1998 2477 58
1001 1905 40
1357 1510 31
1394 1370 22
1790 125 100
2212 1389 44
920 734 33
1453 1090 58
717 1161 39
116 1819 17
1892 1795 90
1244 1037 20
1485 2006 16
516 147 81
40 437 14
1860 1430 15
696 2316 48
345 1827 53
1904 791 77
702 1040 2
472 839 83
273 2288 25
2414 250 3
844 1576 59
513 2114 15
852 996 61
191 643 56
2450 575 92
741 544 26
1335 109 82
1608 2472 11
517 657 95
2347 2301 49
2109 955 99
1856 2490 100
976 808 27
697 1039 24
343 2023 13
2446 1847 31
2413 1990 90
684 1477 43
460 2085 63
265 2136 64
2042 1073 50
1523 2184 17
2099 876 78
2033 1056 61
754 274 38
2048 1818 64
1928 929 34
1223 2121 97
2088 491 5
1063 267 10
2390 1698 61
2329 1828 87
1576 829 89
2267 451 8
611 574 12
1843 1032 51
858 12 46
2051 1931 40
490 2328 50
1849 1341 95
111 959 45
1985 864 42
2155 652 43
45 839 66
1442 1663 80
2084 1106 29
2346 846 53
2153 31 76
1226 271 18
553 2404 76
664 2184 37
2244 949 48
56 2496 62
363 119 69
1178 542 21
1664 1292 92
427 1535 5
419 467 2
1125 498 64
962 2111 52
1694 1106 77
429 2459 19
510 166 82
1069 635 66
1484 1853 65
2260 2469 86
305 2269 32
580 671 36
2222 398 73
1157 2319 66
1391 1072 100
2355 69 51
2240 927 60
2277 304 17
437 509 82
1010 2379 58
1236 2345 62
121 1422 39
1293 1650 24
2380 1051 12
1568 203 68
1588 253 93
1986 2206 54
2044 1077 27
1280 1769 1
1882 2302 71
2363 335 61
1296 2293 93
1092 1084 100
1006 1192 80
1675 715 20
994 2338 37
2339 146 26
1112 1002 1
1566 19 60
1865 2434 98
1288 423 21
43 830 43
1966 1658 12
953 1104 29
904 1003 33
1522 556 45
1826 43 84
1325 406 36
2439 1100 79
353 922 31
1003 2334 59
985 848 55
426 1934 45
2296 2434 67
2185 335 49
1538 932 6
111 685 1
778 1609 10
2334 526 34
109 2424 31
1576 1020 40
1714 1425 17
757 1749 73
2007 2258 60
339 725 28
39 706 68
972 164 67
1656 1775 93
2460 1726 63
2211 1878 26
1652 1718 34
2382 1194 36
1115 95 52
1378 738 90
606 368 71
1149 2342 84
1368 2390 24
1725 815 87
980 271 51
267 2337 65
1587 239 74
230 281 12
1528 512 60
174 2280 74
452 1929 54
1727 707 3
2124 2131 23
912 2337 44
321 2239 79
438 89 62
1985 371 21
148 632 76
477 1552 74
1771 2448 58
6 2001 86
2395 1512 10
395 1957 97
971 1715 57
321 2157 68
486 241 2
1814 2100 86
969 343 80
2265 729 3
2304 695 3
1631 993 57
2497 1553 70
1076 1970 8
573 256 11
1637 533 42
1807 2419 37
1956 1782 85
1982 122 75
1141 272 49
825 2306 15
956 327 49
1498 2337 26
1777 346 1
1094 1255 75
1503 2119 31
815 1213 98
1762 1275 18
2059 531 98
1987 2002 93
1083 370 94
657 722 13
1689 2316 18
561 829 32
752 1877 75
2059 208 41
1518 180 61
1742 2179 55
417 2450 48
118 1385 26
1987 355 59
2113 2201 50
1892 848 85
1882 1255 73
1002 2374 93
1600 410 22
489 1107 70
1526 591 76
2290 2126 30
516 148 44
361 717 62
1577 2256 34
416 146 90
183 901 36
1655 1606 83
660 1787 26
543 2173 36
2488 1283 6
1757 1542 19
2377 2352 77
1237 2016 81
2421 190 65
232 1709 72
635 340 9
1640 1857 71
699 833 79
14 131 63
1218 2094 26
2302 570 100
2103 25 38
2078 1350 52
148 2216 52
2311 1402 53
634 183 75
475 882 37
2452 2138 25
21 508 84
1804 1566 33
1671 1885 34
892 2269 23
1343 369 8
1348 378 66
1975 692 82
1636 2238 36
2468 1901 31
1996 765 77
162 1380 16
1209 1369 42
2447 1950 74
926 213 35
867 2048 46
1701 129 87
1452 1712 98
174 131 15
264 1699 67
1645 679 56
387 1331 45
1265 1432 100
1665 17 79
788 652 90
347 1788 99
483 81 46
1473 2058 97
848 897 90
646 1864 9
1499 1645 88
430 2375 9
1655 1802 74
1515 105 50
801 1154 65
1843 1943 72
1826 2332 8
2093 526 67
135 1046 13
318 1515 11
793 2422 14
342 359 84
1123 563 8
2007 1898 25
426 2118 36
1458 613 85
647 1165 18
1854 1985 42
822 922 27
1732 38 77
1570 1912 68
506 39 67
1648 2297 11
826 1011 78
813 1975 99
1287 851 84
1643 53 72
1170 1345 59
575 552 43
2118 1324 13
861 773 73
715 248 85
1215 895 39
1419 2175 54
734 1417 29
630 2443 51
1571 1207 37
106 1899 43
943 1223 85
2114 503 41
1675 1340 98
707 2324 19
2080 333 41
871 21 59
1935 140 34
102 1256 87
872 865 34
1526 1822 62
2364 2140 1
491 1914 75
1248 679 32
1056 1519 41
1273 318 61
2439 27 68
2315 59 14
1261 1316 83
1541 1750 97
1798 1626 42
2374 1822 36
76 522 85
642 1427 42
241 398 35
1807 1139 16
947 1085 73
259 585 96
1251 1443 5
1201 276 55
1900 1231 6
2123 121 25
1916 327 45
1746 1724 48
1082 1054 30
2446 2415 33
1997 1900 77
969 2348 2
1 1167 64
2481 1059 52
476 2371 86
160 2033 49
2030 1688 54
233 115 4
170 1121 87
1080 719 66
2023 1540 16
1048 77 56
1286 1554 72
1280 231 39
2328 181 92
1061 698 72
130 711 51
439 1183 67
215 336 87
1461 2389 37
1733 57 53
777 64 71
812 544 65
494 2058 98
515 664 34
1988 2339 63
2474 1563 63
1231 655 80
1759 1168 91
1506 1330 80
37 724 73
966 1181 8
1412 596 93
1658 2001 12
2333 1589 17
84 323 97
2035 2031 28
49 618 43
1732 1407 78
2496 774 83
389 2413 1
962 2114 76
763 1216 39
220 56 13
111 369 57
1360 1372 2
1395 1137 65
1276 2033 100
1729 1923 47
299 2126 4
488 1306 73
133 1815 80
2296 956 53
777 156 8
2000 1271 27
2042 1350 10
1971 2355 53
1695 1130 78
2136 1100 53
2424 1785 28
516 507 66
2496 2496 86
1998 2236 83
141 1270 67
897 2355 26
351 468 9
143 1970 73
376 1173 10
537 1823 55
2061 969 34
247 1084 86
10 1412 100
2091 427 86
2200 264 41
1951 51 60
1598 1981 28
1276 1829 90
2484 1655 21
2475 1338 30
1036 1526 11
2207 267 13
380 401 6
690 1811 42
1116 69 17
1265 1063 68
1768 1199 78
1737 1307 24
2272 994 51
847 967 97
1793 221 96
1059 63 59
915 616 73
1401 1757 68
1664 1678 47
1418 1926 29
35 1619 53
626 1665 44
630 921 13
864 1193 88
2405 1044 53
1511 915 68
979 1686 46
535 87 33
978 1518 35
590 1982 61
222 590 39
36 1471 82
1586 1810 53
1713 1994 35
890 861 38
2068 659 28
93 678 100
1411 655 11
78 2285 1
1254 1123 15
2074 931 35
2248 2369 20
671 35 63
1610 593 2
2296 1264 61
1224 1711 13
675 2347 3
1608 1353 50
1373 939 40
783 230 88
2160 909 91
1240 657 42
1141 654 98
1059 2333 53
92 1530 29
362 1096 82
2465 1546 94
873 1338 7
759 194 81
1139 1051 29
1108 2406 39
1092 1009 98
240 1442 11
2137 1404 49
1662 1206 42
2360 777 13
1160 1432 92
1421 757 11
1256 520 40
2062 953 98
996 2479 29
183 958 66
906 1377 53
814 1090 74
2440 387 17
1524 397 69
105 1275 41
2246 1387 39
1055 555 94
765 1133 27
1100 289 84
756 1781 29
939 1315 73
1395 1728 26
529 1594 92
1345 339 67
2344 566 42
1256 2026 94
275 411 40
2343 1014 38
861 1223 9
2321 1856 38
1292 613 47
802 1029 16
280 1872 27
481 2081 67
870 2314 82
633 375 92
1767 835 67
732 2245 100
1716 48 100
498 2464 57
703 1012 24
1884 1348 4
2085 806 81
541 550 66
1429 685 61
613 1271 26
381 1799 73
276 1747 79
376 1172 14
1199 2143 75
1071 1316 34
160 2191 52
463 1365 3
2094 411 32
1399 969 35
1700 1414 75
166 1822 97
741 2146 50
1482 1930 34
2307 51 93
1747 452 4
1514 608 1
1783 2379 19
1609 2106 46
2019 811 21
948 1693 77
1399 2298 19
1750 2414 74
1378 2130 62
1032 1954 24
694 1162 63
2328 91 59
1619 1461 50
411 330 57
405 1427 89
1106 1274 20
144 1731 29
526 1457 57
55 1884 23
357 277 88
1925 2267 98
1471 1146 76
1008 1770 33
398 1959 68
1961 1833 66
1784 1236 45
2080 1838 21
832 145 48
673 49 98
1 84 79
2314 2263 72
234 264 90
2425 941 94
1383 918 86
2118 1976 17
112 131 100
17 2341 41
748 1878 73
292 2414 38
2042 1273 77
1375 541 21
2439 1217 16
1581 85 46
1150 1071 1
76 70 89
2431 2030 46
1969 862 30
1719 106 47
1879 1283 45
1385 550 61
1168 2392 27
740 1921 15
2451 329 38
1867 1444 92
1334 2386 50
244 1320 14
846 2111 19
760 1669 17
1940 2229 79
1020 2331 55
2422 966 65
1262 820 61
820 1888 74
262 2206 50
1769 839 53
2140 860 48
392 974 70
514 677 4
270 1552 57
1256 1247 35
271 446 9
920 973 23
1486 495 64
1182 624 66
895 1706 68
1252 117 100
2327 175 44
489 795 60
2035 139 18
2487 1842 23
927 268 93
985 696 77
1458 1325 62
2074 2394 91
1031 1076 96
1919 2415 28
1046 1445 76
1993 348 31
1392 2115 51
2467 846 25
22 2494 4
335 827 66
1147 1754 83
1441 951 53
1017 1764 96
2047 529 15
1475 433 12
742 1742 21
1991 1620 44
2065 697 80
392 1770 82
592 2077 97
2053 591 2
925 678 54
574 784 85
2251 2355 24
1190 61 7
2497 2485 9
1655 1325 64
1330 686 96
776 1498 22
1574 107 41
1468 2343 56
1692 2114 22
2035 2270 91
1966 978 70
2313 1831 73
62 1225 16
1151 282 36
161 1286 71
1831 1796 85
2138 1426 61
1222 919 45
2295 60 54
409 1003 72
681 1172 54
1444 2057 94
1503 1925 8
717 643 36
1245 1212 36
1913 1103 64
2376 2488 28
408 176 36
1815 363 35
187 806 44
948 2023 13
36 2424 92
77 641 15
2168 1824 97
1110 688 61
123 2 95
483 1297 94
2348 1868 21
379 2185 7
2166 242 94
461 1872 6
578 1441 45
1557 1187 96
872 170 86
1476 699 13
1306 1250 68
1200 2293 5
1716 2191 70
1428 1820 91
2127 528 42
939 2433 59
1494 962 26
1870 2087 10
2260 897 10
2147 140 43
2112 1175 98
2010 1356 30
81 1530 21
1497 1287 26
30 180 47
1164 447 89
1374 1609 77
303 1238 47
2232 2376 89
1418 1819 43
457 1132 82
1132 1757 72
2410 278 89
1476 1450 47
1116 2046 43
1476 1266 67
1930 2305 70
895 518 35
795 574 36
1031 42 65
60 311 83
1635 2085 51
1447 419 26
906 1102 80
97 1367 56
2123 635 4
237 475 77
39 1219 12
1865 1216 74
2393 2462 86
1530 2417 33
960 712 50
564 1209 88
1614 146 46
1116 433 73
594 2154 21
595 315 88
1732 44 31
1305 954 98
1453 2034 71
1339 2471 64
1910 209 72
686 2002 76
1462 80 84
1762 264 7
1440 1694 6
83 1411 88
1475 1315 14
950 1982 20
1671 2395 48
1559 1751 63
1573 1348 36
1673 1042 23
1673 1597 32
891 1048 84
410 2205 45
793 625 87
137 521 76
2380 1017 90
1885 1358 76
2106 856 5
1822 1966 62
2236 1149 67
884 851 11
2459 2278 47
264 1299 43
2316 2257 86
1967 276 90
604 794 75
1243 1689 87
1431 1908 66
1374 2254 97
822 1078 66
1070 615 99
1896 714 56
350 121 66
207 996 54
487 734 29
508 1491 36
1279 1585 9
374 754 51
1026 482 93
1409 2025 10
2485 748 5
1988 1519 52
683 870 6
2496 1826 23
2427 1875 5
2121 1423 39
2150 1273 20
950 2079 41
1729 1570 41
1944 2118 92
821 105 51
1215 2450 96
233 120 49
1958 1888 99
20 337 87
1789 2205 15
792 516 85
548 2038 5
439 2434 84
758 2137 81
1304 1419 31
1633 1351 36
625 2452 8
854 192 85
1786 1610 88
393 1618 43
377 1292 62
2120 830 85
1196 1835 91
1192 2232 23
2232 92 46
2255 548 14
1845 1592 22
1159 2281 20
182 314 59
723 89 70
1931 1198 55
2266 165 74
1714 1761 3
1588 1078 41
1477 379 48
1920 1414 61
302 851 20
530 1527 89
2477 265 65
576 1776 96
264 996 97
2433 1410 24
2187 866 64
780 1992 74
396 1197 73
539 315 27
1367 2091 87
613 1026 64
1305 724 60
1038 2236 12
1367 1613 47
1752 2358 32
2281 2160 98
2415 2044 51
1405 1699 26
2215 311 7
932 359 61
762 1956 66
636 2133 40
1254 566 91
789 1032 25
14 170 65
2435 170 79
2286 1164 90
2449 489 54
10 1539 13
2042 279 83
2461 2303 9
313 315 51
1988 71 14
1196 625 59
1209 1604 20
828 1686 86
1587 2414 34
1769 2107 75
1193 493 80
2371 1392 7
992 1718 9
2038 437 2
503 1140 96
2202 244 81
1822 1228 62
2297 1676 22
2448 757 5
419 1279 80
75 918 67
852 574 82
1624 1756 99
1450 1755 85
544 2276 24
1909 2232 96
1934 2168 22
104 1152 36
1563 2446 11
464 1846 72
2125 791 25
1162 1829 72
1082 560 1
1591 370 63
1383 2083 44
447 2435 33
1308 812 2
875 874 36
1720 2453 55
1162 2043 97
1538 439 97
2033 2419 24
2092 891 49
2137 543 45
1134 1388 33
1111 1392 90
2266 1677 40
721 2268 64
1600 662 17
2092 923 45
441 1501 4
2463 135 9
870 398 46
392 81 94
2059 2085 75
521 1049 65
216 166 26
2481 960 12
1291 2126 81
37 367 10
1495 1066 38
1689 2077 4
2009 2207 68
1016 260 56
1983 2185 80
457 804 98
2314 2247 15
256 99 47
379 742 66
1019 1058 58
1928 544 30
1459 1381 64
2282 183 60
1696 1533 41
1061 1960 8
968 1251 26
2396 2330 11
2083 1463 20
485 2477 64
303 742 52
1974 1445 35
2167 1013 41
1369 2385 59
1536 54 45
48 321 73
1800 599 62
217 1941 2
255 2226 95
1087 127 31
1080 334 89
1264 369 33
1518 1802 91
1933 351 4
1183 627 71
1712 1933 95
932 1382 74
1458 1754 64
2288 1364 90
799 1844 57
1884 1644 30
756 1327 93
2255 1450 85
1898 1102 15
2171 1073 58
1624 1089 27
1868 516 26
1638 1266 92
1580 1237 100
658 2356 46
2452 133 4
16 11 17
1497 1051 15
1465 1126 71
1337 660 64
1413 2022 14
1623 2023 44
276 581 3
1477 362 95
2122 840 45
1298 318 24
2240 78 61
1319 2115 46
251 554 78
786 687 24
552 1339 10
544 1795 98
450 345 23
1788 1071 6
2152 1000 31
443 1951 80
1320 2381 91
2073 95 52
1848 678 33
1211 325 19
580 160 7
2291 950 24
710 1935 58
823 1691 64
1532 2266 32
1113 1084 62
1127 1932 82
1145 650 68
2083 1829 30
892 422 82
2103 2289 45
518 2462 42
1661 992 80
1102 1979 66
2345 685 29
2328 8 84
1751 504 53
607 364 1
523 821 65
630 9 34
2190 112 2
2050 184 78
1804 1613 92
945 505 45
20 1401 14
847 2328 63
217 2367 82
289 224 80
313 1383 4
1449 957 60
262 2439 83
241 104 99
780 2437 96
1877 1344 68
28 2377 36
2323 2195 9
1272 399 66
1758 2018 63
1034 1415 40
1104 2449 22
512 1368 62
1123 2188 12
2403 818 29
1402 598 48
992 480 15
213 842 83
1897 2312 56
227 2202 14
1775 1985 48
1299 1809 1
869 2005 68
1366 1694 16
2179 296 19
2473 1409 3
2168 18 78
2354 1796 4
1486 1248 47
685 744 10
2389 775 56
600 2473 87
2085 1731 41
1438 1574 71
1076 1331 16
129 657 12
49 1881 13
469 1727 44
1368 1013 48
1676 1723 86
944 1731 63
46 2283 47
1589 939 52
1318 904 41
1265 336 3
346 1801 20
1796 2355 69
1763 490 53
631 1984 78
45 1634 83
501 2484 40
329 543 33
340 355 13
1292 1572 88
1309 712 29
14 1064 6
594 492 100
1636 1853 35
856 2138 72
182 1611 10
1775 1611 49
2334 739 18
2166 1045 78
2351 356 81
1626 1755 88
1959 2247 43
1254 2269 47
1358 1058 92
229 2043 17
1524 1089 2
106 1502 21
1756 815 93
2335 1925 16
2313 1652 10
2224 718 91
2466 2237 45
1538 2116 29
576 219 16
2425 238 86
398 2014 23
1950 1053 61
35 617 1
72 84 57
528 2091 97
1517 2208 34
155 335 4
549 1259 75
1533 285 70
884 2269 8
1615 2111 22
965 2357 50
1176 1241 23
1961 1518 77
2361 166 14
363 32 68
836 1198 90
1560 2188 35
2041 522 12
1134 2315 45
1975 79 4
1741 1139 56
1731 760 45
2365 430 73
2384 210 23
246 1154 27
2005 535 45
298 1146 6
1143 1227 73
2205 791 87
918 603 38
1180 297 14
2197 541 49
2459 629 64
1282 300 100
938 856 51
1402 1168 55
1829 916 39
117 1823 93
576 84 91
612 1258 59
1363 720 63
1428 369 2
1049 365 44
894 793 6
1684 737 55
1771 1330 11
1950 1044 96
2497 694 11
1868 2056 30
2170 528 1
2253 1140 56
990 468 7
853 2269 10
2267 184 35
169 650 88
2442 2277 93
1712 723 41
1973 801 45
1865 1841 99
1412 1066 95
1237 1553 85
2226 2182 75
410 2308 14
779 107 56
2162 1368 13
1340 1369 45
2356 1450 82
461 2395 25
2254 434 66
910 2330 99
2482 1420 79
419 19 38
1328 2220 22
2204 1304 8
1433 1688 49
1155 2469 78
2272 25 15
245 630 22
13 954 32
2141 2243 35
133 145 8
1462 618 74
925 1498 9
2078 1782 73
961 1316 16
886 43 19
453 138 41
260 796 34
1059 2264 44
2178 1564 48
1254 653 6
2179 1360 96
2266 2228 48
1860 74 79
467 74 61
1295 695 57
353 338 45
88 528 7
854 1154 44
553 530 100
1421 1240 50
741 241 77
476 752 28
820 965 60
470 962 66
690 978 76
1792 1860 94
2014 2164 88
1112 507 67
1090 1734 74
2124 602 48
1226 1608 16
1849 936 21
1346 218 29
958 1892 4
805 2328 3
949 3 92
1828 614 20
444 805 25
1028 2099 29
2071 1339 52
612 1069 39
1687 709 36
925 1294 68
521 1 58
2304 559 33
333 1856 54
2360 1228 83
140 384 91
2439 2298 20
820 1724 30
80 536 78
2005 704 21
1637 839 17
2274 1583 85
423 1405 60
285 105 89
1097 1574 58
1099 112 21
2070 1396 66
1697 328 27
237 1437 5
616 764 7
2350 1283 17
2061 1052 64
240 2265 44
588 705 46
955 1486 84
2451 234 21
2008 253 99
311 2104 83
1669 2463 26
1466 356 54
929 1046 15
1466 489 86
1218 2231 26
670 1468 11
2110 198 7
533 934 49
1664 2101 68
1430 61 37
1297 797 75
669 1978 91
739 2281 30
2413 274 95
1765 1053 72
1058 578 83
379 1212 61
482 362 62
1887 602 86
1086 1086 85
2389 1670 32
566 2248 86
2310 1513 78
700 935 85
121 437 47
2480 1842 83
829 1208 100
804 639 26
780 2101 83
1215 2016 39
1323 2067 99
2395 456 61
1167 1553 50
1533 581 89
1901 2213 26
1095 577 2
1052 193 70
920 1687 53
863 1318 47
2216 672 40
687 863 3
330 1305 47
1467 1232 59
1552 420 84
2475 605 22
1478 295 85
465 2431 14
2316 436 48
714 2375 1
1935 1350 57
2441 2210 22
252 1258 73
1689 1827 23
2174 649 96
1351 1339 83
2173 1462 30
1763 2149 40
2258 302 12
844 860 10
1659 2475 95
2099 1325 60
2434 588 43
1419 1568 5
192 2386 1
2371 1004 35
32 373 87
208 1185 91
1197 653 70
1667 27 6
2002 581 19
2100 605 86
2211 560 38
14 963 96
2013 2276 30
1725 1106 75
255 2158 4
737 421 82
2026 1620 91
1431 1979 29
39 312 99
1574 986 83
2436 1599 29
384 616 72
158 1689 92
454 2125 91
27 324 32
2015 1466 49
1695 844 33
422 1927 7
2487 1088 88
1121 2350 86
2462 87 8
543 1324 88
708 1790 57
1392 2018 19
1210 1666 51
1451 1920 74
1579 1609 81
1556 163 6
1041 820 27
467 1292 57
463 2227 99
2173 316 22
259 501 96
2104 2215 48
1268 860 65
1845 14 13
523 1576 3
2152 2040 43
1029 2448 25
2243 1927 60
859 811 9
1433 378 34
1012 1994 99
2334 1477 46
2372 920 49
1020 1877 87
2032 2041 80
1372 1483 42
1760 862 30
392 639 48
1734 436 75
2411 816 55
1908 1416 98
2483 279 73
1328 1671 33
1855 1554 5
2336 1182 78
1052 147 40
19 578 20
1803 2458 3
1508 2068 34
1370 927 18
930 1206 21
1844 1836 16
1985 99 46
1485 2015 98
1106 401 62
366 317 86
433 697 18
987 340 83
705 1415 19
2227 1445 91
2432 1644 96
821 1754 16
474 1009 31
181 838 88
593 2497 64
1328 1310 16
1096 2454 71
1320 1095 30
1654 1722 2
1767 1103 98
1240 835 79
52 645 65
1018 1319 43
1911 2309 60
1316 1239 17
301 1233 55
1071 1111 56
189 2250 21
1256 506 92
571 2059 62
113 713 79
74 626 39
2356 2449 35
313 1879 17
433 785 34
1625 1251 38
2438 1430 28
1561 689 65
1143 106 13
208 540 17
2165 1064 44
2199 987 95
1543 1511 3
586 1419 30
2175 2212 42
2155 162 67
271 435 65
1190 176 19
2305 1783 60
33 684 37
1629 276 44
406 2468 44
2340 1912 36
413 345 3
471 319 36
1025 2471 19
882 1008 50
1851 445 40
1007 250 4
928 1574 45
174 1560 41
1585 1443 55
1151 564 48
2440 1198 99
2170 2496 79
1400 1524 10
499 207 9
692 763 100
1149 1340 52
1723 1891 92
185 747 18
866 415 68
1894 1539 57
749 2288 18
147 574 58
2081 215 22
1849 1288 40
325 1416 44
1097 2226 58
1352 796 47
1950 80 41
2400 622 6
2040 1602 30
924 1858 29
1928 361 34
85 2479 12
109 1265 14
2107 915 78
2105 1965 38
325 2168 65
114 2131 97
2439 1506 9
2270 2489 59
1074 799 15
1511 1942 60
1809 232 46
964 1368 92
536 2107 83
1059 444 82
2197 1961 30
2322 2090 29
44 1466 60
29 2379 66
900 1744 24
2459 2288 93
1421 279 79
1518 2189 2
1345 1314 82
1997 1326 69
1377 288 95
1081 705 58
235 1919 9
1393 1003 81
6 678 11
423 1416 44
1024 336 44
2472 275 30
1772 2024 2
2349 872 65
332 1312 66
274 2291 21
1171 67 90
2145 348 23
1550 2163 78
834 1602 20
2082 931 94
782 486 43
1359 280 71
858 1594 52
967 436 11
1017 262 65
1112 909 21
962 832 43
1593 107 44
957 2058 34
355 769 86
315 1107 26
1730 1729 44
116 1212 35
1803 78 85
655 894 100
2389 2484 70
1018 1862 25
2469 2256 12
1007 161 81
1869 1893 20
975 2281 11
1909 90 18
1566 1989 12
603 437 44
1201 2170 43
1739 1394 32
2491 1738 65
1928 47 55
1662 368 89
1859 91 41
571 1691 74
2164 1953 76
679 1886 24
1439 519 36
1628 1372 57
23 1890 45
1587 289 6
528 508 37
2033 628 82
1487 1445 20
2064 2250 1
108 1217 79
1099 1238 84
1347 2020 92
721 1660 40
1884 981 97
1395 2216 83
421 523 49
1863 604 5
1114 907 9
1416 795 79
559 1477 70
1199 1711 81
695 2178 94
448 1854 30
1854 1218 64
1446 2430 78
2384 1839 78
2292 274 8
2371 207 20
1445 2439 68
609 227 91
1474 413 37
1959 803 41
881 1456 83
537 2290 64
1050 417 38
218 1946 74
1061 661 67
1143 1214 10
1848 1037 30
2428 1110 64
1217 1388 50
2105 1873 41
454 390 43
2284 1536 40
1368 415 77
1932 2050 48
300 1776 15
2240 1231 78
1233 1535 87
2396 1466 31
887 415 29
252 2446 78
596 1561 21
1255 892 29
2436 399 26
1702 1571 27
820 141 28
219 2167 10
1034 741 82
2405 486 73
1159 961 21
1642 398 80
219 29 79
755 812 63
847 2323 74
258 277 67
403 1531 13
1095 471 2
2011 2143 7
1931 53 45
313 744 64
865 798 71
432 1735 62
2241 1948 86
2305 2012 70
2437 888 27
644 151 59
1122 413 88
225 1956 69
273 1977 6
2044 1464 33
742 1322 9
1552 1208 37
2243 2424 5
1874 1860 3
2344 1006 27
63 736 35
6 2072 19
1536 2018 83
221 1362 10
1337 1493 80
1906 561 27
1539 1499 16
695 1854 42
413 1000 46
981 1368 2
822 1090 70
934 2092 34
1957 935 92
2432 1730 10
530 2327 72
2489 1260 56
2024 1533 40
1151 1903 64
1972 1922 96
591 1405 14
33 448 63
300 1496 48
2104 97 68
1539 1616 97
1543 1627 66
1100 1156 39
2198 1424 35
551 1781 22
668 2412 96
1545 2006 59
1335 1988 59
1190 696 19
1753 517 17
1245 255 93
2167 542 76
173 467 94
304 1818 8
395 248 57
1874 2254 32
1841 1479 3
1713 1838 9
1670 1817 65
865 698 39
632 1986 94
2418 210 25
851 2147 81
1355 1784 91
1395 847 39
2414 974 29
617 1906 48
450 1296 26
2161 1119 18
281 861 59
664 2455 19
663 973 11
2301 1188 90
1779 1594 34
1648 1214 82
176 875 34
1530 302 100
423 1263 44
2144 2496 27
580 638 50
791 856 87
322 2079 63
2428 1979 98
1366 1119 87
141 868 36
1423 2308 52
1430 1590 29
1406 800 27
2018 1962 69
1027 1299 93
374 1094 24
650 1282 5
1934 314 42
1845 1359 72
2204 2443 67
1570 529 27
1262 591 86
630 1063 5
1166 1018 44
1582 1040 49
445 1107 52
2205 965 59
813 2258 82
899 1857 42
2148 2231 62
1673 1739 34
880 274 42
2320 125 49
1635 655 80
1327 1094 61
371 2144 73
313 796 9
1679 2246 26
938 60 15
403 1498 94
1297 260 88
2011 1171 9
1460 1151 31
775 1173 12
14 779 2
2270 1511 97
142 2380 11
1950 1389 51
707 1559 80
2169 430 28
1332 2238 48
513 1309 7
1987 2458 51
1562 2124 51
2479 450 47
1703 240 89
2433 337 63
1373 268 15
2009 1037 56
2244 1954 2
736 744 31
323 1481 17
2297 1560 11
1336 333 59
1379 552 30
2240 1356 48
1459 1616 47
2104 1054 3
712 1135 37
2322 1648 54
2073 1488 68
1171 1270 49
1632 1383 14
1266 193 68
128 283 18
22 1701 58
1587 867 32
1807 212 43
851 1445 90
809 2048 22
1117 2216 44
997 1907 88
16 2030 84
2364 2447 92
776 1978 32
966 2215 92
1440 1379 38
1608 1494 88
1570 1499 32
1802 1311 97
1656 792 74
438 1708 6
860 1526 82
919 2016 96
65 1544 47
2221 309 80
2334 350 59
1396 146 26
1170 459 26
1959 594 23
1104 436 77
393 1410 45
596 2235 12
1696 1822 91
104 1042 28
1706 706 3
1517 2331 93
850 126 18
2430 1742 18
981 350 35
733 1345 68
1484 976 83
2129 1104 14
890 1661 20
1614 1781 34
331 31 90
1472 2290 66
1216 272 94
2457 1303 28
638 45 6
1049 1879 35
332 1539 37
235 2241 61
2217 290 64
2030 216 8
2448 2244 67
879 853 4
711 899 5
1774 2119 52
2325 868 69
2097 1175 79
1325 886 55
17 457 45
210 476 46
996 510 55
1930 195 98
685 2323 3
912 1473 41
760 652 6
1273 1863 100
1946 2031 80
2460 847 48
1109 1805 69
1044 2354 9
271 1864 49
1739 469 9
1730 2274 26
1187 2210 37
2456 1922 16
672 1695 19
746 498 55
815 720 31
1033 1683 38
407 2171 52
1410 431 51
491 2184 78
967 1028 36
817 631 1
428 244 69
62 1139 97
1345 1849 80
1638 155 25
357 553 89
1200 1328 100
723 2144 14
1393 1082 79
267 1585 92
1477 910 52
2407 1399 63
772 616 43
636 2023 85
19 2058 39
1559 1347 96
2145 1764 62
811 1011 97
901 83 43
922 955 98
79 737 15
294 1485 96
1749 1343 80
1817 2483 80
897 210 37
1351 2151 45
1598 1702 37
681 17 42
1682 627 79
1279 830 83
2121 2010 28
1754 2077 28
455 1901 47
2149 878 10
1210 224 18
2035 1521 67
681 608 18
1933 99 37
908 1910 70
251 362 60
1598 1179 40
1224 2427 79
1240 552 91
102 2045 22
1600 1645 64
1815 898 62
793 1305 27
1389 1653 8
783 84 75
1159 2004 57
2450 1925 63
2083 1272 29
142 2355 89
1186 402 53
2175 2073 84
251 721 5
334 1318 47
1176 1637 53
2233 2228 22
1273 194 98
2232 397 98
1421 1364 30
570 2156 69
1982 1192 31
1003 1052 48
1571 1586 34
350 454 8
2400 1520 66
1531 2181 36
969 805 62
143 1812 95
955 1108 25
988 292 33
1972 2109 96
1367 1603 36
2178 1174 34
943 1002 12
329 553 83
298 2248 14
297 866 85
1793 122 4
1171 1508 74
1831 1368 7
1798 1773 9
1651 505 8
2 1867 82
876 825 44
1837 650 7
1518 1222 52
189 471 28
2239 281 71
746 752 47
1306 1029 53
197 975 98
587 1964 90
1385 967 30
2105 1388 14
623 182 91
1836 1816 12
856 713 24
420 2112 72
313 658 46
236 846 14
275 1928 56
2145 822 49
1073 143 54
1138 208 59
2456 2069 18
1404 1551 46
714 925 77
540 1394 59
911 323 38
1392 1250 9
744 963 86
2202 219 24
1309 1569 83
430 245 53
313 1817 64
1029 647 26
462 952 79
26 1136 51
2418 773 4
982 1328 75
517 1192 76
2139 2271 37
2412 1648 3
120 366 31
2014 1208 47
1059 279 78
1443 1854 87
1118 367 89
2318 1691 88
585 2020 83
1211 1305 59
1024 658 61
1701 1740 32
529 853 25
1423 814 23
421 644 85
1044 585 46
579 755 16
2325 2461 7
1313 1097 42
2275 1292 52
292 640 95
252 354 72
1217 1746 19
1209 1052 91
1913 1158 8
207 64 85
1690 2348 90
1661 995 23
952 1483 50
1352 1643 70
176 266 39
1135 441 83
1925 754 10
1396 1081 21
32 474 60
2221 268 89
662 2340 96
2015 332 40
885 182 34
2415 1324 82
2159 1366 91
2245 2355 81
1257 1441 95
1940 1396 61
1151 2347 14
1134 2162 93
1390 289 60
448 2384 39
111 522 60
2158 2430 7
445 1859 70
1846 1005 59
638 839 47
1563 1885 90
832 1686 88
2469 168 62
1285 298 73
1771 1703 54
979 1280 30
118 637 12
1540 394 78
25 606 70
2342 2277 71
2482 1107 56
2450 1021 34
819 1996 49
924 61 2
1007 345 58
176 122 4
684 1495 65
1034 1986 84
1329 779 61
1620 355 57
2166 505 72
2136 1784 11
874 1910 19
232 1638 90
1836 1972 85
36 1491 89
856 1201 56
1500 175 79
559 908 72
303 1129 49
2326 2464 38
1796 1966 94
690 616 12
490 2247 52
82 198 61
2176 690 45
1967 2080 100
670 850 64
1809 1479 55
1280 2092 66
2446 2106 29
2184 2499 42
1089 286 10
1186 631 13
139 1045 25
1641 1860 89
1391 930 93
1615 2127 34
2395 199 9
222 158 23
1890 948 17
466 2228 49
1045 2413 88
917 120 89
1083 2241 52
630 1762 91
1406 1122 7
2241 75 3
820 1642 52
1308 1010 73
2354 917 72
1100 2379 75
2151 1715 8
1963 757 7
1286 67 71
2420 1286 16
2295 2318 10
1679 1499 17
1195 1167 4
2041 365 6
1295 2075 82
1655 429 55
566 1913 26
1014 870 67
941 1058 51
2018 1269 69
1030 1389 36
454 1591 10
1390 1959 43
2098 1274 74
1940 1358 25
23 1531 70
396 335 32
262 1327 55
1959 1640 72
2027 720 7
1659 201 67
2050 676 50
1857 1598 65
2245 539 90
1032 126 45
1346 466 42
27 2331 32
2099 2465 45
361 762 73
2178 1209 29
862 389 50
1975 1104 19
10 2184 71
1855 1835 46
592 1859 13
494 374 94
1781 1152 20
485 325 48
1480 863 84
1527 717 39
1663 135 95
506 1092 75
452 1573 8
1995 2371 67
31 2140 25
2371 2126 52
277 5 5
316 2410 68
1578 2486 67
86 1620 12
1506 2090 32
2058 2072 73
463 2484 74
630 2270 67
2203 2353 87
71 511 63
2208 475 47
1894 2205 45
1012 492 11
265 1304 55
901 2184 2
964 2298 66
2185 446 83
1234 1288 31
1517 49 84
1766 1837 65
867 1471 10
1876 893 96
1198 156 16
1582 1203 75
1577 1202 34
1096 625 58
251 157 32
2160 1335 36
1177 1107 48
895 2019 33
2292 2093 93
1607 1516 54
467 1767 53
1626 2250 33
780 1679 29
1824 2279 92
1094 71 68
18 892 63
288 645 44
449 1190 82
2100 1181 55
2422 978 77
2351 424 10
1973 13 82
1768 874 49
75 710 81
367 1364 89
1742 368 69
1910 1927 88
1931 2316 5
1910 1594 81
382 134 39
274 1556 2
1996 615 31
2444 1623 41
1537 371 72
941 2076 56
2332 2353 86
1429 1705 100
294 2026 78
415 612 76
2244 1853 9
526 1918 46
2183 1116 29
1338 1185 1
1003 871 15
487 1051 92
161 2040 91
2287 1140 68
1141 679 99
1766 98 42
345 1913 91
588 832 13
322 1441 88
335 1435 62
2085 1414 12
2402 1592 76
904 411 20
1022 852 19
873 1954 52
488 1918 73
1003 1615 85
2328 2170 88
2440 1997 5
1999 2260 28
1004 336 32
1806 2118 64
2435 2275 79
2045 1659 27
22 1433 76
1302 445 57
2337 1041 12
1009 1609 58
578 1236 85
90 951 10
2115 507 4
1597 1701 23
2104 194 71
1716 1485 26
506 389 63
1156 314 98
1069 1370 52
824 1260 32
223 2171 64
2356 1160 37
205 1422 61
2253 2230 35
186 1942 17
1277 2175 12
169 1566 12
1507 1012 20
552 2041 51
2322 2355 29
24 2267 37
1344 1464 85
1505 2000 32
2204 69 36
1301 2228 46
248 2190 55
284 58 44
137 1410 27
2087 1156 49
90 660 36
630 1578 61
1515 1663 98
705 846 28
880 177 58
1934 738 79
499 1058 92
2350 1551 47
1019 2061 84
475 2395 86
631 1159 23
918 876 3
1717 65 59
216 1170 98
876 169 5
2083 2347 46
505 1584 9
1102 1556 96
968 1317 46
2149 1316 33
2156 1164 60
368 1404 37
840 920 22
612 1409 38
303 600 11
1908 241 91
1991 916 91
1438 1698 18
2158 2312 84
1690 1834 36
2130 371 89
1257 2485 88
25 676 49
1076 1322 70
1373 668 58
253 381 17
354 288 43
1329 32 57
2347 54 26
727 667 53
1005 1926 40
1126 1711 53
992 900 54
416 743 36
779 2362 89
2034 2485 77
1396 1152 53
1839 1028 11
894 377 64
2411 2301 69
2102 1663 84
2364 1544 94
1256 821 1
1099 1268 5
2420 1278 78
990 1290 73
2447 813 84
237 230 27
304 2097 19
1212 1468 44
2053 1077 88
297 270 4
1609 1732 46
2155 1403 81
2106 262 55
2047 812 11
2472 1758 19
1122 1990 79
2022 1295 18
203 450 79
2183 1906 52
338 932 12
2258 2427 91
2215 1778 34
781 1961 15
216 2384 42
518 1282 22
1334 2041 34
898 1295 81
1527 1982 3
959 2061 67
1481 2329 89
1599 2316 41
1457 2175 24
488 1404 61
1810 2489 78
43 648 55
442 406 30
248 2496 23
1962 1884 2
2193 2417 32
1875 31 32
1470 229 51
1237 1640 27
984 152 93
1234 286 26
984 1483 56
1835 1905 89
2238 1946 52
1739 1944 31
397 1795 2
1458 468 32
1789 511 12
935 1763 66
1201 657 48
