4000
8000
93 917 35
1066 196 69
169 1392 2
1282 3145 40
49 1220 48
3541 1492 50
3643 2139 92
1868 3261 62
1641 1006 99
577 3016 50
2361 1706 98
1507 1066 17
2780 1166 43
1823 1574 45
1377 1766 14
3015 377 69
3465 162 64
2037 3209 23
1880 1856 81
1252 2431 39
2741 484 86
1497 991 3
3904 3002 64
2447 3603 1
3778 2703 22
1435 3909 40
2763 2683 70
1205 2960 7
439 263 53
3542 702 43
1917 3385 32
401 1513 25
3999 327 76
933 1828 1
936 230 57
3589 3885 21
2416 2017 82
3739 1548 96
1465 1725 85
1256 556 82
3783 1430 96
1725 1581 21
1298 1943 34
850 2907 81
1328 2628 77
1193 1581 36
2819 3763 29
1234 513 28
2800 241 16
268 1033 80
370 1194 24
390 1530 10
511 256 6
693 2461 88
2725 3713 27
1063 910 95
1456 1559 87
3980 2521 55
1153 149 59
1162 1536 50
2528 2956 67
3509 2441 78
3722 1300 22
3397 26 16
1656 1434 14
572 1762 89
3245 847 81
528 2411 99
2087 3592 38
1308 2761 42
1102 2489 72
3043 1657 16
372 1756 22
3248 2479 36
3864 750 88
2504 145 52
3271 1022 64
3077 2174 8
1672 2529 77
2188 1927 92
757 3841 1
3865 3676 43
3510 2872 33
891 2819 64
3884 1620 87
1189 3312 100
852 1922 38
3340 2979 50
2268 3897 88
1116 1220 74
823 2348 2
3929 3006 23
3155 2297 48
3467 2951 13
450 203 100
129 2527 62
30 1066 90
3396 1039 29
2875 96 41
1533 419 72
3719 3007 98
495 3871 94
526 1791 44
1385 1824 89
186 1153 93
3800 3831 89
2649 1400 37
3654 3701 20
981 972 47
1533 1996 18
2940 155 3
3801 1813 32
2962 540 66
898 2505 41
3684 1678 4
270 3849 74
3473 1517 3
1727 1656 86
1045 2412 85
3296 2094 52
3923 889 64
2253 3600 65
136 1037 80
2154 1685 23
816 2263 10
1901 518 28
1398 3310 25
1447 1659 57
3956 2266 25
81 1834 67
2656 449 49
2215 802 61
3123 251 97
1023 2840 31
1003 1493 2
181 911 1
1409 485 78
3210 997 73
483 2838 27
633 120 77
2741 1125 6
3353 3631 4
56 169 63
1091 746 64
1405 857 37
1219 494 27
3437 3925 99
3967 2471 43
3471 2734 93
2158 3266 49
1848 3591 71
1917 3305 83
3015 811 59
3174 552 46
349 2455 19
3795 1406 81
3412 1941 90
1280 3617 21
54 864 88
518 1870 60
1950 31 52
3817 3806 23
3538 936 43
3426 235 25
3563 1728 73
2861 2954 92
792 3543 3
2031 3768 94
391 2643 17
3415 2176 65
2902 2515 42
560 3430 36
3221 1402 22
3794 1699 64
1317 1779 64
3642 1878 73
2122 2767 93
3794 513 2
3070 3612 50
2354 520 61
3250 72 70
2011 3241 86
2490 3705 42
3035 2813 32
766 1784 11
440 897 24
1156 550 27
1212 2961 64
3441 3114 41
454 3685 41
1440 893 87
2119 609 25
1650 30 70
3344 1859 97
3609 1364 15
1645 3991 77
2454 2734 16
1639 1640 55
457 1946 21
2950 2556 33
7 2006 79
2226 295 25
2889 3183 23
1191 1816 29
3979 834 30
767 2602 84
3065 2779 73
2766 1648 63
1041 1878 14
613 1825 80
679 1022 98
2820 957 96
2639 1177 34
3054 3417 40
3347 2762 7
1697 1246 15
3567 2249 10
786 3136 25
2034 1498 86
1885 963 22
1251 3798 56
435 3206 25
1133 855 42
1957 1846 56
824 2642 57
3773 3337 60
2862 523 69
1960 1192 8
1429 1034 94
2878 2345 68
1297 2836 18
455 3154 58
3966 1534 63
1217 3673 69
2947 1733 90
2436 3483 77
3449 950 62
3636 1871 50
516 1897 73
2912 522 51
3373 2410 52
3453 163 72
955 1619 63
317 2607 89
913 3937 61
3007 514 94
2509 228 87
2848 2583 33
2893 1602 17
3917 3324 92
1031 2882 51
2853 969 97
917 3914 82
1650 3519 56
1100 2054 50
1499 712 65
2014 3792 86
3285 670 4
1747 3683 35
2065 1935 4
439 1095 94
3462 2802 40
3244 49 2
521 3291 55
429 2218 33
2350 1448 29
2847 3084 60
2498 1135 80
148 1532 62
1053 2579 23
1743 2294 50
2394 1189 79
3766 2250 75
1025 3291 50
829 1070 58
3018 1273 35
1782 345 31
2418 412 57
2064 3282 49
302 3293 62
2882 1959 82
1122 811 59
888 1679 14
1069 2915 17
3877 1573 53
210 313 46
2209 2436 10
2968 2414 99
1895 1340 68
523 517 1
3197 2410 67
2760 3368 69
3521 2172 2
2515 1025 56
1212 2857 33
1897 3739 46
2258 956 65
160 3141 53
129 1350 49
1805 3695 5
285 2715 44
3323 3477 95
3911 3147 45
2931 2783 66
2919 2319 90
2961 625 21
383 3525 74
513 1733 74
2703 2286 35
493 3762 12
415 3878 96
1599 1192 3
3508 2486 34
2925 30 99
2562 2798 23
1132 3510 95
2335 2793 45
807 285 99
407 604 68
2092 811 72
423 2335 35
187 1072 54
1540 764 55
3011 468 61
3928 1726 20
3471 2153 96
1279 2073 54
1145 281 13
674 533 31
1355 832 1
240 3602 14
2359 3022 36
1459 757 6
2242 3828 83
1212 2893 85
3919 2554 16
1153 3418 97
58 757 90
814 1335 61
2113 852 57
1491 81 76
2866 3499 14
1180 1776 86
3537 1820 11
1156 3110 6
2345 1382 72
1764 2085 26
546 3202 22
253 1239 53
755 1097 60
2043 2257 34
1562 3894 38
2701 3132 38
192 2724 42
736 3680 17
2319 406 89
2220 1609 61
2463 2778 56
1799 2769 13
2978 714 37
3196 133 46
3202 783 42
886 2697 31
2420 7 17
2661 3827 93
3242 766 91
3268 265 60
2024 2613 98
1351 1981 27
1458 1504 29
2772 3193 32
1219 3615 82
1153 2424 83
2102 3367 11
1133 781 52
570 3506 6
154 1705 67
1953 2818 56
1165 1741 97
658 2745 31
3861 2140 15
1017 2842 72
3070 3658 53
3813 3707 29
3962 1865 24
1896 625 82
2783 662 34
3061 2114 90
2716 2962 73
1300 649 68
1604 1407 24
3051 3104 44
31 1270 1
1435 139 48
2399 2806 52
2527 1421 66
1962 2059 8
3668 1273 44
656 2711 3
3120 1833 57
3427 3495 51
2500 2326 64
232 3608 67
2271 3648 51
1299 1241 35
3204 2475 37
1059 1048 20
2661 497 59
881 238 81
2048 2051 30
3679 2146 47
1093 653 97
1875 2784 55
2735 43 29
3614 2509 17
1919 3618 71
920 1867 72
2004 327 51
866 3946 79
3125 2083 18
676 3446 55
3687 1890 28
3227 2799 89
962 2813 89
593 925 47
1762 3198 51
1716 721 31
3476 3473 26
3440 2373 36
2541 2675 86
2033 1214 97
3355 3575 31
1541 737 41
531 394 48
3420 682 43
1012 536 89
264 546 25
1924 3258 16
86 2978 95
1461 441 41
1695 3099 66
3535 2155 58
2794 2079 30
1953 1374 29
2164 1583 54
1659 310 37
616 2348 35
3737 3297 22
2688 2937 83
3190 858 41
2152 3721 46
2896 3892 38
696 2544 96
3274 928 69
3282 3755 40
896 2727 40
1090 3423 23
1402 1195 41
1911 426 21
241 2530 67
509 1440 84
2635 722 76
3443 2334 89
3252 231 36
2498 3514 32
1501 2472 84
182 3320 95
1793 2305 98
3586 3190 48
3229 2940 87
591 3679 52
3335 3522 37
269 1660 99
2259 1265 74
3788 2098 81
100 380 13
305 863 1
198 2484 80
3927 829 5
525 809 1
2599 2354 57
2582 3801 61
3683 3262 55
2042 3365 68
2936 607 83
2358 576 24
3691 752 57
2056 546 20
2822 3945 12
2675 205 38
2501 3376 50
1028 3836 91
1481 2443 88
3907 2426 63
3238 2455 8
1100 58 93
1110 2852 21
3478 3958 85
933 1276 43
725 850 24
2430 444 35
80 290 63
1227 3734 5
2975 463 7
592 3715 78
577 3267 72
1113 3698 14
171 108 25
3126 1313 47
3789 2652 91
590 2268 74
1942 2900 5
133 1549 15
1763 1477 67
1453 133 15
1034 331 79
2520 3290 56
2813 2571 13
2165 923 33
2834 1885 31
3277 540 15
83 3033 83
3239 812 32
2121 3058 77
255 2641 60
1080 3385 28
980 1843 21
2945 3631 32
1387 2345 25
1833 1319 75
1010 3024 59
232 2762 98
1535 443 81
3776 2551 4
2067 1044 4
1066 1839 23
3087 1527 2
143 2717 40
1857 2037 90
1464 2040 67
1592 439 74
2355 3561 88
2048 402 85
805 3274 54
3342 1536 87
283 837 44
2081 3970 84
3472 1150 45
1696 3464 63
1236 2625 42
3552 760 42
3426 662 53
3046 2237 17
3011 3201 62
2902 1746 90
3284 2795 27
83 2913 6
3979 101 25
2420 2579 69
1299 701 80
1952 2712 19
1891 1062 10
2988 136 94
666 1107 85
3084 289 30
1761 437 1
3528 381 40
3968 895 99
1455 2118 35
345 2613 94
2235 2519 21
3557 2737 27
3929 3897 93
915 1453 86
1436 1111 48
2325 651 80
3543 2536 36
1847 2050 85
775 1883 63
1093 3796 64
3780 2922 34
1185 1885 89
698 1806 49
2281 1307 11
1524 3385 6
3009 2829 68
1301 267 82
3733 1474 3
1141 1151 47
1706 347 42
486 3660 93
362 2140 23
3381 3600 96
3489 1789 68
2797 2812 72
2394 1234 76
3574 3130 39
3644 3707 95
3748 2746 69
562 3041 1
2348 874 81
1555 3772 6
1347 2155 100
3990 3332 24
1325 2538 18
3015 1864 95
3605 3322 56
797 3975 97
3162 1870 63
278 3045 10
2740 3170 54
3637 2516 22
2795 2934 85
1058 1997 28
1079 2251 88
3739 3724 84
340 2740 47
2961 1913 22
708 3681 64
1749 126 92
2748 673 81
3106 3106 23
557 1933 49
1629 3691 49
2223 3057 30
344 514 63
105 1828 25
1353 613 47
1316 118 65
1345 3317 77
2497 1957 76
9 1367 76
2661 353 97
3881 2279 71
3586 3878 31
1649 2878 64
996 1791 28
897 3210 43
3774 3394 57
221 2405 36
1872 2468 39
3473 2960 21
716 717 36
3464 603 97
973 2614 92
1763 707 64
892 625 86
3250 1614 46
1099 3730 26
1225 3401 74
3475 947 33
3631 3883 47
771 1840 10
1784 2093 49
3037 2720 33
187 2592 63
3504 3554 39
3866 638 87
2133 3835 31
2868 2144 2
3628 1422 29
591 2140 75
3814 183 52
3976 718 82
199 3953 89
3659 879 72
2726 732 27
3596 2567 12
3048 61 29
3642 2606 16
915 3307 95
2849 807 42
3235 3954 34
1241 2226 9
2676 3436 60
1418 1242 40
3595 2270 98
65 3184 4
2601 2837 25
3271 3779 44
2655 1165 1
701 1158 27
3198 15 15
1656 3395 73
2466 2527 9
608 3566 30
2860 4 93
1292 460 13
873 3354 70
960 3777 37
582 3640 93
2252 877 19
3434 3163 32
2293 1600 10
1754 1396 52
1634 768 71
3287 2699 1
2411 2709 40
1219 936 58
739 2081 77
1316 1678 54
3979 656 38
359 188 78
626 1017 22
154 3578 65
1435 69 56
1441 1628 43
3643 2849 58
1650 3712 61
554 919 22
1630 3293 85
236 3686 48
684 3935 52
302 1051 96
3278 3342 39
3683 1020 12
1368 1858 40
2668 2544 49
1465 2656 60
1724 1725 26
1590 2787 79
3726 3641 60
2444 2622 34
154 2520 86
3874 695 35
1375 544 90
2016 923 58
464 3458 69
2963 2904 23
399 3642 54
2225 3502 22
827 2971 4
2996 1284 74
2424 3867 80
1355 454 50
2016 1921 40
2494 509 26
3034 1117 96
3257 911 72
2360 3387 19
240 2935 61
3863 3985 91
3718 506 18
1965 429 5
2984 3845 94
687 867 82
700 1944 11
1566 2925 61
3525 2190 8
3874 304 91
2714 3561 28
2890 3510 85
3796 2733 45
2179 2315 59
2180 657 81
481 1033 9
3464 2321 85
2392 1182 19
1322 2485 46
1156 2694 64
376 170 22
505 3348 88
2087 3660 50
2986 2698 3
3061 723 79
2423 242 95
3536 2311 44
2833 2307 7
1728 1852 63
2734 2473 86
2246 2809 37
460 845 100
1602 1863 55
2455 3633 92
3871 2137 85
734 812 21
2787 1202 35
392 3253 74
2326 543 87
364 1452 2
3078 3906 56
1665 2403 1
3529 2815 81
1016 337 26
3251 933 3
1947 654 89
3877 1316 53
1572 1093 23
3410 1709 56
3628 2651 36
835 3726 21
2913 1764 66
3905 2007 71
151 3550 11
3960 3940 65
2860 3806 93
3100 599 2
866 918 60
2715 2056 47
3682 33 74
3762 2567 77
2410 330 5
2704 2813 59
2215 2059 31
42 2739 91
756 3350 35
1411 2512 7
279 3655 14
1445 1932 82
1841 3250 40
1744 420 20
2039 1888 89
341 823 55
920 2552 89
3122 1221 16
362 949 93
230 2695 92
3112 1209 90
2305 3028 98
2401 1002 5
432 1038 31
2806 1884 98
2015 2608 15
1671 3167 39
452 483 57
2132 277 43
2683 3125 16
3218 887 82
1143 2239 22
1588 710 72
2262 2054 39
1751 2253 54
1006 318 77
1624 1686 50
3904 2603 28
2173 2843 74
1380 1947 69
1743 3369 90
2345 2125 7
2985 897 45
1124 3289 84
1397 1857 74
3827 3945 52
2861 774 98
3668 1121 83
3101 2225 40
2103 492 59
1850 2029 74
3847 3764 50
198 2576 9
2897 2750 56
1548 1593 17
1994 270 60
174 2312 11
542 431 86
51 134 84
2008 3705 69
1034 2030 20
3109 2266 5
3802 256 52
2219 1346 26
1917 1488 63
919 1063 4
1023 3163 34
3386 2642 95
3572 72 100
3463 743 63
1311 3835 63
574 2115 67
1246 872 77
3428 1824 38
2981 3418 27
1031 3561 82
1611 926 81
543 159 30
3607 3661 75
3434 1910 17
2539 2688 87
2340 1097 91
1690 2905 1
1008 1442 86
1574 3247 1
2594 2770 17
2501 3394 22
1349 1522 99
3877 2847 88
2294 2472 68
2032 620 8
2778 3805 62
1836 61 30
339 2614 39
2937 3535 49
3857 1413 1
2456 2037 56
1343 3899 7
1558 3394 88
2063 184 22
420 360 74
1009 2853 66
1631 2796 84
2850 2775 18
3948 3958 37
3206 3098 27
3528 3067 18
2550 2734 31
1812 1692 8
3526 1402 67
927 1445 4
669 803 5
1908 1985 74
2342 1445 32
3642 1787 39
1987 2739 36
1079 2627 29
50 290 61
712 796 7
1574 1970 6
534 29 54
822 2792 20
941 765 24
1531 2411 54
3671 1617 58
1483 2548 3
1223 2306 64
3388 1331 100
1921 2641 67
3205 39 37
3184 3547 54
1689 2031 4
2352 68 85
82 449 24
3837 2103 75
3337 1095 50
2498 309 53
1164 349 84
1831 2135 18
3893 588 10
114 2354 98
709 3092 37
3894 2014 17
3794 498 74
1046 2381 88
1726 703 69
2261 110 18
3280 2766 72
2185 1234 41
1586 3022 43
3603 280 43
2318 2895 6
1094 1325 56
54 145 63
2286 494 47
2515 3537 2
2626 2819 100
3696 430 11
2030 3536 28
2282 3685 77
2130 1630 97
2614 3623 66
930 1951 71
606 3396 24
1501 3053 59
1605 2190 84
828 2944 10
126 1397 76
1163 1702 80
3266 3431 13
2095 2751 9
3611 1151 28
200 3611 85
1650 2429 54
1524 1133 62
557 3128 15
2513 3844 17
1322 483 28
3637 1088 99
859 1938 42
3698 3975 18
1117 3791 26
2305 2893 67
2079 2007 24
3011 3755 31
380 2695 14
237 1789 98
2286 3864 27
3005 2055 14
2697 3192 47
3046 963 2
2145 478 27
1163 2633 97
824 37 80
3581 3185 28
3327 3295 86
1782 2729 69
2760 247 2
2424 2181 41
1597 396 55
1553 3618 82
2884 3395 40
1017 3366 4
2759 1081 27
3614 3824 63
844 599 81
1533 1148 73
3314 3782 74
3323 813 74
1088 3219 64
98 1559 19
297 493 35
148 503 98
1569 3900 73
1049 2106 99
1831 1723 5
1380 2526 97
3210 790 5
2971 2986 8
1453 2683 72
3313 3230 70
3087 3623 25
1603 3816 87
1447 1046 11
3431 1898 90
1495 2648 32
2292 3295 95
2261 1651 64
3483 2850 64
1888 2057 80
2576 3248 32
3892 1166 10
2295 1550 40
2430 149 57
3944 3386 95
1161 1927 85
2296 2087 1
518 1095 52
1057 2226 50
1365 3993 34
3673 3788 63
694 1202 51
2146 646 61
3218 2739 87
1817 1532 84
2205 2421 25
984 3771 54
1348 2454 67
2510 3060 79
3057 3305 96
2819 1058 1
3756 1833 81
1394 1469 72
2251 78 91
2595 296 3
1762 2061 81
1599 3565 80
3248 2025 65
1056 1021 43
3403 3371 61
2979 1664 18
2522 1788 31
113 3731 60
452 1329 5
3703 607 24
2930 3475 63
846 566 33
2847 247 94
87 186 55
537 1538 64
3395 1443 58
2382 2383 90
3090 1844 20
2478 3536 43
57 612 11
443 929 90
1762 3092 62
2972 3694 23
3579 1236 87
391 2639 28
3815 1485 81
1359 217 67
3842 527 24
3191 473 86
3321 1772 60
2987 3306 53
2630 2352 85
1855 1906 19
1712 3365 39
1314 1184 37
1969 2011 69
538 3679 52
65 2881 78
1359 3361 41
2935 3106 41
293 3867 47
3473 2249 52
2704 3234 90
2524 3506 12
934 1629 11
2305 2194 36
2771 65 72
1587 2750 54
1320 2231 12
1160 1210 24
2244 3043 5
3306 219 32
242 1698 26
3104 3103 12
1020 2826 29
713 2752 56
1422 592 61
1106 2551 57
2150 2878 27
3792 3334 20
2587 823 26
2348 1920 90
523 2782 75
329 3012 75
3824 750 99
3430 601 54
1420 1901 56
3103 828 54
2536 1083 40
440 3954 8
2202 1849 6
2897 3737 14
2287 3458 94
1687 3582 98
590 269 85
2623 3571 82
4 298 65
1398 2091 24
1050 2481 71
1014 3848 92
969 2826 34
1785 1452 84
3530 2281 17
2477 2885 47
3329 951 20
289 2899 62
3776 2769 66
1792 301 23
3578 52 93
357 2689 16
3219 1245 73
2950 21 67
2791 1446 5
1640 3114 96
2010 3382 40
2310 2507 66
512 744 24
3576 1615 38
2580 2137 12
233 3288 49
433 2905 29
3965 453 68
3414 2802 29
3100 48 39
1190 1402 92
33 3604 25
2534 1607 23
2899 1032 23
2809 1471 82
1002 2287 12
3604 2843 100
1732 603 26
1466 1919 93
881 432 73
1215 3484 79
3010 1595 26
226 2759 76
2682 2428 37
463 620 76
2050 2630 29
3634 2392 83
2360 1493 33
3373 1258 28
2433 860 63
859 3846 63
3112 113 81
1472 43 99
3024 1462 3
3064 3194 19
3982 1351 41
2847 3531 29
2427 760 90
2309 3147 49
3417 3519 43
915 1905 58
2236 2296 100
493 3739 53
2722 1153 55
2602 483 74
547 2858 86
3951 177 29
2919 3250 41
3265 3181 93
1139 2856 21
873 768 71
2591 1667 86
3462 2204 58
3396 3408 21
1286 1441 14
710 1215 57
2078 45 22
1097 3198 100
1520 2115 78
685 377 52
1453 405 16
3030 3166 9
3448 1496 66
2251 1339 15
1642 239 99
817 3775 53
3343 3398 91
570 1384 19
561 3742 76
1462 3759 99
3999 2129 54
3181 1751 20
3805 2923 56
937 3721 26
3738 3086 96
3533 2727 100
232 3798 61
3161 1718 12
2072 3589 6
972 1910 63
936 3842 74
518 3016 90
1934 443 30
3690 3296 99
2961 3033 28
2705 85 90
3957 3571 50
2860 3953 43
1308 2550 100
3600 1607 24
226 66 65
2131 2910 28
1760 3994 36
1737 1555 95
507 591 81
2231 1464 84
3088 1205 47
3103 3343 76
1524 931 83
2237 1402 95
3238 3051 11
2082 1820 23
418 2717 9
2437 1770 26
2982 2238 98
3132 1221 5
1023 2376 7
1392 747 72
1548 3661 68
3112 778 25
3790 3568 42
317 2874 40
3920 3992 96
3882 2290 33
23 1960 85
3731 2566 28
1837 2442 12
1069 59 18
2838 3456 92
3427 1972 51
3398 1295 91
3377 3290 15
570 971 40
3285 110 81
3740 1500 95
2749 519 31
1795 3683 44
22 3340 98
2177 3339 3
2119 2393 72
2225 2392 62
1743 59 100
3458 1396 85
3456 671 81
3279 1212 18
2832 2627 74
1163 2442 86
433 3436 22
729 1799 55
257 296 14
386 2827 91
1135 525 75
1721 2308 36
1808 3803 24
2651 690 21
2193 3264 93
2440 2558 19
475 3372 1
2604 281 100
581 1998 10
1422 1268 42
1663 2227 58
2866 1596 2
1497 1698 66
3821 1551 81
2075 3922 79
3229 2162 17
2979 974 28
747 86 50
1181 3144 76
2361 173 97
3919 2307 10
2485 2128 12
2796 3537 69
3108 827 69
1349 1440 20
2833 3814 73
3393 3573 90
1251 1856 88
3972 2444 44
3198 2758 10
3679 1060 30
3165 6 44
1228 3373 3
1739 560 85
3392 1287 26
550 505 55
1175 3694 3
3543 3719 49
1696 2782 31
3139 1043 29
2154 3263 43
833 2344 23
2063 1719 89
199 3800 15
1389 2478 92
1611 1049 82
50 2259 93
439 3582 96
2923 589 8
1644 3653 99
3971 2613 25
1976 1167 24
3257 1511 87
875 2395 63
3892 2594 12
1238 1838 33
2792 334 79
1086 3053 34
2112 1996 76
3354 2647 31
1775 2734 40
1918 3410 9
540 1815 99
1444 3952 20
595 189 90
3639 1381 97
3346 647 62
3940 1762 81
1807 3075 42
198 3746 1
3951 3146 9
2959 1602 85
249 1674 5
1822 3780 93
3861 2272 87
3139 2207 42
837 3728 13
1257 2674 40
1493 665 43
3918 2070 52
221 1241 54
2811 2140 22
3311 3882 90
1461 2378 96
285 3584 27
1832 1806 34
494 914 69
1311 2332 58
3333 622 62
2920 3962 48
3072 1239 91
511 2295 99
3773 1809 30
2271 10 86
286 3271 88
3030 2552 75
1493 866 64
733 1479 39
1117 1334 23
732 2273 73
1512 2833 30
647 2339 1
1042 1622 38
555 1182 55
81 2921 72
2386 2636 70
2998 2103 48
1122 1041 1
3424 2702 61
382 3470 13
591 624 91
2384 2586 56
2283 1496 88
3694 2898 100
2424 1883 60
329 1336 53
891 491 2
3624 3395 89
1722 944 34
1988 321 57
1477 3321 97
496 3608 85
1557 3786 66
624 3755 98
3284 3896 20
1025 2805 44
2449 3513 94
3563 3101 8
1965 578 47
2300 1508 46
3226 2145 24
3091 215 23
3074 457 46
339 1082 12
3608 505 35
3405 3129 74
2531 63 56
3555 3911 77
2991 235 80
768 1683 39
188 2214 38
1186 3179 35
1945 3550 89
1836 3713 68
3652 3111 76
2322 171 6
1657 466 91
238 1359 33
125 2682 94
3752 172 26
552 2814 37
590 3843 47
2050 1653 82
3717 2495 92
1840 672 83
2129 3484 85
12 3304 28
3648 2959 65
3863 215 80
2520 1430 25
1685 3704 96
796 2965 95
2958 625 96
568 997 61
3895 550 17
845 2754 52
3125 2432 21
2364 2120 23
749 1944 7
340 268 12
1913 2638 57
2155 975 91
3810 2852 43
3400 3049 79
1614 596 28
166 3051 94
1684 3471 89
1427 271 4
2497 911 62
1435 2250 24
493 2361 60
3051 2156 95
629 1637 95
57 1729 39
3786 939 96
330 3147 66
1230 3064 24
1951 373 94
3428 1766 3
490 814 49
763 316 86
2743 2758 79
624 105 73
3710 2485 19
3423 1361 52
3676 1125 34
65 1472 33
3778 1846 88
2994 1413 34
445 65 11
3151 2008 12
1905 959 63
2052 824 10
701 184 61
1510 3070 77
2029 2721 16
1923 2695 6
1293 2314 22
3666 356 85
3513 1725 36
1479 1946 90
2370 3986 56
654 1834 92
3256 993 62
3361 2566 12
591 2409 56
2995 3952 68
1318 1463 2
129 3509 59
293 185 74
81 1898 98
1493 3378 66
144 1322 24
2861 3947 97
385 1983 39
658 2524 25
701 3408 56
3948 3895 30
3136 3657 46
450 1417 50
689 1014 47
1806 3672 56
1835 1788 25
93 1967 91
132 1401 18
111 2465 22
2856 2267 17
1688 3778 72
3793 1533 1
360 3088 6
828 695 66
1939 712 12
3630 418 64
498 3700 96
1602 1003 31
3630 713 66
412 1409 2
3789 3334 20
1027 2929 91
1608 1476 83
2357 3546 66
2139 1492 95
3411 2899 47
1025 2503 53
696 60 62
1328 3501 38
1271 2946 73
526 1797 88
2140 2197 52
1353 3825 19
1422 1960 41
1044 185 58
513 3579 45
3106 833 3
1151 3588 27
3316 3866 41
3363 2006 64
776 666 90
2587 3299 28
210 2446 54
888 1353 50
3378 2362 96
1722 701 45
1669 626 62
3837 2204 71
948 99 1
1047 496 74
3758 1002 23
3039 2072 2
1742 521 84
519 1239 100
3923 2974 13
3471 3539 27
1385 1748 32
2991 3201 95
1712 727 10
135 2219 9
516 1977 9
2850 24 61
347 2166 58
3570 61 15
2066 1620 3
2963 3759 4
3943 409 18
726 1947 22
919 1717 36
996 2013 65
901 1075 48
1817 1911 57
1487 257 41
2183 1546 92
2480 2079 44
3081 2465 14
617 918 82
2625 2082 23
1940 2399 45
2827 1596 72
87 2045 74
67 3283 10
1004 644 93
2835 1175 56
2153 3183 15
2810 180 10
1944 1214 66
1232 3284 77
78 2835 95
372 1178 88
3711 579 49
1702 1331 62
2722 3945 91
552 3247 85
1116 1091 43
960 2490 27
3298 2346 3
1093 2836 41
3717 996 18
2959 1558 14
3267 2219 10
843 839 79
2849 2511 80
2297 3040 82
1567 3909 58
3983 2426 37
3173 2598 4
2360 65 87
1082 2089 70
2602 615 31
2262 2009 15
1677 3859 89
2503 3073 4
370 605 94
3054 2662 77
132 2787 21
826 2383 87
351 3659 73
3648 3512 71
709 3054 37
2489 2851 9
1327 730 22
1921 1621 27
3927 3238 27
2090 2501 97
1849 451 82
2161 109 30
3379 2087 1
550 1535 92
2011 3327 45
3464 2529 36
2890 677 50
2988 1409 28
2991 2290 67
1578 1134 40
3191 3015 14
2668 433 85
3009 3656 89
246 3787 80
3708 566 93
823 1098 11
1694 3805 13
3028 1324 76
3075 3516 91
2293 969 86
2358 2405 35
2924 2268 21
3083 570 84
711 2894 89
1120 587 65
1134 2281 13
890 2677 43
1890 1594 11
3720 1400 72
242 3073 13
2991 1106 47
2291 998 82
1119 3715 12
3764 3025 99
2839 1438 4
1032 2682 16
2292 836 96
574 1765 12
1473 2396 95
2536 3293 100
1496 1146 42
46 1670 90
107 655 69
3897 1534 88
3586 3532 75
646 1730 53
2441 3996 93
3231 2655 18
2027 1358 96
747 2554 38
3550 200 63
1612 2918 73
3231 686 16
3468 2257 44
763 3929 23
2367 2285 45
1618 2579 90
787 386 95
2735 431 46
821 1105 86
1826 1533 75
798 233 28
2353 1634 29
3003 1025 4
3795 1625 7
804 2788 1
812 1049 2
931 511 2
2747 779 16
3275 1819 54
1533 3682 32
1309 3693 63
1269 355 63
3663 3818 75
2134 35 99
755 1942 2
1526 2245 4
1916 1825 98
301 3318 3
1250 321 20
1572 3762 49
1808 1277 2
1115 2148 16
778 1916 11
3455 2861 59
35 2219 29
1 1989 51
42 42 81
342 3098 44
3567 3606 67
1260 3560 99
2850 1162 52
494 1113 37
3903 1681 90
227 2420 93
2405 1672 70
1285 3260 95
305 3475 88
3366 2267 83
3535 543 74
225 180 72
3922 1226 79
1870 2492 46
1536 26 53
3520 3341 13
2661 727 88
137 240 83
1424 3364 19
1906 2999 38
379 619 41
3772 2399 28
2140 3775 95
1898 408 15
1743 3860 49
1930 2289 99
1228 2459 49
2309 2257 5
2921 3198 50
2319 1387 38
1220 16 91
349 436 10
3945 2790 93
981 1956 62
3223 1915 68
2604 1928 25
3272 2416 28
3626 480 88
3780 3002 82
2483 3679 88
2496 1617 72
3225 1333 51
1861 3171 99
363 3461 86
279 104 28
3670 2870 36
1328 1007 4
1359 2303 6
3233 3695 73
721 541 67
3665 1880 80
3313 319 77
3156 2943 1
1794 288 36
1715 421 64
165 2639 43
3372 574 24
3284 3670 70
3080 189 87
1401 3842 81
2262 1984 11
3376 2061 21
2510 2259 69
1206 3195 66
1397 3076 28
2751 3492 23
3498 536 74
560 3426 6
3740 2477 40
109 3383 92
2507 691 97
2739 1940 47
435 3644 9
2892 3428 15
912 3431 9
3244 1696 95
2771 1026 27
2702 3697 22
1613 3618 45
3929 3880 44
1459 1210 84
3447 2240 21
1102 3526 81
1220 3049 94
3385 3310 44
1409 3475 78
3379 2068 64
3723 3217 2
980 878 52
450 2949 2
894 320 53
3443 3434 15
3380 3289 32
1368 2088 40
1522 2494 6
2239 322 91
3685 936 13
282 636 26
3141 2202 3
2290 3063 10
1471 2627 82
3401 1618 99
2720 1279 21
205 1731 73
618 3794 41
402 473 33
1584 3152 40
1764 1615 66
3898 1322 21
3682 1496 92
1956 1145 89
3806 2661 43
1318 1578 78
1642 806 64
2361 1901 32
521 1246 37
3825 1399 23
1247 3107 88
2812 2198 18
1511 986 95
2505 3575 64
3957 3318 42
1890 1315 30
3236 9 32
3641 649 11
3932 2636 22
1357 473 74
1539 708 62
3717 1699 93
2006 1669 60
1021 3423 97
1540 3152 40
3542 797 89
2165 2120 63
3622 280 70
410 959 27
1553 1321 29
3902 249 51
1034 239 10
3002 3269 16
2021 1586 52
666 1479 20
1258 2643 77
2210 3306 93
2941 408 28
3415 2455 30
2039 455 33
1795 1532 59
851 3306 77
3973 1232 93
3621 1131 44
293 3675 59
112 3908 50
3480 3890 5
2908 3330 96
3871 3325 49
1819 119 23
158 1807 72
3638 2743 58
1355 3805 69
2712 1945 13
2039 2063 84
508 1616 53
3999 1106 4
3766 2302 10
2633 1120 95
3952 2273 41
970 1132 86
800 2247 85
2245 3883 83
448 1134 13
1705 604 59
487 1407 24
1144 174 2
3944 1181 24
1233 2956 2
87 2262 27
2001 3269 66
3971 451 86
1228 996 79
875 1947 21
1335 1000 52
431 1760 83
3113 3056 12
1367 674 90
1691 1958 58
724 459 69
2498 3551 72
3089 2886 31
87 3225 32
1129 24 33
2587 1076 99
1217 3992 95
1521 1073 82
3061 1501 11
2141 3289 23
3727 966 99
3431 477 25
1072 3715 76
2507 838 84
3034 80 43
374 1171 30
1622 733 92
2889 1410 33
3192 2313 54
1656 446 25
1188 1901 17
3922 3878 60
374 503 69
2391 669 59
1524 946 97
3638 3708 27
94 3872 67
192 3863 86
3130 1941 14
3710 2180 1
3282 3088 68
2946 2552 16
1718 2340 8
3571 3499 80
3462 3708 96
1082 2766 25
2694 1467 32
3129 1768 89
3374 500 60
3055 1827 47
2994 3295 3
1216 3532 2
1158 1672 61
1563 2277 33
1691 2653 64
3964 239 21
2251 3133 90
2875 1423 87
1442 3828 7
2753 3045 29
385 2160 19
3057 3030 20
3901 1784 45
3755 266 81
2145 3802 92
2334 3060 15
1857 1450 24
1147 2236 76
1906 3496 90
3491 1810 59
1837 3777 72
840 129 83
3923 3103 63
230 1855 99
2742 3156 70
2588 774 48
1796 2340 31
3228 3643 49
2862 957 42
850 1379 82
3602 312 92
1314 3829 93
402 3815 89
1211 3055 52
1697 3855 24
3258 3417 32
3657 837 19
846 1618 91
3667 1684 35
144 1514 27
2685 2678 99
2755 1319 97
260 745 30
3031 179 27
737 2871 41
2397 2354 80
3705 391 36
3663 313 43
1598 631 72
2536 2967 55
3941 2300 92
3314 2564 100
542 167 8
67 819 49
1955 414 4
2845 3248 52
2587 2903 3
898 3119 40
377 2666 79
3787 3838 10
119 2238 41
819 1830 41
1571 144 25
2332 2882 43
409 2881 42
1668 3958 47
2559 1104 40
3556 1606 28
1878 1062 95
2651 2170 69
1438 1621 64
1610 523 59
3532 539 58
383 2284 36
3221 917 40
2991 2751 95
608 662 13
2586 3217 56
937 2936 53
3033 909 97
87 3959 28
1649 3935 98
3891 3912 93
1053 2407 99
2633 2394 97
2191 1315 27
539 1574 55
3593 3897 65
3098 2231 61
3378 3111 9
962 3501 2
3020 2612 70
3934 2026 73
1554 3380 25
734 1195 44
2146 2941 33
3836 1492 85
1902 3847 18
1812 590 25
1785 3948 18
3213 571 92
3288 2588 97
1205 3192 78
1418 3434 44
3654 519 10
494 67 70
3645 2992 84
683 400 53
3552 2814 79
2107 1297 2
3870 3119 89
2223 3637 11
2806 770 64
618 3192 38
681 1088 15
200 392 29
1188 2604 29
3130 3413 9
587 114 36
3277 497 90
631 3558 88
1309 2285 96
1394 1206 50
2411 445 15
345 297 63
463 584 91
999 1827 3
1611 2209 81
2655 2960 99
1013 2027 46
3646 2855 43
2630 982 86
3730 2260 63
2548 1254 41
784 3974 56
610 3902 2
3498 866 14
3007 1993 2
2505 112 61
1550 761 53
3920 463 5
967 3262 67
2598 3481 22
584 331 48
1472 3680 12
274 1996 35
2091 2033 77
392 2526 62
2764 1395 27
2141 1777 79
3233 3730 77
138 718 80
1057 877 87
1455 3557 97
517 485 26
1903 1705 57
3391 2135 37
1235 3128 54
2586 2288 36
1751 3490 28
3885 1070 48
2146 3499 90
393 947 66
1274 2114 59
3741 414 8
1844 1681 71
1124 2292 23
3298 40 60
2539 1226 37
2927 479 43
724 1144 97
525 1117 17
1556 1140 83
2647 114 4
2977 3538 65
2978 869 45
1909 1414 18
1469 1724 28
1472 1753 92
2710 1130 96
1727 1722 38
2019 3430 94
1839 3605 85
2583 2278 29
1778 2446 64
878 927 29
2157 2215 23
2256 994 36
310 3938 72
2500 3922 80
1624 2093 97
776 2557 18
294 1121 84
169 3177 30
1273 1879 57
3191 3957 32
2818 2926 91
1610 147 9
307 2549 70
404 1616 86
3672 3535 70
3529 2386 80
874 566 82
1501 762 54
1223 2857 21
1993 2787 98
2500 3248 42
713 1390 48
1574 807 33
3360 686 27
1593 2557 57
499 645 93
2478 3816 10
3386 2970 92
3778 2950 45
3211 1384 83
1829 2617 88
1348 2023 10
2722 928 74
1484 1698 5
3078 3783 70
1290 1060 34
2607 2567 16
2556 2553 63
3766 3066 37
1149 2246 54
659 2501 10
882 210 44
2044 3697 40
3206 1662 47
3764 1506 82
713 1246 95
789 3523 53
659 2912 52
1236 3892 80
2486 2289 71
3684 2438 36
1904 1599 66
597 164 93
1386 1213 84
564 1146 21
3455 73 94
639 3062 48
1810 3839 29
1208 1134 75
2869 2185 34
2616 1954 20
1233 3939 63
1148 2797 99
2718 1605 53
2422 50 57
2876 3130 91
2840 2485 13
3089 1126 20
836 3929 51
1773 3444 96
867 1177 60
1492 349 88
844 3653 45
166 3251 66
1408 1632 67
415 3375 22
2145 2640 74
2490 3528 56
3267 1430 81
3039 2527 32
2501 2152 91
3503 1261 18
1675 1096 6
3655 3057 48
3749 2469 18
423 806 42
1550 947 20
920 2146 65
3446 3097 53
1462 3857 21
1641 2343 52
2289 2821 1
3938 556 94
1827 949 35
3046 3369 60
307 2176 73
2890 1333 88
1141 583 67
18 3555 78
1471 2078 47
1162 1256 11
2228 426 90
463 1467 47
2330 2282 42
344 130 58
2821 2326 42
1461 34 12
1899 2925 20
2171 3537 31
488 3419 1
1117 3899 7
1068 2734 84
1781 1163 72
1642 3316 91
1999 2049 70
131 1034 45
3603 2850 36
331 635 82
3071 2858 25
2135 270 80
2918 2209 49
2838 2952 33
1406 3961 64
2510 3004 20
3876 2416 71
2214 2626 13
250 1732 78
351 2774 72
3342 3523 3
578 1975 91
3991 418 13
1146 439 65
328 419 99
1780 452 66
2596 3922 42
491 2867 46
666 2235 9
2982 1236 26
1950 2958 25
2037 2522 83
235 2811 35
3255 2080 68
1069 361 29
1183 3812 22
521 1071 78
2156 857 22
3807 130 85
1809 3116 33
1326 2063 78
2407 747 25
3748 1473 14
2846 800 99
524 812 71
2722 861 92
1310 3684 87
938 584 69
308 2232 85
3208 3845 75
763 652 37
1232 532 60
3474 2337 14
3714 1 74
34 3521 48
43 2757 89
671 2226 2
246 1964 94
2328 833 70
225 2437 25
1806 2705 71
2761 3106 71
3246 391 60
3170 966 77
3727 1339 39
2049 2379 16
3666 2113 73
426 2481 50
925 1534 65
2636 923 68
515 882 46
10 1462 20
391 3486 11
1245 22 39
3215 1597 14
988 2989 27
2825 3873 69
3162 3451 50
3746 3038 13
936 3607 29
279 2792 9
3229 679 40
691 205 11
20 732 11
1390 3088 44
700 2808 2
1206 802 90
2258 3451 65
3821 65 28
1940 2345 65
663 3444 58
1764 230 43
3593 3810 68
518 182 3
2035 160 55
88 1028 99
977 3159 63
2884 339 77
2026 213 40
3436 2723 74
2412 183 27
3562 1597 45
316 867 56
102 3433 64
1569 1584 48
1028 1284 10
3488 1788 63
819 353 70
1114 622 8
3071 2164 68
639 3839 53
2147 3830 88
3903 2206 34
640 2933 43
2609 1127 63
1891 3182 100
1854 1457 21
2850 3492 18
3115 2633 86
926 2314 37
913 1105 1
1588 2922 15
497 2562 29
2771 2149 44
3892 3635 88
2338 2143 99
139 3045 83
3476 3648 93
2844 890 80
2821 94 1
3982 1584 72
3114 3161 30
1432 2959 75
3661 2788 71
809 299 36
2102 165 86
709 818 28
1071 3515 78
2970 1154 89
1905 320 40
93 1649 48
398 1459 11
3714 3915 64
2837 1213 22
2720 2650 7
3763 3461 42
2878 1919 29
705 1599 35
3403 685 12
1218 3921 91
3052 2872 89
2658 3271 74
1985 3408 29
613 3213 56
3788 622 17
1823 445 1
797 187 51
1809 2425 49
2434 1772 88
3855 2704 43
2077 1787 19
3193 1054 31
1790 970 4
2735 3835 66
3405 3567 17
3317 3864 4
1296 3282 84
1516 2024 31
1635 325 91
3190 636 26
2968 1973 7
3368 1096 86
1930 3614 72
3170 1134 78
3508 2599 8
3219 2144 80
2760 1999 5
2581 3607 82
1427 3241 52
2656 1003 38
43 2673 42
279 1652 16
2981 2103 47
1045 2482 9
425 1581 84
2101 2947 73
783 1662 81
251 3011 86
2332 3299 79
427 1588 19
2589 3167 99
2958 3581 25
2616 3062 100
1391 1602 35
2675 3773 51
3032 1430 50
2375 3830 45
252 3845 57
3371 78 89
1957 3752 94
28 1992 50
953 713 26
253 1586 5
1427 2840 36
2180 1676 47
3283 1561 37
817 274 1
1628 2502 70
52 963 22
2619 3129 87
440 3552 4
232 1866 81
1099 681 61
2590 3958 75
1305 1548 23
1568 3670 7
3374 3152 72
991 1002 18
947 1511 51
3101 726 69
107 3348 25
2377 3560 39
1360 1460 97
2874 340 36
2070 3476 5
1029 3536 57
2810 2773 9
1326 3237 100
2135 3407 2
1137 924 54
2046 2571 82
696 447 79
740 627 95
2711 1916 97
1662 855 93
1714 1474 58
993 2381 88
2194 385 10
167 51 40
1979 2098 40
2299 387 63
2727 2802 69
3553 2426 36
2630 3299 68
2548 2544 99
511 2892 85
502 3904 59
1570 2795 85
142 3352 42
793 388 9
3031 1899 15
808 3963 83
2595 3671 71
1920 2672 89
736 623 28
3978 989 83
1418 1111 88
264 2113 77
0 3498 34
894 925 97
3747 3617 76
1850 400 53
310 692 14
1006 1759 16
3306 1835 30
2578 1260 41
549 1810 18
2175 1980 30
1350 3282 33
1978 844 99
3989 598 43
2576 1956 67
3804 1531 13
2493 1058 91
1136 1758 63
3631 1619 7
2568 888 15
3134 1813 51
1654 3475 38
2938 3437 82
269 2919 49
3482 1803 68
1844 2680 88
2211 2370 30
708 2001 89
2503 366 76
2284 3748 36
803 94 14
1836 1587 45
3679 3238 19
1384 2262 72
2244 3717 8
2723 3930 23
3070 3130 28
2527 3581 96
120 1800 7
2980 1972 38
3405 115 92
3003 1428 50
2760 213 40
3977 1778 36
1132 3590 78
654 3468 90
841 1411 11
1196 1356 4
202 2263 75
384 1501 66
2948 2162 74
23 1153 70
3744 2704 52
1607 2273 18
696 127 29
898 2011 35
3310 828 76
1425 1466 80
3604 2026 88
2867 2689 34
793 3490 83
1984 1090 14
509 227 97
3391 1686 37
974 430 8
2305 3202 23
2018 2463 4
389 2780 98
2653 1498 18
541 493 38
2982 3955 66
2255 1704 27
2437 457 71
1412 33 58
2602 3547 7
3036 1257 35
720 15 14
160 3027 1
3929 2099 37
1886 2384 84
3359 2558 31
1798 3188 50
1188 2703 11
2140 3566 86
953 2996 62
2885 1198 29
3704 1195 60
2285 2002 17
3291 3724 45
1918 72 77
492 53 65
2841 3673 4
1463 2301 40
2321 2713 61
2629 368 40
2273 1835 74
2291 2144 84
3074 2994 96
3976 306 17
45 1850 67
185 1161 24
103 2678 2
1090 3865 37
1935 1562 94
394 1333 58
219 3812 72
3285 139 100
3575 3265 87
584 2895 100
3388 2364 20
138 1593 4
2475 1451 45
3131 3690 2
3402 373 29
3674 770 69
351 2340 56
679 2475 89
1652 192 33
3030 378 55
2876 1335 96
624 3904 63
1149 1702 23
3372 1242 50
2939 2008 96
746 2163 98
2702 2392 10
3623 2304 69
3814 1447 58
974 1710 51
3156 1254 49
2479 713 81
3711 1873 72
235 224 99
628 2990 8
1943 2044 64
1402 3493 99
3446 2602 89
1874 611 99
709 1221 96
1069 3478 77
902 751 13
2784 2475 5
1039 3190 95
3414 2670 92
2268 3988 21
3422 81 49
163 3334 34
1681 3434 23
697 3375 28
2983 3463 21
1382 1789 85
1969 2954 11
87 3997 81
2923 2604 15
994 1716 48
436 1858 83
2148 1952 58
2132 3550 91
52 144 22
3190 3842 3
1930 581 100
3290 426 79
2328 1092 76
2893 3283 74
1919 194 11
3413 1649 25
969 3060 51
2080 783 14
3283 2276 26
3434 771 68
2672 702 21
1254 201 33
2031 2407 41
3940 1634 18
167 3057 49
1418 3702 25
3050 3478 58
366 651 63
2112 1243 83
354 1505 68
1642 3019 54
1855 1991 63
1980 764 1
2774 2929 96
1243 2730 62
2150 3960 78
3775 293 93
3637 2569 42
2995 2020 9
94 2163 44
3128 2636 94
1384 221 9
1831 570 19
1190 700 81
3697 1595 78
1703 978 30
3269 1813 37
1600 3333 11
381 1699 87
2859 1446 56
59 962 99
3876 3989 79
1011 3180 62
1872 3920 72
1043 3038 72
1883 55 54
955 1162 97
2088 949 74
845 3869 69
2118 1668 24
3767 1906 79
34 1319 8
1645 173 58
22 629 17
2668 2909 8
2897 1626 43
1074 2813 99
726 2626 13
3180 3051 3
3578 2638 1
2590 1017 10
3020 3580 10
2140 3551 28
668 1710 45
3133 1602 35
951 3072 69
1245 198 32
748 1747 63
3079 2435 32
2170 1084 22
2280 2786 44
382 152 66
2819 1473 21
3505 1230 3
1953 1253 8
670 3158 78
769 1392 9
1201 1200 92
2610 239 58
234 1199 47
31 543 72
2144 825 28
1216 3043 11
950 1896 65
3731 3109 40
3512 2732 87
1503 2333 58
277 3674 10
3335 1974 82
1716 2560 26
3408 3760 62
1110 2486 34
1739 1986 72
2838 2889 82
629 1255 82
2710 2 2
104 1995 13
2098 1380 23
2637 1063 55
2573 100 54
445 42 39
3132 750 84
3957 866 98
1876 2701 6
926 67 88
1423 1513 55
1753 1167 14
2327 758 25
2433 3645 8
261 1616 1
363 2329 61
552 826 49
2472 3074 54
1276 677 4
2153 2507 38
1356 3537 75
403 3236 89
2401 2188 78
3854 398 73
1013 1366 64
708 1477 38
3422 2990 7
3420 1044 50
1328 3187 86
3900 3609 14
1276 2443 31
1557 1374 87
1490 2657 90
2161 2438 5
2932 764 72
3487 3374 62
2071 540 51
1607 3085 49
3222 1056 84
2781 3161 49
786 98 23
1765 2308 7
3853 1004 79
1020 2231 21
627 3246 27
3264 3378 61
1081 3751 52
838 616 46
3021 2976 58
3476 2783 82
2940 454 49
12 1386 83
313 1904 49
3638 376 31
3831 2601 60
36 3658 18
1143 2683 63
3062 650 91
20 3340 9
2704 609 69
1784 2073 95
2616 1954 35
3276 1712 98
3787 2269 65
2401 3215 3
3893 504 56
1538 356 72
273 2143 1
2605 1299 59
3360 460 89
1385 2642 89
3572 113 64
3515 1926 58
1402 1687 83
946 2146 94
3948 113 2
1672 1006 93
885 1829 37
384 1416 10
1487 1411 48
926 2938 14
1865 284 77
3479 2944 62
120 1035 98
2326 3200 25
2855 2718 22
3865 1110 7
2770 1393 36
888 1345 63
2223 3585 57
3742 3325 77
1991 3592 49
269 287 5
837 1651 75
1619 1101 31
2823 3640 97
2628 1390 99
1164 798 85
1865 3092 26
2377 3278 54
3975 1356 64
317 601 89
1343 943 85
358 579 38
1675 2831 100
2455 3196 100
2249 521 37
987 412 39
3888 3255 6
317 2205 10
1341 2798 44
2363 1308 42
1176 3969 56
693 291 84
2096 71 71
604 253 61
2794 3813 74
1911 437 31
2149 1442 42
2411 75 17
799 2342 85
1630 1774 19
1400 299 34
1652 2395 88
1384 121 64
3897 352 68
2618 2468 41
3224 2395 71
209 2984 22
2169 136 85
1932 2169 59
3296 344 17
2249 1041 9
3294 3580 54
1641 317 36
3193 2672 23
210 43 16
2542 137 73
2354 672 37
2654 2000 29
768 463 89
1053 1216 30
3360 2408 1
490 1626 73
516 3559 79
435 460 33
3578 812 9
548 2166 25
2923 3960 29
1156 3245 56
2580 730 57
2674 2718 10
749 3740 77
814 3074 49
2984 3491 41
2102 496 97
3301 2693 60
2275 277 11
3016 880 24
2091 2626 10
504 1258 34
3938 2339 76
896 3393 64
1406 2871 38
95 3419 27
1480 1831 70
2120 1439 74
1459 537 27
3800 1560 35
1297 1624 95
997 2718 74
2123 3724 25
771 904 38
2610 3642 90
2137 3289 33
2764 1708 60
619 3840 19
3379 1795 24
2295 2446 34
1250 3759 90
2179 3305 90
1574 1708 70
3832 1966 90
133 1991 38
1123 488 45
394 2960 67
3161 2674 28
1599 149 2
1081 1317 46
1676 47 77
830 1183 88
1452 314 28
365 2238 34
3245 1957 54
3574 2953 19
98 52 45
1381 806 62
2635 661 23
436 2150 96
3787 2234 53
1370 1078 49
3794 916 44
2441 2321 57
3295 3584 65
1641 699 78
297 1288 10
3678 2194 85
3960 1254 49
339 818 71
289 2997 98
1913 2689 78
1279 654 53
3037 1013 67
123 2616 14
2333 3799 34
2157 556 52
3146 2549 85
417 3994 35
1848 3874 17
3057 1610 18
3400 3199 1
759 337 15
1522 2004 89
1951 1454 12
3741 2284 82
207 3359 62
2256 1044 1
3881 631 88
346 2585 38
653 1135 98
2412 833 50
3851 1045 51
410 3834 39
3923 2767 34
2668 2333 58
3727 936 94
692 2719 38
3406 1262 17
1819 3179 48
1135 1165 63
166 3856 94
2255 1872 5
1756 3322 72
581 2449 20
1136 596 62
3209 2307 76
2725 2228 71
650 1647 27
819 2161 11
15 1999 58
1924 2963 10
3769 299 16
3353 3762 94
555 2020 7
3609 620 40
1304 3980 64
882 2261 46
708 410 83
2736 3112 45
1788 3808 87
294 1089 61
957 876 10
39 2000 25
762 2458 56
2410 3420 75
3879 1780 52
3531 2216 94
829 2753 66
389 2466 28
521 1213 37
1489 1466 70
3822 1123 61
3544 2210 80
768 1033 68
2115 452 78
3549 756 91
1481 261 52
3493 2444 76
2011 323 75
1475 712 50
2660 3860 73
1345 3961 38
170 1417 100
662 770 1
249 3713 94
2883 228 61
755 2432 2
1145 2549 14
3476 2655 54
2087 3331 34
2295 6 54
2606 3434 37
3387 119 57
1415 2323 86
3725 3351 66
112 2229 90
1407 2530 48
1768 1369 91
2977 2971 20
3841 3824 77
3454 515 47
2276 3424 16
1910 3490 42
2012 1183 29
72 3863 12
2145 2218 75
1319 3012 89
3188 189 45
1637 1962 4
591 3949 74
873 991 78
784 2427 74
1942 2995 86
3281 1529 94
1147 2088 66
1881 3152 71
2638 2507 68
2339 1261 72
760 3546 15
841 2985 31
3959 2710 26
3874 776 2
324 3821 63
1379 3976 60
364 2171 19
3667 494 83
3780 658 5
795 2289 23
617 1194 19
2498 2740 19
75 1465 92
3259 3841 8
365 2075 60
3605 387 61
3617 409 20
1818 1939 74
3988 1178 59
742 1529 43
880 6 58
3617 1599 22
3263 3668 26
3055 738 48
2511 3222 75
470 2003 18
2240 1543 51
1340 1787 24
3463 2790 15
3417 929 86
163 2741 16
2123 249 82
3523 1074 67
2149 1914 20
397 1374 59
1396 2722 22
3102 819 17
186 1834 75
3650 3519 45
238 1409 44
1068 2565 84
3639 3568 12
56 726 48
622 3392 7
2116 1355 92
3054 1611 48
3018 943 88
3186 1669 51
2440 1453 61
537 2161 2
1624 1581 17
3624 3494 89
2863 1470 40
1526 509 37
2099 457 63
1450 3675 6
3428 2201 79
410 852 1
2877 3832 94
3708 2536 53
595 3404 6
851 3557 2
3014 2876 94
280 284 27
2316 86 86
2189 3679 78
1157 2797 46
1854 1250 33
3213 3918 47
2648 3361 11
3335 2353 71
676 1155 22
1158 2018 27
3800 735 81
209 2354 20
1868 767 13
2896 2184 87
958 2014 19
3261 2806 16
99 1039 10
456 2414 70
544 51 92
3532 1601 8
416 2523 20
239 1032 49
1201 1640 82
1920 3812 66
2906 3456 71
264 20 66
1569 1239 29
3909 1964 27
3294 713 58
3944 482 83
3367 3383 42
3079 3792 64
1268 1817 29
4 2291 72
1786 3495 53
2174 1860 10
1833 3628 100
1961 176 44
848 2301 55
2415 103 82
2821 2623 63
2358 746 38
3736 2789 67
1170 3253 19
758 3205 55
3484 70 75
3626 2339 57
2126 1611 56
1961 1156 77
3756 1053 48
361 3503 4
499 404 34
1263 2568 98
2729 1813 8
1256 1888 40
2818 1245 30
2527 1776 90
2857 165 64
1359 3398 87
2816 83 79
2783 2768 71
3867 1545 42
2778 630 21
151 3045 84
2001 456 93
2627 1711 6
400 138 7
447 2843 13
1810 477 45
2285 1217 96
1015 1213 33
1225 401 85
3161 1233 7
1589 2048 55
783 168 39
3635 27 61
1277 3980 1
2780 3959 78
3070 3368 69
1271 450 84
3013 2425 91
218 3469 75
1662 2838 20
1799 3433 58
1659 3977 5
1808 2324 41
1394 56 9
3861 2651 36
3537 1795 97
2223 22 1
2298 3552 16
3540 769 42
3125 2406 65
2027 518 89
193 1809 43
1197 3049 48
195 486 42
1541 772 18
1267 2046 27
3514 2323 93
3735 3936 93
3905 2865 22
1432 1679 63
1789 113 34
1961 2002 4
1986 559 3
388 2155 17
248 1160 72
2804 503 14
3411 688 3
1955 440 4
1369 1615 82
2865 1691 44
3283 208 43
123 3476 56
1751 1879 14
1412 502 26
215 733 16
1342 259 62
1421 920 1
1551 537 40
217 3150 38
196 1471 93
395 2293 45
1497 3562 52
1935 2883 70
3651 2365 84
665 2360 63
1615 320 77
2451 3613 94
2652 2710 20
3023 1038 36
356 209 40
3033 2950 34
2424 3401 90
2141 366 78
1222 1 74
3530 3528 44
2857 2537 41
1672 1026 98
2670 1282 88
763 3806 29
3763 360 24
787 657 57
1143 1476 3
3561 1395 79
2239 1232 80
981 3506 76
1676 1699 72
2550 2151 19
1113 395 100
1249 1211 36
593 319 71
1393 1923 12
3121 378 48
2178 1098 13
516 2165 97
2997 2151 36
2607 3215 16
381 556 84
207 1733 56
2103 1441 35
1715 3266 33
2115 2853 88
2575 1187 44
2027 3604 42
2070 660 2
2498 1495 70
1296 3018 26
3611 3332 85
320 703 59
1760 346 33
2177 2065 93
3844 1082 14
2865 1643 18
1296 3113 81
1823 3389 20
3492 3893 70
1266 2966 93
459 3478 59
1996 2405 86
107 2768 90
306 776 41
3740 1597 48
2305 2246 25
3823 2142 77
1459 3847 87
3100 2548 73
2350 2980 85
566 3273 78
1135 1402 40
3216 3281 98
1840 1638 7
2776 1585 45
2307 504 57
3636 1640 99
3065 902 51
148 2280 9
44 2828 82
3730 190 46
3021 1172 12
3956 3655 29
2455 101 5
3758 998 29
223 1591 16
3259 3114 50
2029 1952 43
1874 2004 68
2639 136 31
960 645 15
661 1145 17
752 3051 16
1099 845 81
2496 1390 92
2491 2675 30
2052 3015 26
3028 6 7
673 1038 76
2348 3567 51
1581 3325 13
1120 2974 100
1521 249 91
3275 1501 9
61 3958 63
3484 3009 37
2417 3675 27
1196 1518 99
2107 3087 72
3077 352 5
1531 1418 77
335 3280 48
2951 658 78
818 3149 6
2727 1011 29
3848 3736 17
1794 3260 22
3645 146 84
3878 606 70
1001 1175 75
455 3490 76
3048 835 99
1263 1656 65
3943 2845 71
1845 2498 35
2002 1632 16
893 1128 37
312 2542 42
1162 1281 67
830 3495 67
2524 2462 47
3868 388 32
3249 3542 100
3649 3010 83
2417 1425 100
3499 1938 91
1510 1346 77
1416 424 38
2046 3827 8
2984 765 2
2158 525 17
156 1083 60
409 807 65
2358 2160 82
173 3958 100
3926 195 19
1895 854 64
2611 1463 35
1443 3337 50
1461 2176 12
2536 333 65
2104 1204 37
1853 3676 93
3967 2423 89
3451 2410 15
3025 312 30
2139 3657 99
1388 3749 22
1048 264 36
757 3286 33
1535 2683 79
3815 2437 4
2325 1600 18
2607 2492 37
3483 1753 15
2819 2348 59
739 686 98
2753 3935 45
3453 570 26
131 3372 37
2427 3469 34
1415 532 49
366 3612 11
1640 1285 18
2352 417 66
1157 2969 57
261 1574 72
1826 1130 46
3479 3575 7
1223 3798 29
1975 2203 16
2911 351 24
215 2957 98
2316 3658 65
1534 3221 1
1508 855 73
2009 705 98
1878 2694 61
647 3661 24
1510 2587 81
624 922 32
2852 301 56
1398 642 100
3017 1430 12
2665 1916 43
2764 1864 41
2990 3869 61
2431 3110 3
1325 2236 41
1608 2544 50
736 3490 38
2680 2878 68
812 2675 64
1353 2457 10
1901 1722 67
3864 2392 35
360 259 24
3178 1673 38
1783 1913 94
3169 2592 38
3002 1821 58
690 1856 51
1584 3065 35
2494 3790 48
2516 3173 26
1710 221 26
1013 2455 38
1453 902 34
1013 1042 37
2094 3922 85
2817 557 13
602 1776 13
3150 394 92
2570 3242 16
1840 2808 63
3790 1880 75
7 2874 96
516 1494 62
3555 3075 19
900 1610 2
393 20 50
1254 90 36
2259 3039 96
2231 2946 90
3409 3500 81
2349 1605 58
790 2231 15
3549 2904 83
946 436 18
2414 1996 80
3362 759 64
418 3053 86
3043 842 55
1514 186 40
2411 3068 88
3977 136 44
1290 3348 55
2961 3665 41
1013 1673 30
1017 3855 10
3804 3011 54
1266 3704 46
3723 2953 20
1484 3316 93
1283 2624 2
3882 1117 84
841 2521 89
3802 448 26
2060 1854 97
1636 2621 63
2876 3024 20
3454 99 25
2547 2493 76
3113 1206 7
2428 1980 68
3108 2304 1
3731 1468 92
1402 557 64
510 3279 75
1933 1812 98
325 1368 38
3813 3114 64
1545 3531 77
2566 3050 39
551 692 53
3794 221 31
492 2615 69
2115 2412 2
3484 1827 42
2111 3415 87
1074 3803 72
3821 3554 16
935 1099 1
2431 1438 80
1643 366 26
788 1704 45
2459 3056 60
2444 712 75
2976 1141 73
3614 1042 83
3271 3433 49
2205 2676 55
2525 3752 31
543 2659 33
3923 2672 92
1710 2017 94
2657 3690 35
2991 3366 19
142 671 60
3248 3587 59
1280 696 96
3934 640 97
1740 3541 44
830 1309 58
3920 3898 82
2682 389 3
1968 3654 74
707 3878 59
3481 2428 30
218 4 21
466 1490 80
463 722 59
3658 1517 14
543 1496 1
2273 1563 32
2030 2738 79
932 1608 87
564 199 75
2484 3567 58
453 3451 58
3923 2745 6
1606 1128 73
3159 2204 67
3004 2603 47
3968 2384 56
2672 2485 99
451 1187 89
1212 1105 54
76 442 83
1615 1900 29
3601 1112 20
3459 2748 15
1157 995 100
832 2587 13
1555 3206 56
1444 314 82
2084 705 37
2620 1704 90
3071 3415 50
1281 96 24
55 1654 99
1870 2211 33
3916 846 96
2570 3503 38
3858 1534 38
1322 446 73
738 546 95
1777 1451 73
2577 3112 19
1475 2236 23
395 3283 15
121 3155 97
1090 3825 15
553 3799 63
2840 3198 26
728 3701 37
1604 2010 57
210 3712 5
2402 3978 57
2177 1848 29
839 3566 25
226 525 89
3059 2124 11
2477 3403 89
3653 3899 96
619 2891 47
835 1903 36
3863 2854 39
312 3117 26
2000 3658 36
1807 286 52
46 2956 19
3395 68 10
2428 2289 62
3625 922 26
283 2378 76
3859 2495 11
1456 1646 83
1550 3808 94
1297 709 71
430 2915 48
3604 3082 22
2263 52 75
3402 53 16
2452 3504 54
442 3276 15
917 947 79
2978 2381 85
2411 1135 27
611 600 71
1957 3026 33
1818 2382 58
2088 2436 37
1475 2792 36
3592 3077 9
1388 262 30
563 779 45
1821 884 87
1774 433 86
880 3624 88
3844 3314 62
1151 3505 21
111 1937 57
1094 3467 15
1932 2788 14
116 3848 15
636 2368 35
981 520 38
475 912 4
2760 2382 63
1960 3215 29
1056 1858 4
2486 3817 47
2044 260 44
955 578 16
2070 2446 61
3029 1482 2
1365 2701 58
3355 3372 71
2971 3060 54
1721 2485 87
2780 2037 3
3390 3028 60
1436 1358 56
2980 116 99
1990 2111 35
2581 3260 100
3706 1073 64
3444 149 25
2987 3881 92
1318 3691 22
2345 1022 31
868 215 5
2701 1484 91
1892 725 71
3747 2013 93
3019 238 59
3144 3826 89
411 2101 22
2850 2164 37
759 3025 58
907 1121 49
2606 112 95
700 1706 100
2023 738 63
3828 981 94
1300 3390 20
2240 974 75
3751 1668 35
940 2361 77
1249 1123 44
1526 2357 7
2122 2432 97
2607 2433 68
1161 1134 22
3105 688 63
2791 1371 88
943 4 74
3407 1232 25
1144 2302 94
1806 368 39
2537 2331 5
1400 225 56
216 1144 46
175 2755 2
524 1844 37
2511 1765 15
2713 169 33
3341 2104 74
3894 3799 77
2195 2748 77
1265 3468 68
3011 3943 31
1042 1099 37
3745 3312 90
195 2898 76
2235 2008 79
763 2998 47
1025 123 29
844 3126 19
1509 193 64
3645 2995 83
675 2997 71
463 3610 32
2282 1840 2
491 2722 17
1575 1806 2
3683 3545 89
1955 1407 73
1238 567 20
3769 1537 85
3087 1087 23
1053 1965 73
296 3203 84
1843 870 80
3607 2153 46
2473 1796 33
871 1360 50
3895 2835 39
680 615 91
1261 3933 96
2800 2490 38
2143 602 43
1893 2803 96
1528 3499 71
1082 3626 92
2832 1085 72
2152 506 31
631 1537 13
1294 2534 62
252 2432 2
3055 3683 58
1771 979 93
927 1365 50
683 850 69
2554 2939 76
3432 2419 94
3385 3200 75
3712 2659 10
732 446 72
1825 296 93
2855 2841 89
585 946 33
1626 827 37
2552 3286 43
2313 3757 19
435 1647 57
2070 2767 33
2522 2931 97
719 3349 30
1681 697 78
466 2677 67
3650 3245 15
2605 2728 59
2049 2651 40
1083 2853 29
1396 3462 28
3923 1462 87
847 2025 49
2834 155 25
2496 284 64
1971 241 4
3914 3550 69
825 597 86
1922 2347 49
2662 1546 92
3098 1909 4
1290 3936 92
1512 1720 69
451 1511 16
847 2808 84
877 1071 18
3086 384 18
2598 233 20
808 670 56
3842 1121 30
3641 1294 43
3004 3166 29
1097 109 63
1013 3174 6
781 2264 22
301 1174 60
2679 1837 43
2959 314 82
1391 1106 62
813 87 60
3312 1663 88
3335 2925 67
2851 3250 90
855 3055 42
2629 2349 98
174 3768 6
812 3348 15
3579 309 60
2327 246 58
2127 2952 60
3569 2827 36
21 715 99
1470 2534 76
1245 199 51
3274 2641 49
1763 2820 86
3440 2917 80
826 2663 68
2947 3747 93
25 2719 72
745 2236 37
3069 1581 79
94 74 54
3222 1467 74
1255 1353 16
1186 426 38
2772 2929 18
980 2982 69
2611 3414 36
2311 200 56
3030 2548 48
3278 439 40
1534 2017 45
1562 1323 92
2421 243 39
2267 1608 65
1468 3793 62
75 2645 37
2127 3735 92
3367 3128 68
530 3775 57
3938 567 80
3856 2472 74
1787 1526 93
3119 3599 4
1530 1773 82
173 3005 20
813 969 66
955 1423 81
3596 909 14
1840 1333 75
3594 822 53
2345 2944 19
1189 1274 6
1387 1951 47
2819 2128 49
3477 213 80
2741 1881 16
2465 1232 24
2403 2480 50
2901 1749 100
2776 521 50
613 314 49
1206 667 11
2080 2095 22
1496 1237 93
2078 1167 71
859 554 54
916 937 72
3083 2512 65
1262 1602 90
627 716 64
3453 333 24
2682 3264 37
3053 1203 30
3722 119 24
2276 3630 53
3921 1436 1
1204 2255 10
3550 2611 81
1749 1930 88
2763 3412 70
3993 1082 88
126 2700 88
1988 3386 16
1635 549 58
154 3288 56
3415 2181 5
1145 1597 54
1210 3097 62
2116 2686 85
802 3436 10
1991 43 77
3108 585 63
1070 80 92
580 3069 57
603 3398 5
426 1 35
2117 1990 82
918 2794 20
1022 3198 96
1463 3053 89
3199 522 48
1604 2270 66
2948 1370 63
3164 171 17
3210 3568 19
1149 2592 15
2555 3935 6
3419 3608 66
3896 478 54
1778 3945 37
186 426 31
1904 3479 48
23 2357 61
2098 1948 29
2983 1023 79
1017 3021 5
112 2520 2
1503 2059 95
831 1892 83
15 3235 13
692 1280 51
2272 897 47
1684 45 41
569 664 97
3887 1116 95
3591 1743 54
2466 2124 53
2809 264 4
1275 2063 45
1223 1772 5
3953 2924 62
3242 3960 16
1921 2476 26
204 2804 11
1860 1512 20
3965 703 66
2543 1979 65
1572 1571 46
2328 1828 68
458 2263 76
2714 1304 38
199 1422 6
835 2498 1
1371 1142 91
1689 1937 90
1014 1851 32
1547 3030 12
2376 3231 50
3710 443 74
3844 1329 56
3260 1697 64
1710 2356 43
1208 3291 34
1284 1231 47
1028 701 20
1096 3025 11
2223 3908 37
3939 2452 3
1384 748 80
581 3617 58
2476 2309 44
3006 1694 21
871 3518 78
2846 1273 48
667 3062 96
1199 2551 19
3180 3376 6
1256 2658 30
2080 977 27
1135 60 66
3950 3841 31
2436 185 9
1378 21 89
249 1300 44
3355 3852 34
3564 2451 13
1861 3710 33
358 22 54
2820 2206 52
3581 731 26
3999 2730 38
868 335 3
1091 1772 39
3984 1121 19
1339 1981 43
598 1859 11
3671 1610 67
1954 401 74
3741 2 81
2161 1326 89
3377 1314 53
3072 1901 18
3113 1649 46
1305 3142 95
2057 3052 11
900 3522 65
1740 748 98
1011 479 3
3708 1139 59
183 2250 96
2448 121 84
1573 2370 85
494 1508 43
1416 2388 24
415 2093 41
1801 470 13
249 1310 46
3267 191 50
3057 1925 46
819 2844 43
1733 3287 55
2693 2049 20
462 1958 52
3691 1564 85
207 2239 74
2716 1688 87
1137 3631 19
2212 2812 28
3077 768 30
945 1085 13
3786 12 65
2526 2485 73
1005 1989 29
1639 1803 85
655 2000 8
1696 2592 2
3914 141 13
3152 3877 77
3867 2545 14
1666 632 53
3028 2464 72
645 1842 28
3429 247 26
3968 3695 11
162 1266 2
3805 207 52
649 225 54
1975 3847 100
3751 4 38
180 3012 100
2454 3228 30
3290 3847 91
2804 1429 57
3006 197 90
486 106 45
2301 1603 46
1409 2316 1
2966 623 63
2068 1921 43
2283 2539 25
754 151 86
255 865 77
423 2762 63
3474 3190 58
585 1119 61
48 3815 23
2190 3913 27
3233 824 99
1936 2066 9
1219 2681 60
808 1843 26
2158 2395 95
1119 369 33
2378 677 4
3388 3025 38
52 1723 93
2650 1269 37
3067 1218 16
1089 3833 23
611 3138 92
3210 2586 89
2156 3102 28
1889 1416 100
214 1214 67
2258 3692 81
3714 2085 69
2952 69 10
2896 3039 29
3506 3355 38
1300 3214 67
533 3597 41
1075 1393 87
1400 182 90
49 3654 67
3389 439 91
1409 3643 97
842 2171 74
2975 3050 17
1221 20 53
2161 3353 4
470 738 64
3997 2706 98
3481 1343 38
3718 3270 33
2388 173 14
424 672 78
2261 3979 74
2224 3270 2
2844 1644 96
1844 1740 57
3345 3031 20
3274 3587 29
2087 2435 39
3710 3474 86
1156 1188 55
810 1821 4
3394 2568 54
1424 793 93
2367 609 15
1420 3627 31
884 1426 58
3685 3622 11
2466 3165 85
3646 3967 5
2762 2008 40
3852 2942 45
342 3035 85
3355 3090 26
1378 2169 7
2961 248 75
2686 3461 95
1636 703 30
347 2141 61
3956 903 13
1831 142 87
3495 3015 43
2394 3012 23
1956 3082 84
614 634 61
2824 268 25
2850 2975 69
3162 3885 40
3544 3276 65
3431 2223 63
3619 2852 47
103 3687 7
243 1487 43
1332 2207 85
927 3090 55
1752 910 28
868 3778 2
1460 1029 45
1635 1979 58
1899 162 95
1508 1570 46
2134 59 40
1161 3143 100
2108 794 6
214 1422 44
397 1477 31
2562 456 73
774 3063 37
2012 3370 33
1778 2834 29
2429 2110 92
1308 3104 96
3833 2687 76
1377 2275 73
1168 3930 7
2782 504 21
3586 377 21
2996 1967 7
779 2139 45
2107 2944 48
1854 2012 5
3588 2221 54
97 1555 43
974 429 94
1438 3126 68
3204 2760 19
1705 157 41
2885 1800 74
1385 1019 97
1782 3137 19
537 2657 39
764 222 87
872 3370 21
1413 3693 20
736 1300 86
3944 233 38
3918 1742 43
1934 2000 63
873 1724 66
3118 2377 65
10 607 71
1270 1116 45
173 1203 27
3955 1724 10
380 880 39
2867 2807 30
13 3816 79
2174 3704 12
3549 259 62
1350 3599 69
2470 398 94
3164 3973 45
2631 2450 65
533 2685 2
1845 2407 52
183 1969 67
612 556 70
892 3466 30
3402 1119 87
2609 2813 68
2983 2154 19
906 2489 73
2077 3139 15
491 3716 50
123 3687 54
2946 794 62
974 2218 66
2820 3355 84
1858 804 47
970 531 71
3133 3010 37
3040 3006 44
975 3212 76
1076 2524 60
2076 3711 77
3855 2695 61
3139 1357 18
2227 3053 19
3242 2016 69
3644 314 31
1359 1750 44
2424 3040 61
3920 1759 96
1852 1626 82
3743 849 83
1477 685 35
1172 2658 50
2569 2631 63
764 3524 29
2123 1861 51
572 293 38
2590 319 56
3050 1901 99
3573 1278 73
1625 3082 36
2193 3285 57
1817 1386 4
2199 159 8
2600 3755 29
3865 2433 69
2042 934 83
2172 3504 22
2284 2598 52
1764 3458 39
1224 2762 7
3411 3749 58
2909 2013 39
886 1087 74
3269 3211 93
117 487 41
648 394 33
1433 1115 20
2536 2776 56
1145 3405 9
3279 1266 68
739 71 84
1314 2135 55
1108 108 26
1264 2225 49
1362 1263 78
3047 440 51
1224 1584 6
3931 3534 37
2577 1344 87
664 1712 15
2952 727 13
2192 3130 6
1673 2447 81
373 485 25
687 320 63
3578 2317 42
3200 1824 75
3617 732 38
1220 114 81
3638 1703 10
3569 1138 48
338 3469 57
336 3188 24
2881 2641 13
190 1855 42
1015 1160 86
3964 258 99
151 788 13
1923 3653 30
2432 2184 44
3776 290 30
2877 1129 56
1132 1599 72
1599 2669 40
645 490 63
2611 1165 28
301 2521 68
3490 1998 70
941 2627 86
1848 2553 7
978 2708 72
712 414 38
2929 252 64
2207 2579 91
2613 2451 57
2636 195 62
3583 534 12
500 1140 60
2961 2883 52
3428 3040 67
2961 2125 68
3271 342 9
1416 497 34
151 3410 83
2070 3083 93
1823 3764 2
291 3413 7
2591 3476 95
2155 1117 57
1753 2143 94
1333 499 11
1555 126 24
2761 1370 43
1571 1798 98
1418 941 47
3885 3145 97
2183 2035 8
69 3350 38
3170 318 67
2425 2871 24
1140 1367 74
1440 1430 16
3185 3826 76
3739 1063 85
636 3711 76
962 359 73
2283 3130 14
2987 3399 38
1998 2611 47
3138 2205 21
3182 1821 17
684 1094 68
1803 709 57
1954 3152 90
168 3711 97
3428 3961 23
3426 3497 60
310 43 36
563 3470 64
3960 1344 44
3557 2353 97
2397 3147 35
3223 3872 10
1272 3194 94
1992 2935 36
2494 1415 77
64 2515 13
2224 3701 26
2013 2197 90
2780 3471 39
2195 1711 4
1983 1876 65
1472 432 65
869 1268 16
919 3893 5
3708 2764 95
1369 2690 75
2432 8 6
3477 2437 19
3186 757 34
1330 3375 90
126 3229 86
3953 2568 79
2092 272 48
3957 1830 20
114 1016 16
2701 1368 90
3552 1487 24
122 3469 22
3907 1607 40
1856 3107 34
2950 3362 7
1818 1433 79
2500 2845 30
1835 225 91
170 3326 27
1618 3476 83
3083 3110 71
2482 2081 67
3639 567 9
251 1689 83
2062 2890 100
674 2455 92
603 1765 83
3736 2931 52
883 1223 97
3852 263 72
1010 2210 71
3534 2475 31
1740 35 34
3018 3989 63
1752 3483 12
1353 3230 31
3641 2961 8
3133 1831 86
143 2655 10
852 3604 75
3535 1044 59
1935 1562 36
775 764 81
1316 3913 51
3495 2467 100
2676 1391 39
347 801 77
2133 444 60
480 1946 90
1714 720 33
1972 1824 100
48 2132 80
257 599 50
230 3890 1
1966 803 21
480 2584 2
1506 412 35
3409 1889 94
496 2798 99
3385 976 11
2738 2424 54
935 331 2
3443 640 16
1187 59 18
3207 2377 86
1511 1692 82
400 386 7
2296 1960 86
2794 429 4
3162 1876 74
3523 2735 30
681 276 12
1980 1177 65
2368 197 82
3253 2088 95
2700 2128 30
1054 1606 49
830 904 100
3041 3004 66
2782 2951 37
3768 646 2
669 2411 83
3394 1984 16
1958 2001 18
1644 3790 83
2049 3278 15
2055 3256 34
2393 1418 44
2400 2934 21
3178 2982 84
3782 3021 20
316 1221 96
632 1404 13
192 2152 17
3635 120 65
862 3417 37
1413 1849 51
2908 3047 34
2872 611 93
1651 2372 72
988 1778 81
3472 766 90
1096 3841 40
3406 56 90
3388 2265 99
2780 2995 12
2137 3568 84
963 2473 11
318 2095 45
1394 3020 26
3071 2442 65
145 3123 33
3642 2937 83
2688 3710 52
2097 2869 81
2048 1363 67
629 1994 5
3597 2867 78
580 3785 26
2835 259 58
568 3390 54
452 1629 24
1246 1681 25
1725 1328 29
2253 1814 64
797 2448 65
1430 45 28
1259 1673 71
1804 2630 21
1314 1095 89
989 846 97
1437 967 100
2697 2755 60
3379 2702 72
260 591 99
2880 914 100
1304 3118 99
2008 1594 92
3531 3919 52
1820 607 10
2059 3372 84
3336 1939 8
140 1714 78
2287 1369 43
119 748 88
2760 2133 57
2164 2037 46
1251 822 83
539 1421 95
1196 3629 70
2959 2621 9
1197 2273 62
634 1752 80
1819 2494 1
26 2123 19
2596 1617 28
3801 3458 86
488 3670 20
3889 2105 11
2077 2112 36
1420 2780 30
3527 2977 39
1840 483 77
3692 388 71
2325 3295 11
1962 140 38
2203 2652 60
3197 1619 29
1144 3807 60
2666 2539 75
727 2659 70
1969 3764 2
498 200 93
3019 1115 37
3436 1292 99
2741 2617 41
2967 399 5
1931 2770 5
3899 668 77
3162 1068 89
3365 949 28
160 1008 46
608 2127 15
2089 3992 61
169 2144 34
920 2852 29
2643 2771 51
3600 1285 52
1624 2185 45
689 1974 2
1114 1239 1
2665 3771 7
936 590 96
3526 2654 18
3443 3537 87
2159 500 63
1181 3118 20
1929 3011 96
2650 542 12
566 3767 75
350 3149 12
1827 54 51
1575 1193 51
939 855 77
3203 3267 58
2865 1302 88
3655 968 32
976 2242 30
2254 2538 77
2254 1715 78
2201 2634 7
660 1676 27
3497 3656 52
1473 2571 15
1673 1324 35
3601 439 20
3249 3914 5
3936 902 1
3451 1341 95
1364 1433 84
20 2764 57
3102 3958 38
3581 3239 76
2596 1274 100
3461 2451 56
895 3501 19
397 3124 13
432 202 2
2498 2209 53
1112 463 93
3409 1301 19
2698 3284 92
2495 811 27
3840 1236 61
55 3957 76
1992 3135 85
419 2089 51
2397 2018 10
3425 815 84
235 339 7
3723 2993 83
2336 3418 74
337 2188 92
3212 123 89
2253 3997 80
3187 2446 5
1737 1571 17
575 3406 89
2827 3956 83
1993 475 8
3590 1981 84
822 2798 11
2759 779 61
655 2217 18
990 1546 3
2080 2910 50
1833 2758 64
3956 3011 72
2100 2117 38
1011 3116 98
624 3602 41
3274 1027 10
3649 1389 60
3671 1443 24
1603 3459 69
1976 2813 17
2519 618 67
1287 1645 6
3358 2983 57
2219 3434 60
3765 143 97
3551 660 56
1529 356 65
735 1953 87
3132 76 31
1174 2324 53
3144 2693 68
2279 164 32
1101 830 69
3481 3473 17
1116 1659 54
2104 49 100
3223 665 37
0 529 100
3408 81 14
1927 3405 84
3067 3937 32
1397 3461 76
1008 1691 67
2563 2512 43
536 3687 33
1131 3611 99
1400 3514 3
2458 2890 6
1729 278 76
3597 1760 99
2373 3560 51
3564 946 21
2469 635 62
3955 790 49
1726 2381 77
1089 1641 35
1965 697 37
1418 41 32
2215 2833 8
2232 95 33
3647 284 93
1703 3200 86
2287 1199 51
3455 51 7
3130 1271 31
1166 2790 46
178 979 75
811 223 97
2767 1590 27
400 3224 85
3535 1559 36
1968 2239 31
3578 922 26
2438 2642 50
610 2368 24
3146 1739 86
1330 2681 34
3063 693 74
1980 2577 47
1605 924 20
3914 3196 79
473 3757 100
3168 2285 19
3118 2984 32
3208 3010 89
3333 1364 72
2417 1806 6
2364 2327 66
284 95 75
1050 3369 99
835 1240 52
729 1668 91
3998 2029 39
321 2779 41
2398 706 73
443 3896 17
3277 1835 63
2640 1887 86
2152 3783 22
1183 3583 14
1247 1434 3
1416 1914 54
3289 1063 95
835 60 33
2775 3331 98
1211 909 82
2929 1641 68
3302 3626 59
1215 462 57
3369 815 1
1346 850 40
3660 2374 99
3877 2604 92
863 1817 44
3140 509 25
2750 1841 38
1566 2245 54
28 3053 100
2225 84 81
2208 3520 99
3725 1869 82
662 248 72
622 65 18
809 96 55
2020 1571 20
927 112 97
507 2843 77
1158 2052 28
1463 2847 71
1814 2656 69
2721 3811 48
1885 959 51
1287 3789 18
3 1745 91
609 960 93
2395 999 51
2944 3934 14
2879 1320 26
3655 1655 32
1317 35 74
1120 2764 31
1671 240 34
3455 2265 50
512 115 56
1337 2666 77
1525 3668 17
3965 114 71
3372 3419 67
319 3176 49
961 1151 88
3633 788 74
1874 2697 11
2107 2160 51
1028 2719 34
2992 1618 63
44 3084 66
213 1849 79
1984 1008 30
2491 581 64
2220 3570 3
1936 1945 83
3427 2623 11
1174 3516 22
1910 3818 74
3063 157 57
2290 1039 48
973 234 65
3451 2071 49
2873 1585 84
1035 3347 78
2323 577 8
1819 1588 19
870 1398 69
3402 987 46
886 2614 15
254 2015 26
2191 2935 66
696 995 39
2701 2889 84
2586 335 78
52 1116 58
3954 3483 100
2316 2806 100
2439 1908 51
3048 3391 39
1979 1727 92
3509 3301 94
2282 2087 77
882 3291 67
1491 91 98
2811 729 81
681 2793 22
1589 910 12
1038 401 32
295 2607 21
2403 1863 4
1228 2470 90
2438 392 87
2909 1064 43
1701 3418 16
151 1420 31
2314 2724 41
1794 1652 95
2780 996 51
2341 2274 38
533 2853 49
109 2188 44
882 1235 99
2352 3777 8
1162 2476 27
561 3851 49
1131 2198 67
3847 1820 55
3710 2275 63
1396 488 71
2372 557 10
3748 2474 13
3483 1954 62
2458 3397 90
3140 2443 81
1004 1322 17
731 1601 27
2714 3043 37
3890 1572 17
3179 1724 53
3598 2900 25
443 1882 85
152 2467 76
1636 3466 18
2244 2008 60
1916 47 52
1677 104 95
2967 1339 63
1715 2400 5
3716 247 45
1050 1078 69
472 3680 27
917 3953 21
1298 2172 4
178 717 91
3181 1091 47
3753 2482 59
1175 3412 60
1006 1349 98
3527 777 54
45 422 43
3859 3737 58
3648 15 29
184 222 26
1310 1560 58
1194 3454 68
2121 2762 32
1274 781 30
3622 1386 57
202 517 33
1400 216 86
642 3083 83
2581 1116 46
1255 3839 89
739 1852 74
695 1487 95
366 3045 54
3626 518 9
1046 2633 88
1434 339 95
3801 414 34
1577 2964 13
2015 3667 92
2137 1424 5
640 2104 84
2295 2768 68
3903 160 20
2885 3762 5
2591 1314 27
1422 296 41
2883 932 44
1550 2021 81
2334 1000 60
741 3210 19
3930 3684 24
2504 3926 74
3487 1800 96
2726 3705 58
2118 2437 47
3907 1096 33
1456 2877 25
2230 3205 23
1392 3659 1
652 288 21
811 2649 9
449 2351 15
1195 2832 60
799 3888 35
1867 3873 96
2455 2972 13
2720 1346 60
3106 2671 25
50 1723 26
233 2157 59
1195 2224 23
1884 1185 32
2641 3453 34
3092 61 66
1867 976 13
490 1846 58
1980 391 83
1992 311 14
1597 1805 25
1070 396 29
2335 3019 100
39 183 86
708 2182 77
1653 3478 7
3487 1163 53
343 154 100
2055 2806 26
1633 1664 37
3019 3498 46
150 838 18
800 1100 46
1907 3458 48
630 118 79
775 2433 32
1052 1718 29
419 503 20
3997 1497 80
3727 2082 56
1160 1579 91
191 368 65
989 2963 41
428 57 69
1662 3928 12
714 697 37
207 2527 32
3639 3207 61
1753 1926 99
2678 3135 87
649 2421 3
1378 2563 72
2074 3140 22
2837 2781 10
550 3535 56
3711 2526 42
918 3342 93
3219 2855 69
2095 2146 84
3734 679 97
3120 1052 79
2116 3333 89
2796 2360 27
855 691 36
3332 1963 65
520 686 28
1642 1939 2
1324 2770 99
3334 734 27
23 1775 83
779 3822 71
3421 1255 89
788 3298 91
3828 3683 20
3667 1505 68
2035 779 2
2717 2726 75
517 3021 70
288 1389 24
3771 2465 83
1058 3729 11
3964 1410 98
1186 1700 52
2749 2142 29
164 2118 11
1985 3487 64
1981 1249 36
1970 1313 79
2952 3498 82
3938 2939 69
2117 2330 58
653 399 83
403 3144 19
2522 90 85
3130 73 4
2329 2604 73
1294 1427 5
683 3603 38
1775 3351 72
3357 749 10
172 785 27
1779 212 76
2154 1528 7
2366 3773 97
738 863 65
149 3617 38
3912 1563 63
275 2323 43
771 3864 55
2121 3846 39
2812 3084 2
3364 885 31
2439 1919 56
547 2142 19
847 820 3
2704 734 1
1893 3145 9
2087 3865 97
365 1671 15
75 1872 36
3956 3138 70
3912 3418 71
529 1753 56
1449 2925 30
2325 2787 90
1954 2924 79
1797 1511 63
2001 3459 4
2965 3166 8
324 1513 43
3561 1122 81
3154 3787 60
1652 2198 38
2199 3295 37
2097 2758 46
3313 2403 93
2409 26 88
3632 3799 78
2318 172 69
2268 1853 66
2061 402 4
328 719 12
3909 1501 61
1695 254 38
1996 249 94
1814 1038 47
1571 398 3
1233 2819 98
585 983 82
1865 3462 77
503 2870 73
2267 1237 95
2916 2961 29
1910 2754 51
1392 3150 55
2865 656 31
3915 1618 12
1231 2786 62
1832 2392 58
2206 3011 86
3460 1431 51
2775 1051 2
2158 3655 29
938 3304 79
3453 1672 43
165 36 60
2228 440 65
180 1591 14
1765 2072 37
663 3538 15
2687 2627 43
1874 3706 74
2809 3062 63
1739 443 55
1289 2621 94
64 3092 33
2864 2721 83
2359 1111 38
3336 885 54
2354 3208 81
1951 2388 28
3239 668 22
633 2143 8
2674 628 68
3844 3480 30
1935 2910 58
1330 2230 79
3666 3898 45
720 1926 8
924 1018 78
1038 541 25
3927 661 56
2953 2435 71
1585 678 91
3823 2793 44
3564 2659 30
3435 252 56
2292 2743 83
107 1003 5
1221 220 96
1782 2186 17
226 1423 84
885 157 90
2911 3619 83
3275 1892 32
379 2849 40
246 1512 85
498 2004 65
943 808 30
1186 2094 9
2394 3182 79
2848 2402 77
3782 3708 30
3085 2007 89
3425 2653 100
801 96 1
1828 2477 17
3683 89 84
610 3252 37
1954 1186 75
3818 948 58
1608 3017 19
264 3581 96
2494 341 90
3551 2951 92
307 3455 59
276 836 45
3783 2608 39
680 1385 64
1821 2122 35
2159 702 82
2900 2922 63
637 1291 9
3625 2265 37
2004 554 70
2546 1543 68
3308 2165 52
2179 3032 80
2455 1761 53
20 2488 16
366 588 89
2249 3603 22
495 3767 83
633 1752 66
3996 3509 37
2173 2066 75
231 3946 39
2182 1805 57
3864 2228 61
3861 128 91
3085 1457 62
1020 10 80
3687 3396 84
2972 842 69
1532 182 2
1169 2017 29
2090 3621 16
230 1928 94
1370 392 28
862 1007 47
2714 622 53
1130 2430 71
842 993 41
1727 1724 96
3229 2020 2
2504 183 10
271 3322 95
2202 1706 69
3625 1873 16
3785 2441 37
2500 2577 79
996 2203 81
3365 326 99
1486 2387 89
2115 1201 86
3851 3279 17
1059 2742 36
3755 1552 59
2081 1885 59
1552 1350 6
3985 3433 11
2158 3267 52
1610 2109 83
2118 2826 52
2853 3206 47
3975 2899 16
991 3661 4
2343 306 4
548 749 90
1896 3200 5
453 1756 78
3337 719 81
3472 565 92
2992 1266 13
910 3340 53
3611 2147 42
2257 1469 12
2686 3879 54
2920 1754 23
146 3176 32
1436 2533 60
851 2285 96
258 640 55
2168 3825 34
1423 3680 49
1353 3164 8
2167 1667 29
2385 847 10
2129 1794 47
2900 1930 55
3671 3782 30
3473 3103 1
2021 679 22
2016 2939 1
1405 2165 87
739 121 58
2474 1589 51
1156 2034 39
450 2364 62
3420 535 33
542 3327 71
3500 1417 62
2232 3699 46
971 959 71
2471 2449 44
485 2027 39
665 973 32
3118 1091 8
1908 2138 69
3195 2547 27
3894 2729 83
2124 1769 35
2241 2880 94
2001 558 29
1788 511 39
1787 2592 61
2469 365 91
2280 3302 5
3018 1464 84
629 2793 64
1663 344 81
1544 2489 93
1699 1858 37
1734 3336 24
79 1978 94
3807 1851 76
1145 1897 39
2269 3517 36
3364 2007 42
3763 2264 62
3589 2347 35
1189 755 49
1893 296 43
929 3704 19
3655 2470 2
1169 2321 95
1484 3333 69
1692 3403 82
526 589 30
575 1786 80
1129 2855 78
2220 2367 73
3963 1738 86
722 2615 48
2069 2886 45
3802 3769 12
1190 3817 41
2268 2588 64
1391 1062 36
52 2462 95
1050 387 70
1623 3922 57
2173 1927 21
911 1274 61
1411 1954 41
250 1916 7
259 3523 22
1627 501 91
1599 493 37
3119 2387 35
2727 399 89
1347 259 14
1118 1496 25
1345 730 8
3553 674 76
2637 3349 58
3835 3319 64
3512 699 94
1617 2324 13
3360 1276 48
2356 1287 15
2765 1465 12
1731 1285 55
1212 46 65
467 493 4
1546 1333 32
3295 337 74
3030 3207 42
1351 3532 51
1201 1304 22
182 3373 50
1287 2921 81
1977 1398 93
2786 1001 29
3136 408 43
2609 26 15
3806 48 85
3182 592 46
263 784 37
1890 2564 16
1029 615 15
3127 1821 47
2304 946 11
232 604 59
2750 2067 53
2261 3862 99
3944 925 28
2209 339 22
2055 2606 76
551 393 26
3556 3042 79
3231 551 90
2425 1862 99
2029 3289 52
829 647 61
1013 347 30
548 1150 52
1986 3687 38
155 1244 39
2181 3863 98
1682 529 18
3645 896 14
3799 3577 7
2998 637 81
3806 978 26
3090 2470 54
560 1219 7
2845 2946 76
2378 3511 48
2350 3584 24
2150 1533 64
690 480 46
3442 3399 31
2377 783 36
3786 2985 43
3699 979 58
944 2605 47
1569 782 46
850 3475 8
2842 3277 73
1854 1096 71
1134 2893 44
2231 644 67
782 2516 93
2252 2759 71
1933 271 69
853 3559 31
2367 2533 94
296 3524 19
3963 1689 18
1259 2045 20
1292 2479 28
2892 1897 19
981 781 95
497 1177 6
454 1220 19
1598 2218 37
3604 2319 88
176 2441 67
3111 1336 28
598 3389 94
437 1640 63
2924 1638 26
1343 1741 68
2243 3488 3
1149 3324 75
26 963 56
262 2511 18
3955 3780 51
572 1546 13
3031 3029 73
644 3357 64
1318 1684 90
3256 3039 12
3977 3818 9
988 3734 6
2556 477 25
11 1339 21
2397 628 25
3742 1870 55
3601 494 60
887 2986 15
3946 170 95
2064 2127 94
1848 1767 81
162 1152 63
277 3030 52
3293 755 94
2159 3451 48
3195 736 62
3334 2724 97
3188 2952 4
2280 196 31
1519 2435 34
1639 1960 1
3816 2756 41
1577 2310 1
3396 1061 39
2003 3982 52
1297 3478 94
859 3647 60
411 2093 100
3016 3420 38
3134 1787 12
347 1995 63
415 23 22
2098 391 82
2998 2662 22
224 813 42
477 575 81
1250 1682 88
558 3304 79
1215 550 1
3917 1442 35
1570 62 91
2768 2141 25
638 3819 51
199 2662 66
1446 259 2
1966 1611 48
191 2380 10
1878 3151 6
1286 290 54
3930 3667 47
3540 3548 89
265 3263 41
3993 2440 45
3114 1218 13
2833 386 88
3340 1380 62
3295 2087 1
2360 489 70
954 2907 82
3402 259 12
112 1194 96
2297 1800 13
2770 2032 44
670 2025 36
370 2605 58
823 2678 36
2195 2509 20
3243 3108 98
3433 1862 36
98 2593 62
3357 5 88
238 793 25
3364 1029 96
612 2107 15
61 780 76
3504 2353 89
2061 1845 44
3934 1416 33
3 3363 47
3084 2672 81
2897 2817 12
534 3043 64
2352 1627 60
1119 2741 77
3049 1388 47
2864 1019 16
3760 1753 30
648 2439 93
1420 1290 92
1398 548 75
575 1104 8
1877 139 82
2405 487 31
1714 1296 17
2641 2512 63
3919 1770 86
176 2850 61
1838 3823 5
1772 2723 44
1451 1029 89
1718 1320 42
398 2813 94
2863 3142 47
3226 3248 63
1834 2867 34
2176 3674 84
628 2644 10
3618 761 100
1456 718 87
192 293 61
1481 1446 32
1170 1540 76
3435 3533 64
3405 3013 81
2288 3071 98
1346 1832 54
1956 2335 64
370 1151 93
2232 884 82
1941 2526 73
1740 3392 41
1318 1591 45
2148 1103 17
1208 3337 53
1847 949 84
3769 1755 74
1359 1588 66
2660 343 93
1771 2435 29
2816 509 69
710 1901 35
706 624 89
3168 22 70
3947 1682 25
2095 678 1
3762 2385 55
1509 2112 64
2951 2080 71
2338 2601 37
474 69 52
3085 3256 24
3232 986 12
3754 1893 96
736 3517 68
3151 2786 55
2188 1343 95
2119 1025 70
3490 1727 6
3648 789 23
1842 319 71
3968 3940 39
476 3378 59
715 3246 1
1660 181 39
1442 3439 42
3464 1001 31
818 3340 26
1745 2933 15
1352 454 47
2224 1947 49
1774 627 72
740 2495 79
2348 1833 53
971 682 61
5 1635 6
1018 1175 67
613 3104 40
3858 3884 12
3687 3733 58
2464 2184 59
3160 2634 50
1272 65 79
643 1881 97
1556 3879 21
3094 2420 37
3488 3491 42
2094 2828 35
144 3521 50
2479 125 29
2591 146 16
2452 2073 18
938 2978 56
905 2175 74
454 2318 36
1656 560 75
2428 789 70
2681 2856 17
1301 3791 19
3167 3569 25
3479 2623 48
331 2177 4
3742 296 42
1481 2438 97
1888 987 10
1414 683 59
1998 3461 61
3704 1342 51
2730 3705 25
3527 3868 2
1826 2649 81
3343 2269 77
1819 327 14
603 2523 99
2088 88 30
3195 3936 87
3976 258 51
855 817 87
467 575 25
2000 936 99
2525 980 90
3192 1277 35
3013 3921 74
2937 3044 14
700 2551 60
1502 331 90
387 2997 96
1246 3735 76
3796 1774 94
2133 2231 98
2756 1561 39
3156 519 56
2544 3678 32
553 2732 62
1602 3668 35
1518 2300 33
2448 1475 76
614 2968 19
3575 3322 69
26 764 81
2432 124 36
145 1825 80
1416 1930 84
246 3229 81
1906 2254 4
1132 1773 93
2432 1827 100
3563 1270 20
3279 34 60
1555 2982 49
2625 838 38
1505 1348 100
3614 512 67
1382 974 69
3515 3140 98
895 3925 46
1264 2099 19
743 3924 97
1988 1727 37
141 2294 35
1677 3033 7
663 1064 61
3199 1063 58
3472 1263 69
2843 2520 99
2778 440 98
3201 1307 45
1692 270 75
1341 3102 72
3177 3595 84
1799 60 96
2018 2891 39
3298 3037 6
2688 2191 43
2871 2664 33
255 1650 47
3402 416 61
3746 3540 6
2394 3075 9
2273 3066 92
3525 1176 61
2299 2835 25
3631 862 21
2304 2554 76
376 2960 45
3362 361 29
530 2750 79
1827 1248 34
2137 907 54
2188 2232 16
1464 2704 28
1031 448 25
1600 945 31
2941 2326 39
2922 1940 88
393 155 75
1655 735 25
1484 3378 23
3175 3037 31
720 2722 76
1536 3102 21
3191 2671 75
3806 3433 85
1877 3189 63
1780 1360 19
3212 1636 43
1012 2782 26
3151 1308 18
2887 229 26
2056 306 19
2079 3921 21
712 1544 84
2143 2161 90
3277 2405 30
696 1069 18
2966 176 55
281 3531 6
2819 1165 70
2776 1836 46
3982 3141 21
3455 2267 6
3880 2442 4
855 2287 45
1879 3441 33
1020 3292 7
3213 1626 20
3416 1760 8
687 265 74
1629 3086 51
3640 1550 31
3389 2097 76
1419 535 83
633 3057 92
1781 3074 76
1348 3739 31
635 2134 41
2099 179 96
218 128 70
1802 2664 35
1240 2763 53
1698 590 69
3070 593 27
2603 59 60
3369 1396 60
3908 3986 27
2670 373 60
1387 2898 83
204 3745 24
1484 3105 45
2184 1313 70
3895 2284 22
364 1127 4
2126 2141 20
3179 1546 89
510 1628 90
1303 530 40
2539 80 51
1787 1511 43
1644 3512 89
3356 2987 20
926 797 70
3233 1980 49
2585 733 72
3912 2241 51
864 480 27
1837 213 89
1374 2574 49
1381 2406 12
1554 229 99
3047 1199 53
2055 3904 18
2518 596 6
53 1508 98
1305 2008 79
3652 3134 78
1828 1890 66
212 3545 39
1227 192 70
3781 1115 70
2230 2188 23
2069 1687 83
2415 1857 42
445 288 59
680 926 41
170 791 72
763 1424 28
3480 1905 10
2377 2660 60
2637 808 37
3724 3504 60
2325 2958 26
3472 1161 53
3818 2618 50
987 3748 59
496 587 24
1016 3264 13
1375 2406 83
702 3630 54
3681 1088 79
1945 3968 92
2737 268 47
1128 837 86
2591 3986 89
572 614 77
833 432 36
3515 3341 32
87 1848 49
1708 2353 61
2450 2817 9
1246 729 39
2622 827 22
257 3286 41
1368 861 31
2276 3136 39
1571 3369 81
1112 2270 81
2559 271 13
2307 3921 54
3483 3012 82
1226 3518 4
1652 3411 1
1024 3151 97
2459 980 11
166 1694 54
2067 1989 98
845 3609 93
1161 2477 13
3297 492 21
902 3298 84
925 2582 50
1313 972 94
2022 182 19
720 1176 69
2002 898 38
628 1429 63
2553 2143 30
3256 1489 61
3112 3862 40
3469 3364 89
15 855 43
3419 714 30
2416 125 99
2263 916 49
3545 3006 25
2684 152 33
3347 757 20
130 2008 38
1543 3827 53
2627 3998 60
2917 3574 26
2311 515 94
2827 1268 39
3756 874 82
2417 902 86
2831 2283 68
2060 1920 81
2973 1149 12
3407 3591 73
3864 3498 89
267 3462 20
329 1147 92
1027 208 10
698 2854 18
2799 3222 60
3328 3230 57
2980 675 12
914 1291 86
3076 2667 23
3783 3867 56
2632 3368 30
269 3385 39
2794 3117 85
2744 3477 20
3573 757 99
1612 3137 64
1490 1337 16
3988 3993 31
3828 1632 99
2522 439 80
2504 798 91
1401 3989 3
1905 1448 20
2537 3707 53
3697 3583 22
392 1822 77
2500 446 38
2292 651 79
3652 2309 19
3251 1023 100
2101 367 37
1558 1349 62
2739 1871 95
2134 1184 63
745 840 58
3924 1790 7
2300 913 95
1488 2779 98
880 1517 94
2740 154 83
1291 303 52
329 1069 34
1394 1985 70
2421 3945 30
480 3265 84
1182 280 51
1885 2618 22
3229 198 64
304 2028 6
1135 3309 8
1882 1143 92
1275 1748 87
2280 2311 56
63 2273 5
1494 1551 66
3700 2039 57
3324 724 59
1146 3832 24
2072 1255 61
590 2566 10
2496 1345 24
44 2191 8
481 1517 1
1115 243 40
1629 1777 68
767 3174 33
875 1357 58
2867 3743 48
579 489 27
3572 829 76
698 3289 39
1235 3778 30
3841 1992 78
790 3065 82
3384 1087 20
2886 2010 20
2068 593 10
2631 2515 61
2277 3237 19
2422 647 36
1030 177 41
3971 1743 78
2628 87 1
3464 2032 46
1317 1306 7
3845 2314 50
3972 8 52
1666 1563 26
27 2076 3
1134 1804 82
1316 464 72
3689 3807 83
3217 1934 2
3077 713 16
2445 1600 65
1327 1881 23
277 590 74
1702 356 68
3140 3087 49
2151 3264 43
3783 2146 36
554 3383 48
991 3646 1
3576 2697 63
2456 2072 49
2512 1019 24
3629 1799 40
1521 3858 10
1549 702 71
3440 855 54
2898 3300 15
2472 892 94
2607 647 12
194 1078 96
2988 418 7
2247 424 74
2906 2620 9
281 2012 18
3453 2145 25
116 2209 56
3925 3043 39
483 2337 85
1626 3301 81
3760 1620 83
189 2466 90
3503 57 22
1778 3823 42
440 3743 88
2200 1264 61
3079 2834 58
2860 3189 34
3552 2188 89
109 3525 59
3473 797 61
3879 1843 33
143 2785 28
832 1082 15
1776 2259 65
2514 74 32
1315 245 17
3554 1258 78
318 2131 40
2249 2947 25
2148 886 4
1643 3383 50
3800 381 2
3819 1251 98
3974 1775 15
1700 232 46
3049 3645 34
3176 1369 94
941 2658 76
3378 3898 40
784 905 53
550 2175 97
1934 2633 74
177 3492 69
2611 2400 1
2463 2893 51
3474 3012 73
2543 2660 8
1007 2222 22
2625 2292 15
2480 3614 42
2339 1870 18
2992 2769 61
1934 2031 89
3582 3836 53
2688 223 31
2902 2637 48
895 2897 25
493 2616 90
2623 3350 89
3061 3614 2
389 3186 42
3396 1270 40
2793 671 39
3583 268 18
611 1460 60
2141 1510 30
3403 2171 34
2877 3181 72
655 1739 87
2904 3323 71
2920 849 79
3127 517 23
2694 1311 88
170 1673 21
3737 3255 61
1002 483 28
3600 2142 77
1763 1865 37
430 1678 46
1420 1168 56
2230 1566 30
2546 2403 70
417 1046 9
435 2022 2
2415 2879 63
2778 3822 22
1061 3751 36
386 1315 73
702 3378 46
2977 2234 43
3859 727 78
1085 344 18
705 563 35
3264 1491 69
3487 337 46
2080 1997 96
3046 1437 85
3251 3269 88
2153 1142 56
1045 2305 1
2941 122 87
2461 3896 30
1944 2405 39
1949 394 28
3609 1805 34
1599 2366 58
878 2641 7
3691 1356 84
2472 3128 24
3570 3271 52
413 333 75
2912 1526 40
3928 3738 51
1300 3113 79
199 986 10
657 1475 72
2646 735 39
794 2821 82
3561 1649 46
832 1085 62
3023 3956 19
3204 3081 92
3067 2568 71
934 2230 60
1965 1017 79
1547 3265 26
2502 584 44
842 2015 63
614 2331 98
3731 2617 5
1572 2518 58
427 2099 1
2096 2753 38
2726 1835 64
1019 932 91
881 1291 3
3987 2611 24
2395 3698 79
1953 1250 77
675 1758 97
3547 2050 93
3340 2637 67
3603 289 44
3893 3385 91
952 3079 49
870 1467 15
187 2220 29
3643 1115 35
85 2166 99
2972 535 92
1166 3285 12
3857 1610 58
305 3104 94
2343 3139 42
1895 2526 72
2676 3280 23
500 486 5
2069 1264 45
18 3334 56
2798 2738 39
1859 2881 15
1999 2723 9
1921 2039 41
3334 3595 35
969 170 20
3736 1157 6
2245 1305 96
1115 2312 46
124 3461 73
1261 331 7
3687 355 46
2287 88 6
2634 1843 47
1403 311 18
3076 1693 74
203 2096 46
3686 1851 98
335 2707 94
658 1552 66
145 2253 40
845 1899 100
1664 2471 99
2495 2417 98
107 2559 13
1003 1383 8
1315 767 91
1854 31 67
1247 2306 59
2604 359 50
133 2239 94
3323 1678 88
61 838 98
2998 3418 58
952 876 67
1505 3015 41
3552 1417 100
2869 1654 97
1490 62 55
509 3078 19
3189 2665 75
1912 3734 31
2031 2704 21
888 2808 63
230 1830 82
477 1593 30
2583 1361 65
2821 1713 20
1215 1992 10
1933 119 31
2862 1987 55
2208 22 68
2173 216 91
1934 1802 77
2728 2647 85
320 62 18
3284 2759 11
1445 3210 42
2729 3833 3
1049 3823 47
414 446 78
907 3755 74
2745 2952 89
1835 3606 41
2257 3609 100
3563 1761 40
22 2134 76
1346 2959 50
993 1841 95
1686 2438 17
963 3546 18
1408 1518 54
648 2084 21
2463 224 34
620 3611 52
2499 2963 93
604 655 73
2865 215 68
375 630 51
3886 3823 14
1715 1696 83
3940 438 19
932 1936 13
2674 1004 51
1662 1824 92
1415 2594 16
1049 3601 50
3576 3815 94
3108 1662 7
3423 2072 54
404 726 17
3862 3247 78
2553 2021 76
3668 2183 98
782 1204 68
2897 2309 74
442 3433 86
3086 2181 55
856 1086 57
510 1640 20
1658 2086 92
2494 2430 43
531 2883 54
787 3889 10
3129 704 86
1166 2491 41
3466 1277 81
909 505 67
1711 1539 79
2295 3488 52
3223 2303 36
391 3007 72
31 3466 37
2138 1216 27
2066 3501 88
1537 3249 5
3666 1761 44
3694 1820 71
1600 2471 12
995 817 27
1082 2978 49
3721 3147 90
3012 3745 63
1669 2165 2
3239 1389 6
2243 2778 56
2597 211 48
903 139 68
375 2947 98
460 559 65
1181 1267 40
187 3443 80
2670 3379 33
3223 676 21
3890 1607 94
557 1507 30
2017 3558 16
434 2026 77
2559 3896 95
3402 1329 27
1702 2641 13
2822 1927 3
462 3900 19
3955 1454 16
1840 2098 17
2146 3324 47
3168 1109 80
2767 2867 11
1479 3476 38
1427 83 96
1457 992 88
431 3373 83
3626 2136 16
3246 617 69
2098 1822 47
3610 3122 58
188 1888 83
451 212 57
1202 751 5
3201 1206 27
738 3879 47
595 2690 5
2678 2384 84
3067 1517 87
2022 2807 93
2275 3739 46
2593 3323 17
1945 1686 75
3920 2228 40
797 956 68
839 2923 45
2850 2941 28
1196 3163 57
697 273 64
1214 2701 63
1065 1696 77
3156 1969 2
1736 1568 69
2665 374 66
2806 3145 96
2351 3836 45
808 2038 59
3299 1540 17
2400 606 90
2960 756 30
943 1266 53
1595 3484 71
2240 468 77
63 1185 69
3707 3021 23
3834 3758 87
2966 1495 87
1057 3864 4
2758 576 39
330 1963 23
2670 2173 93
441 567 34
3661 1831 62
3737 510 61
10 407 80
204 2067 27
3622 1828 31
3046 1705 20
1211 1255 30
2600 1743 17
3378 1412 92
3532 3653 98
1150 3111 34
1877 2783 87
2848 2286 9
485 764 26
1545 3916 16
1905 167 13
2711 3717 42
2989 1922 16
2408 3993 45
1740 53 35
1999 1183 43
557 1040 66
2392 781 34
3618 213 84
3244 1353 74
980 1271 37
1657 1844 62
2007 235 44
1014 2866 52
3490 3597 29
2873 317 81
1811 479 38
821 1328 31
3989 1911 80
2349 1507 38
3015 3165 66
1576 1243 23
2695 3740 55
3780 3699 40
1814 3200 24
519 1197 84
713 3074 32
2280 3701 62
1455 2647 77
459 2887 5
980 1026 13
2486 131 71
384 3751 60
1923 2934 62
972 357 12
1937 1000 6
1467 22 99
85 2456 8
1498 287 85
2184 2041 51
3034 281 17
504 3367 44
1716 1425 81
2932 3805 60
3903 3769 16
3277 1548 60
1325 521 29
2537 1478 32
3613 3590 47
3852 2563 28
752 272 84
2747 2950 23
3557 2895 7
1925 1566 92
3506 2899 74
777 323 3
1155 952 79
116 3084 78
1866 1491 59
803 1443 45
2386 272 75
1524 834 20
3344 1678 88
673 1791 40
3554 3626 50
687 2809 62
3197 251 51
2892 3249 3
3561 1934 91
1317 1599 91
2365 3021 69
1772 3127 55
814 2628 64
3948 3043 93
3431 1678 64
1036 2111 13
3591 3061 40
577 3469 16
3706 675 72
2383 364 9
2846 1726 32
3387 2972 21
1372 2519 48
2597 2318 98
2368 3878 43
1824 3475 4
1440 2996 20
483 2279 50
147 139 75
1447 1015 19
1262 2827 63
2969 347 64
607 2857 39
162 3547 60
2193 1851 18
91 1715 41
3875 1721 75
3134 70 84
3846 3278 85
2524 1653 95
3941 1181 14
1005 1456 47
1094 132 71
1170 1431 97
533 3490 92
2358 370 16
2826 3734 32
3895 695 98
2260 975 38
2368 3063 12
703 232 59
1431 2044 85
1232 3248 87
527 3032 44
631 1624 39
771 2376 18
1143 1177 2
3989 1551 50
1328 3067 65
3855 2348 53
3769 3981 43
395 1427 47
605 2968 97
2024 1734 75
2233 3726 29
3168 2132 65
2032 1877 98
331 1835 4
709 3061 32
1991 2640 60
2024 3103 12
2718 3877 94
3810 1771 55
3225 1346 71
2645 3176 41
3424 1641 78
3000 3549 29
3228 2123 19
1991 2585 45
1088 3158 67
1747 2313 16
166 1845 60
2303 2665 35
872 3377 8
2710 1484 40
904 163 90
1625 560 19
2251 1323 52
2166 2848 21
1476 1193 35
700 213 32
3002 3118 26
3053 2714 81
432 3912 42
1780 3038 21
1965 3137 32
2348 1259 17
1235 3526 79
2519 149 38
3847 1159 56
43 1706 78
3337 2007 44
1631 3438 99
1641 367 18
3670 1810 21
1230 511 72
597 2610 37
2948 2686 50
3169 1067 34
889 2245 7
3007 3263 92
3431 918 62
314 1602 98
1185 351 4
988 2814 29
2215 3084 33
51 1263 80
3169 2903 22
3780 1193 64
1351 147 46
2855 365 5
2930 3450 23
3209 3190 13
1496 771 72
1879 3360 87
226 3916 9
3166 1283 49
2724 732 27
3948 3388 43
986 1713 40
245 3161 47
3709 3604 73
2672 2198 40
3265 2409 17
2931 1557 64
3588 2049 42
1888 2987 61
3523 2977 41
1423 2430 37
2461 1294 28
3587 953 84
3148 3136 40
178 301 52
1091 1561 62
3066 1762 62
3936 2824 40
892 1623 50
364 2836 53
3158 2690 77
3094 1619 5
3374 831 53
3018 1764 25
2973 1775 45
399 813 62
1945 966 35
2484 1083 22
34 3324 74
3189 132 50
3295 1293 63
2786 2396 4
3106 3864 22
1950 3191 13
3727 3603 66
1077 330 97
3106 3114 20
3595 2784 15
2036 1521 8
3956 266 86
174 2877 74
1094 2362 86
3666 995 33
3357 2313 42
3005 3287 29
3550 851 39
2548 2510 45
3237 1114 4
2618 875 99
3393 893 23
3470 1118 80
2720 2820 26
1520 2704 60
2036 1270 10
585 3817 54
3433 3880 42
1067 2771 98
2823 89 36
3956 444 84
19 1301 80
590 1150 44
1011 349 23
1879 1469 2
3658 2829 37
2964 353 82
3264 3829 65
1481 3970 85
1075 3571 73
1798 2003 62
1161 2372 5
655 1728 70
54 2026 43
2827 3164 66
2389 1508 71
648 3649 19
3359 2047 17
1434 1494 72
511 3730 50
2273 90 53
879 1690 68
1280 1850 20
2642 411 57
2974 3673 55
3425 1048 71
1098 3587 63
3787 3817 81
2460 1483 64
2920 2573 2
1860 1950 79
3061 3212 69
1196 1742 28
1212 1210 42
2864 3105 22
2076 197 67
1588 1053 94
2782 1385 35
3043 1787 11
1521 2288 12
290 378 42
141 1080 18
3275 3402 39
2102 108 55
2717 665 95
2160 1035 51
1474 1801 88
2635 2219 76
3539 211 2
5 403 86
17 3347 39
1628 3943 86
3557 1449 34
644 481 11
2623 3910 44
16 1494 71
1633 3423 75
3943 3724 80
3583 1375 98
1519 114 28
1398 2608 85
2002 2406 50
2607 1327 76
3925 1741 100
3837 1633 15
3974 1692 98
3466 1814 52
3891 3740 100
3110 2716 91
3441 1539 28
2756 1588 91
1769 1927 87
1537 1810 51
1630 2975 12
1331 1853 28
2929 2432 100
1399 3148 23
2585 1440 30
2190 3246 8
698 3575 42
3312 2580 20
203 3667 52
3974 3600 20
754 3151 74
1352 2518 17
1775 2477 83
195 1018 45
3464 3122 15
3349 305 90
3947 1834 89
3118 3771 54
3074 1886 98
899 3478 60
3781 3946 42
1766 2377 70
721 3830 82
3678 3424 4
166 1791 90
1146 3083 99
2160 86 24
511 1823 73
193 356 55
1694 3868 62
2655 1217 2
2661 3477 14
2090 2535 68
325 2767 59
3493 2683 28
3503 1696 36
730 1111 58
1330 3527 77
406 2891 92
3771 2696 28
1643 1095 85
2676 473 95
226 3180 65
2652 621 67
3252 1525 2
2170 2708 95
1064 396 97
2724 508 91
108 52 55
3087 1820 86
510 1174 83
2951 1191 18
419 1148 33
2759 2378 22
1331 1299 63
2535 3974 27
3319 1962 64
3219 3902 86
1841 1183 9
46 3392 88
2811 3130 34
442 908 52
2425 3017 25
484 185 71
2602 1468 39
1146 1594 33
1661 85 22
3086 970 46
291 3419 88
1671 2354 43
1479 347 96
1907 1421 6
1398 635 58
2649 1520 80
2351 1088 32
837 1953 68
3485 1009 68
3520 2308 55
3734 2440 37
864 538 58
250 1785 77
3953 943 97
68 3810 67
2548 1786 47
492 2435 63
2449 1653 35
118 2523 19
1723 1182 71
1393 2908 69
2164 1649 57
957 3717 33
2185 2347 6
3891 1459 67
1983 1937 20
3383 1511 70
670 1203 97
2694 3187 25
3441 300 31
2579 3794 31
3542 244 77
1908 649 50
167 1860 23
2989 2582 73
596 3709 94
1919 2278 45
3457 976 17
825 3492 43
2657 3781 68
3302 387 77
1804 3056 38
2439 793 2
1197 1030 68
262 3010 83
2615 2604 41
3688 3446 58
865 1570 5
2987 1531 57
1832 1663 90
770 2331 9
321 1507 32
47 889 78
996 1425 58
3906 2063 33
624 2525 1
1291 2222 55
3479 1485 75
3725 3507 54
2326 3235 39
2537 3782 9
2327 2407 60
3490 1559 70
1043 512 38
3219 832 41
2421 1117 65
739 1474 47
1663 963 85
1143 3116 1
481 45 33
2250 955 96
2112 1881 84
2482 3233 93
3759 2823 70
261 3305 13
2316 3572 22
1136 804 9
2919 1687 100
1139 1001 37
2817 1663 38
3509 1482 36
3030 3053 88
201 2138 2
2487 2477 76
1748 1826 37
918 1720 82
669 1498 15
657 2876 66
2483 3953 80
2701 1316 20
2830 3689 76
115 2949 11
945 1907 66
1291 2146 96
3782 3862 75
1803 375 94
3763 2383 100
3356 3077 68
471 84 15
2477 644 83
3317 2445 63
1949 3196 74
3916 536 63
2861 1216 58
113 452 16
2221 2275 11
2544 3794 99
2381 942 17
3681 63 35
3869 756 44
3841 1730 78
1359 33 57
225 52 98
3843 441 97
1020 1067 43
2888 3290 76
535 1539 25
2671 911 72
3657 3290 77
3833 962 21
1423 1244 87
2755 975 58
427 3357 85
77 1871 13
228 507 49
839 2304 1
1222 3635 19
761 3664 94
3676 421 92
3688 3903 22
1682 3388 95
491 1467 9
3204 3179 78
1865 2246 100
1676 740 71
1265 76 55
28 2991 32
283 2761 53
2363 928 97
3308 1040 66
2846 2227 100
1972 3556 18
1367 3868 67
1883 1863 74
2419 951 8
3368 1103 95
122 2200 69
451 396 22
2538 3475 7
781 1527 28
3888 1295 25
690 2594 9
347 1677 8
76 1701 1
68 3970 55
3223 1462 27
2515 2349 53
171 3946 56
3076 203 41
1976 2081 22
1373 2400 47
3891 597 3
1551 2304 17
2718 277 26
2679 2952 10
2410 146 51
2986 2504 28
1297 308 37
1656 2396 43
2484 3387 17
2029 2871 47
296 790 78
249 3864 90
1854 880 80
1724 236 89
2578 3220 19
866 3897 88
3497 249 40
1591 3959 72
898 42 5
2758 1248 77
305 1700 82
2152 3834 100
937 67 46
1060 753 64
1867 3945 94
1731 3495 37
2333 1156 11
1275 2913 10
1497 3919 77
2310 2681 95
1016 372 54
1833 622 58
152 653 95
1701 1678 46
2608 3641 91
1239 1855 14
2333 3509 68
1407 416 70
1568 2573 94
1889 1498 89
475 1297 38
1285 3171 42
3630 1354 14
2427 1815 47
2166 1574 19
1820 933 86
2151 604 18
1079 905 80
423 1144 75
3165 2627 87
894 3800 75
618 1428 51
669 3442 89
3069 1975 13
2581 347 74
607 3811 94
2672 1573 88
2450 2134 28
3416 281 67
1894 1385 81
3484 3539 62
792 3650 45
2783 2955 62
694 2723 87
684 2783 32
3608 2977 13
3811 2588 65
2595 997 58
1803 2726 21
3603 406 93
902 2527 50
877 2121 68
3699 3987 51
2501 23 70
14 973 44
3758 2485 74
32 2053 29
1575 1396 57
2730 1681 14
268 527 4
3261 2098 92
2035 170 48
2113 2018 96
2956 2956 40
2810 1488 59
3741 3227 69
13 250 21
2504 2415 73
2834 3885 58
3981 2174 34
2171 3846 93
1544 3068 20
1977 74 67
3690 3768 74
966 2981 96
3843 2944 54
853 1241 14
2006 1615 30
2296 116 16
1328 3128 22
3377 597 94
2998 2853 30
261 1177 96
3110 3390 82
3265 1775 27
1011 3570 30
656 3218 80
1410 910 100
2575 3014 70
1753 3943 45
529 3462 65
378 2452 6
3325 1790 80
256 699 26
2241 29 37
988 796 63
259 2842 42
2904 1882 31
2418 2744 7
3537 555 100
2847 2725 38
1219 1043 85
199 3908 75
772 3345 16
1933 827 84
1891 1637 15
1610 2732 30
206 1995 98
816 777 31
1288 51 52
3809 224 99
2816 3869 46
2119 879 81
2504 3983 18
1032 3134 72
2601 3660 17
120 1860 1
1844 425 78
3222 2850 88
2209 2584 63
451 2391 98
3483 190 23
1595 3079 79
534 532 69
3432 2110 31
3800 3661 23
3274 3442 26
2250 142 21
125 3617 77
2645 7 85
3282 1323 6
2684 2205 1
2562 1430 2
1542 693 41
1582 8 9
1198 3419 92
2330 1659 35
1291 2216 75
3204 742 62
1765 3842 25
1568 2113 78
3685 3575 38
3994 187 44
604 3734 76
3245 3526 14
2770 3900 19
1472 3205 95
2781 2225 8
716 2535 47
3065 739 96
1204 2878 89
942 3692 77
564 2755 77
3936 1394 40
3276 1768 46
124 3555 49
1043 269 43
660 787 59
2880 2181 88
1230 1196 5
3238 1213 92
835 2353 100
1410 1463 88
299 52 3
31 3577 40
3357 1689 54
1402 2700 90
3198 2988 70
760 105 89
2519 3391 61
1557 3216 86
1214 3117 65
3318 3073 19
3885 289 84
2636 588 94
720 3687 29
1619 946 14
2931 2752 64
327 1137 49
3270 428 99
579 1662 17
3796 2771 72
229 2711 65
1802 994 30
883 3815 78
1354 1154 90
1474 2928 7
94 517 81
1983 1619 29
285 1227 100
702 936 37
3680 919 71
2088 2598 30
3043 2581 90
1902 630 58
1782 1899 37
1912 3897 99
2578 3267 74
75 130 82
565 2943 77
3603 3047 33
2364 2555 13
3324 3760 81
1449 3570 71
3409 2918 100
2258 1029 66
373 2528 4
1517 3391 59
2984 1675 94
35 2121 44
365 2931 92
944 3712 68
995 1963 99
3634 2151 37
1656 2031 99
3345 3830 99
1305 3866 51
24 1115 20
3858 3324 4
1341 2162 78
2770 357 42
459 2147 56
566 429 25
294 52 22
836 2328 64
3629 253 5
187 3321 75
3403 533 1
1915 1224 60
3659 874 99
446 662 47
163 1025 31
3309 110 74
1742 251 72
554 1280 48
920 401 84
1877 3623 26
745 2985 18
1970 1082 16
1031 3722 64
3034 3466 25
61 2037 95
111 3813 83
3487 3464 14
3031 3330 19
512 2664 79
110 2200 37
2568 3190 55
994 742 20
3633 977 42
2893 2303 83
3588 3591 61
3293 3811 27
1660 92 19
2607 69 45
2623 3491 26
1311 3262 15
2524 690 11
1900 3309 48
2193 3438 34
2803 2240 98
2238 949 93
1632 300 46
3097 2613 26
3681 2000 66
780 3845 100
1205 1260 69
2482 3510 54
2110 791 68
1689 2370 11
1425 3802 77
2723 3331 3
3873 3246 48
3710 1783 23
2238 1256 37
3679 3776 69
3583 2893 33
3111 2056 94
797 1083 60
1844 963 34
3746 2330 5
989 1172 18
3648 3583 15
3076 1746 24
3915 2149 87
1905 1221 8
974 2495 35
3998 683 3
42 2341 78
3979 2219 21
455 1937 73
340 34 22
2369 78 22
3717 3676 68
2323 2079 65
1465 3711 89
3875 3091 6
3864 2007 76
2164 3873 27
575 1891 64
1248 2339 43
3933 1899 54
1364 3463 47
97 1409 7
389 634 60
427 2865 76
803 1119 75
510 3987 71
349 883 15
2716 3453 95
3696 1792 10
1238 2160 89
517 1782 91
3207 505 10
3754 3547 54
3521 423 69
945 1475 100
2492 3845 82
2017 945 64
2385 3850 31
828 1494 63
487 3822 79
395 3962 75
1076 2733 100
2584 1808 29
1049 870 33
150 2233 93
1091 3377 2
3865 2804 19
2770 1350 54
1772 2884 58
3971 3908 86
3956 571 4
3452 3805 70
2626 3853 75
569 1937 1
3264 2781 11
1959 3444 95
2046 766 13
3872 453 50
375 514 53
1463 605 11
485 226 13
625 2272 26
3000 3369 9
1391 2918 35
1974 1375 20
1736 1973 4
3729 152 56
1816 309 54
64 1619 92
1700 3976 9
2965 1043 14
455 2832 75
3305 1814 40
2824 3657 80
905 1902 85
1429 105 82
3003 3768 4
706 514 13
84 2487 1
1198 1311 79
2407 2571 17
3709 1941 72
592 2932 70
3657 206 47
989 956 84
1118 3278 44
1064 2607 82
2457 94 20
3396 178 8
3567 2721 88
713 1342 70
372 2104 70
3296 1979 84
3723 3568 38
794 1022 86
2964 2473 15
683 993 97
1713 1163 35
3100 3301 44
2357 2857 16
551 155 27
3574 91 33
3683 89 90
1524 2546 33
1103 472 38
1736 2644 20
2899 3600 49
3313 3032 63
1874 1646 70
1017 2536 19
2060 1664 77
3693 3702 95
206 614 61
3380 2367 12
3116 2830 15
3321 815 65
1735 1238 8
682 739 56
347 2980 92
999 1245 66
3331 465 35
1042 1765 11
3511 1173 24
3364 3119 30
3449 3776 43
319 396 59
51 2234 93
3689 853 26
926 970 24
1914 2201 26
3364 3797 36
2268 1465 36
1161 3863 33
1977 3411 88
2600 124 23
1469 1787 55
1111 495 78
2932 147 23
2062 2739 44
3332 3380 46
1871 2094 79
251 2433 78
1257 60 54
3890 1523 33
3751 3915 63
2105 2360 41
2970 2454 54
2186 2054 47
1962 3523 42
847 1208 99
1172 872 3
249 3545 96
744 1685 98
2761 423 72
3341 1078 69
3923 1557 93
1085 1673 56
2897 1419 77
546 3187 58
345 2795 16
3920 574 20
3592 1895 66
2225 3192 38
1908 1576 9
1505 192 49
1096 3579 24
1205 418 68
415 2877 10
1258 3232 69
1332 114 95
3907 1795 62
3333 1291 78
3775 2958 23
632 3649 37
3729 1385 25
1285 1969 54
1209 2890 37
3666 2581 64
1925 3060 19
2774 2452 29
3007 2816 2
1147 2081 21
1351 2655 18
90 3525 63
2003 550 52
1433 3207 72
2220 3649 71
58 2679 26
2870 2003 7
1193 3410 73
3823 326 68
3641 1865 96
1034 1892 7
424 2922 43
1215 2732 81
1645 148 47
625 2226 89
1594 1225 73
3907 2082 20
3457 3660 70
181 606 61
3608 677 28
932 1096 37
221 1317 21
1886 1612 72
3657 2896 99
1562 1895 51
2604 3196 30
2813 965 99
3927 1539 8
2264 3782 92
2666 2191 19
1910 2918 44
2415 3301 44
3155 3055 12
1312 1316 11
841 3946 17
45 1703 61
1740 1186 82
1084 2607 72
3986 67 78
2555 3670 96
2524 1983 24
1618 1029 35
2307 3017 28
2248 911 23
3258 433 87
2512 2303 5
1752 2657 80
2459 1135 45
3799 3622 32
3764 699 74
231 2730 2
2169 20 35
904 3097 72
3777 3510 84
3635 2102 82
387 1587 45
1642 1212 18
3772 2563 35
1433 15 9
2431 762 83
1823 131 72
2669 2933 17
2628 1308 19
665 2333 27
2501 2597 68
1411 2580 1
1676 99 11
3795 1058 33
3463 1575 9
1796 1753 73
2284 1890 50
1392 971 18
3892 1156 10
2458 820 82
50 3808 25
2616 549 60
3576 1564 87
1011 3660 25
3157 1592 96
3819 2620 6
2808 215 25
2540 1912 43
3335 3845 40
723 3532 86
737 312 52
632 3061 14
1088 3149 21
1462 3100 16
363 16 61
1143 277 78
3810 338 20
1277 1351 90
2439 121 87
438 2306 84
3069 1353 42
3347 3244 16
991 3946 77
2288 1904 79
337 278 81
2724 1098 77
793 3505 45
452 1085 32
1500 1429 100
1727 1802 84
1979 1000 98
3148 3741 70
3269 779 44
1005 2468 59
2110 1438 55
246 623 33
508 2794 34
806 1461 34
897 233 85
3929 3263 55
514 2623 46
3024 487 75
3291 419 37
2963 967 66
2848 14 38
876 215 49
1973 3578 85
2320 106 98
2885 3506 92
2777 2794 67
3885 2976 68
190 48 21
870 2549 16
1209 3845 32
3225 1053 31
3405 1766 17
1121 2015 72
2283 2569 33
1851 1109 3
3999 2691 61
1990 993 54
2038 876 80
2757 2413 69
740 3509 49
3036 1277 83
2845 2545 45
2230 128 52
2526 2223 96
1013 802 79
2321 2501 96
2107 3798 29
3684 1516 43
922 2647 13
3015 3940 98
1466 2004 43
3433 3237 1
3805 111 61
1310 3620 68
117 933 68
3 667 36
847 2392 22
2898 958 73
1378 824 5
1462 663 71
1241 1824 80
2085 1764 64
3722 2930 19
644 3085 78
3709 3182 44
2119 3576 30
3849 1156 19
2404 1128 72
2421 1601 71
3213 2667 80
3925 3937 71
1303 2271 78
3431 2084 37
2511 1372 32
3185 1724 91
2244 2412 96
287 888 16
919 2286 34
979 3239 16
737 1280 10
1493 1214 75
799 490 91
213 4 24
2893 845 33
1540 113 67
2470 2354 2
2121 3829 34
1453 1852 81
2816 2975 1
1620 1712 37
95 634 66
2546 1739 64
1306 186 65
3797 2764 69
2317 3579 92
1608 1393 13
490 453 23
238 2796 51
267 2003 84
2413 1746 43
597 792 11
3492 2181 45
3386 3332 60
642 1719 14
2761 1923 5
916 536 6
3838 3489 67
1710 3243 90
1828 3126 15
3118 3074 91
6 1353 82
2464 1702 95
2993 1182 50
626 3759 52
941 2003 98
466 1027 61
30 3665 96
2764 2089 12
199 530 25
3448 3708 29
2200 2621 64
2000 2971 79
2079 910 88
2051 1332 43
976 1463 50
2866 3802 15
956 3923 80
3513 2801 91
2084 375 75
2843 1246 82
1061 1876 61
1722 1174 27
2375 2433 31
964 2468 18
2444 3768 76
264 1931 90
3130 2514 55
2455 143 33
1486 2461 53
3054 3485 37
1948 2363 83
2659 1281 19
984 2620 17
1899 2351 35
96 3200 78
2129 92 12
384 799 68
2768 2060 7
3536 1369 42
3422 3302 60
1855 1091 63
3043 2320 81
2127 1493 45
3517 1882 66
237 1113 74
1794 1661 13
2715 1982 44
3993 583 99
3729 2785 88
1666 2771 31
599 1237 22
75 3976 95
2450 2809 2
518 2935 4
80 1474 33
2913 3210 97
1606 2754 48
2671 431 94
2939 128 49
811 1625 76
1668 3059 78
2034 1913 91
3001 1340 47
306 2606 77
2081 1001 56
3122 3765 50
3648 1691 63
406 595 27
638 1257 92
1496 3756 64
1106 2940 48
133 303 98
2386 2882 32
3604 649 11
1161 3945 14
560 3177 88
343 3926 42
1821 3670 13
78 3586 27
2259 2374 70
1212 35 5
1677 279 56
3495 2217 32
465 2292 43
2696 1344 97
1189 42 17
1628 2809 9
3453 995 82
1929 1376 67
3204 285 17
590 3581 83
3442 822 18
868 1829 91
3132 3815 44
2668 712 53
841 3971 48
3024 2557 80
3509 3576 2
3630 1059 36
498 2522 35
2518 133 53
2956 433 76
616 520 21
3331 2291 1
1843 1555 34
2675 2577 20
2998 257 53
514 32 40
874 2285 23
1579 735 76
1931 1563 60
551 2205 9
2662 1908 59
1525 3228 1
1239 1472 62
584 2255 74
2238 1884 3
462 2100 60
3031 2343 15
940 3856 89
95 3326 37
1795 2508 91
2791 1748 61
2510 512 5
2370 3925 34
369 2856 76
474 3723 89
3796 1124 75
1415 2079 41
1557 1241 99
2789 771 90
2791 2374 92
1365 1362 78
1144 1614 2
1393 1505 22
2448 186 47
3215 710 53
3217 212 48
3491 3000 81
63 2358 80
126 1219 75
3904 2371 98
1362 761 72
1970 3563 25
2287 3706 90
3707 1287 97
2169 2668 63
1366 3012 43
668 728 41
1177 113 43
82 2265 65
3367 1862 55
790 2680 5
2234 2958 28
2640 2892 16
3296 611 22
859 1275 89
758 728 20
3330 1543 10
836 762 43
2236 1234 4
1650 3953 62
2055 2410 63
2407 3059 5
1564 1228 77
950 431 53
575 1147 92
2054 708 90
734 1024 88
2990 3505 5
2717 2838 98
438 3470 51
1653 807 17
1534 1520 47
3240 1626 28
1971 2243 14
3723 1833 32
123 141 51
997 531 48
3258 657 25
2780 3908 89
55 3423 11
1322 1520 89
419 2295 58
3276 649 40
1526 2325 10
935 3451 83
896 3973 15
2988 1902 87
2544 341 4
1620 2344 66
3509 2408 5
2865 3394 80
3470 1928 83
413 1506 62
1007 2729 59
2148 3995 26
1143 430 9
3889 963 71
1477 3117 9
1417 1932 18
2393 1909 90
3123 731 83
3524 3011 56
1704 2584 89
2295 3860 47
1401 204 30
1635 3228 81
345 1140 82
64 3194 29
358 1776 48
459 743 30
1775 1491 26
218 812 31
724 2172 17
3327 2238 64
1840 3745 48
961 3844 76
178 463 21
1322 2101 18
529 502 99
1022 2349 17
2532 667 89
2525 1818 5
1473 51 39
1223 469 82
574 3829 29
2499 3295 37
2796 400 32
10 1214 60
2301 2960 4
2427 124 84
1344 1757 96
1737 2255 31
2638 3818 97
3490 3699 47
1734 1996 43
948 1318 66
3487 3977 75
1321 2138 90
3136 1372 5
140 1109 65
577 2307 94
1619 3831 26
696 489 40
3800 1457 61
3603 1134 28
2856 2974 30
1869 2362 59
1148 2460 68
1919 96 58
3802 1229 85
2622 3748 54
483 2435 11
2708 968 53
678 2734 9
3505 3616 3
349 1792 72
2079 1725 70
3653 240 99
1820 2580 52
567 1643 100
248 3509 77
728 3499 26
1112 1217 65
1636 2718 73
147 3218 39
1205 528 32
302 322 7
1006 526 64
3249 2377 26
839 3813 100
3749 3162 33
3684 3094 73
727 2637 56
2487 2470 89
2498 49 63
2158 996 53
214 2664 64
2473 2462 95
3581 608 17
2847 2093 11
3977 966 2
2171 709 3
3551 763 7
2753 1724 9
463 2414 86
1152 1882 90
707 1717 61
1436 2192 12
3213 1748 60
3821 2949 9
2464 1988 44
680 2881 51
362 2255 44
2147 2817 32
376 772 49
2391 3337 77
1339 2990 20
3140 2558 47
893 1400 11
4 3987 3
116 3787 36
1184 29 39
422 858 66
1778 56 10
1555 3889 34
2009 2038 93
3038 1052 63
2874 473 80
241 292 21
2627 692 85
572 461 78
2567 500 53
1420 2498 30
195 3372 76
1233 2336 11
1483 1545 43
3430 2054 95
311 2575 61
2509 3298 53
2714 3671 14
2970 1061 21
3141 2977 74
2559 2902 8
1867 28 48
246 3627 8
3858 3849 69
1187 877 88
3920 3667 87
2793 1082 5
3001 737 99
123 1682 100
2367 1120 69
1250 914 73
1709 1110 69
3852 334 14
2236 1178 30
1152 1668 75
3733 1890 79
678 1072 62
828 3971 37
474 537 9
3026 1164 68
993 3062 9
1327 427 29
3367 375 87
2439 2985 72
33 1939 64
1499 520 93
1385 1492 46
3939 690 39
3405 1063 7
1846 2856 70
338 2635 31
977 3306 74
1564 1479 65
2920 348 69
3996 234 45
1301 3079 18
2306 1519 38
1586 554 87
2703 1090 20
1896 503 56
19 1757 29
343 3 4
3644 3105 16
2475 1881 36
2498 2843 13
3629 3119 99
507 932 40
3804 3800 43
773 2850 17
3629 3965 92
3135 3545 63
3224 919 6
1784 1484 17
2212 2913 66
399 1706 86
2733 2251 94
1246 1373 12
760 3947 18
51 1001 94
1875 3000 54
3641 761 58
1388 1025 67
3230 3088 28
2357 2250 29
2211 3720 99
2708 2243 82
2807 2673 74
1794 249 6
231 153 56
3334 2909 92
2604 3331 18
3061 155 78
194 1520 82
1689 2287 61
846 2625 80
180 2198 7
1472 835 73
1918 1165 91
1788 2504 35
2064 584 43
3973 3404 52
871 794 44
481 3526 92
2290 3116 85
2522 3339 41
2427 644 37
1585 1674 51
3123 243 100
2545 3749 3
2701 1320 40
2329 512 73
3827 2368 4
