850
840
183 10 34
693 594 47
563 564 39
591 121 35
43 104 55
452 491 27
131 419 23
308 235 73
599 525 96
383 552 50
798 831 14
35 766 37
0 252 29
818 585 15
647 353 99
138 575 65
835 420 52
618 9 70
730 55 57
282 128 53
746 68 16
216 666 72
768 496 92
715 459 56
324 572 1
38 80 24
797 583 64
255 398 13
718 827 20
347 39 54
84 772 98
302 304 64
356 290 56
44 622 79
434 802 30
838 357 67
104 788 25
662 749 18
248 727 89
154 695 1
315 293 49
328 727 29
28 71 4
549 675 96
750 465 84
430 328 75
576 236 22
604 722 33
82 774 53
410 636 40
176 287 88
682 1 17
164 496 13
772 33 71
718 245 27
437 474 44
412 420 27
439 20 24
547 576 78
825 335 25
76 290 3
622 690 87
728 394 1
802 749 98
683 743 55
452 143 31
175 132 63
216 787 27
234 746 33
817 434 67
32 708 54
401 625 49
311 184 12
738 407 66
771 793 49
132 659 11
552 453 56
260 776 48
497 476 19
801 295 37
18 178 67
69 427 46
28 453 3
240 458 30
668 699 1
167 63 58
717 294 54
744 696 72
554 431 93
537 692 40
754 236 85
86 562 16
371 250 58
222 250 92
667 223 3
168 381 47
112 667 98
658 836 64
571 774 11
532 520 87
181 816 31
328 353 45
527 120 38
507 626 24
590 536 18
759 6 40
253 372 88
167 348 87
596 374 2
60 719 23
389 299 91
608 156 12
688 502 38
347 518 92
686 527 27
387 318 50
346 391 10
297 263 28
512 386 95
229 439 7
740 1 38
202 247 41
1 216 20
165 156 4
357 344 72
215 258 93
624 283 62
678 82 4
743 716 9
193 266 92
240 735 67
338 432 36
697 176 15
647 827 85
1 655 44
658 148 39
257 201 96
259 434 45
173 840 68
569 617 92
729 708 88
70 551 47
799 843 62
348 332 69
260 655 31
777 55 49
532 669 25
189 354 53
39 219 69
212 298 33
268 272 12
800 3 54
429 254 88
451 172 73
292 366 45
536 617 94
198 101 34
533 223 26
486 823 43
150 20 36
96 479 50
224 661 11
357 728 49
99 808 89
792 387 26
335 630 58
248 74 65
276 223 77
768 81 85
621 302 4
86 417 82
0 200 6
640 38 36
803 302 95
724 507 6
31 734 43
544 659 6
801 298 59
276 693 76
2 544 39
99 693 91
262 720 38
29 124 82
316 474 31
98 410 80
570 341 78
771 487 67
27 476 23
18 843 35
493 53 53
583 604 75
122 392 24
829 221 97
456 676 20
563 157 97
67 576 19
836 480 95
534 803 61
592 292 85
575 498 86
270 461 100
71 334 79
666 338 15
615 104 59
786 542 79
20 618 15
144 204 33
394 643 4
34 806 19
729 287 24
699 270 11
659 112 65
103 196 77
620 365 51
284 472 91
336 159 98
745 392 25
505 618 9
403 701 44
604 38 33
813 452 16
484 594 69
309 525 62
5 657 97
137 51 97
44 73 3
643 673 33
603 526 42
821 623 29
489 334 10
638 793 54
287 681 52
790 451 76
254 270 88
564 411 81
293 465 79
707 763 88
765 234 25
575 255 31
379 240 69
476 35 58
14 235 60
157 237 20
337 432 77
817 245 20
520 81 52
727 158 6
359 394 57
109 425 56
591 189 32
613 357 6
258 639 7
105 115 62
56 366 10
311 805 56
547 408 10
581 198 54
196 199 24
19 182 87
571 523 52
21 176 56
613 283 75
209 508 82
93 186 8
824 509 56
1 563 9
615 681 43
391 544 25
814 804 68
697 710 48
98 170 67
562 760 31
327 338 37
202 114 32
257 80 16
793 750 24
695 334 87
663 638 76
282 50 48
448 493 91
626 322 97
236 286 97
102 812 16
668 700 14
434 556 83
803 708 74
181 585 24
262 720 94
242 626 2
793 459 83
277 463 13
131 652 42
612 380 80
661 761 74
816 819 34
307 384 69
353 694 33
225 192 48
816 9 16
804 380 8
461 268 60
601 45 32
765 265 56
465 655 13
178 630 65
340 656 49
302 734 60
31 191 8
148 805 32
776 458 100
27 800 72
260 598 85
614 64 88
87 581 5
223 198 42
337 712 9
802 600 95
221 815 56
111 531 74
229 357 8
211 620 82
353 585 63
262 233 29
759 18 88
641 532 4
151 461 5
727 678 97
237 483 97
511 90 64
671 305 89
184 204 47
38 479 11
555 64 16
593 208 2
238 682 79
717 339 93
255 458 85
158 349 11
751 297 39
759 819 41
418 397 60
257 391 27
156 218 8
297 502 31
96 611 29
572 372 38
3 632 72
303 120 93
645 219 50
158 576 2
690 371 82
588 429 28
598 714 15
287 114 72
18 59 7
580 362 90
478 409 54
831 161 90
656 227 45
418 72 81
386 62 32
607 272 4
418 244 23
402 617 39
395 551 83
414 47 80
510 105 25
739 749 39
231 145 87
354 383 79
50 250 88
403 183 86
749 374 11
758 475 6
376 750 98
512 691 89
845 117 10
370 751 1
574 472 10
67 613 40
833 414 29
90 112 33
247 840 17
363 648 36
326 480 28
252 797 37
651 568 58
586 383 39
414 162 47
208 362 18
589 11 25
17 739 40
770 822 56
775 512 85
544 411 92
600 590 61
501 637 62
16 360 46
683 460 93
385 525 90
46 448 6
523 179 53
32 241 63
6 130 55
777 648 1
503 782 20
320 677 98
782 124 61
244 249 70
789 212 84
749 409 33
52 588 16
489 583 69
591 763 18
520 748 54
507 629 76
399 58 99
513 819 57
847 795 52
767 120 43
393 98 17
391 448 12
497 19 39
102 508 21
184 606 40
459 566 37
493 548 15
59 332 23
24 140 86
183 575 8
597 314 87
164 805 82
200 475 3
450 594 40
409 569 53
757 677 8
243 652 18
88 218 47
448 559 96
482 219 55
665 568 63
99 120 78
651 335 52
20 111 31
296 638 41
456 329 49
730 736 24
666 337 66
303 364 80
499 646 20
683 374 52
385 98 91
814 776 4
81 719 5
428 254 13
247 65 37
396 795 3
71 450 31
349 30 67
588 436 58
484 733 58
411 577 12
426 553 10
262 394 26
424 366 34
418 208 69
323 315 5
80 27 49
484 777 100
508 82 73
747 419 90
105 322 6
249 135 87
272 579 72
441 751 15
823 255 93
483 727 7
337 240 15
284 836 6
649 21 64
272 58 60
548 822 24
173 782 26
574 829 22
316 388 14
780 779 70
431 721 76
102 690 21
423 190 65
512 417 32
528 844 77
9 475 58
569 660 13
158 451 73
388 320 99
501 782 48
688 149 6
357 322 7
266 52 95
151 344 1
592 304 38
517 374 7
838 842 85
635 492 56
654 776 79
552 350 6
676 658 79
186 693 32
724 140 55
84 412 85
618 605 53
318 416 93
136 359 71
231 494 69
10 789 30
356 632 35
131 92 33
724 661 10
408 720 7
732 136 34
832 175 33
379 594 82
563 465 16
160 106 92
411 91 36
653 780 40
692 494 36
495 175 74
842 104 95
377 641 29
619 67 5
843 381 71
652 64 41
43 166 89
286 43 100
828 683 86
729 108 50
160 540 75
731 250 18
406 589 2
166 557 44
73 763 57
564 670 56
823 118 12
447 54 36
291 293 87
160 719 17
484 723 65
315 531 71
99 666 25
526 215 20
65 423 89
379 277 27
825 577 2
282 291 61
571 305 26
344 324 17
760 227 73
625 234 52
59 284 8
750 298 86
241 391 45
166 178 94
574 558 100
557 343 19
384 734 34
338 557 35
190 229 43
552 249 98
659 100 91
487 738 35
745 816 76
435 152 22
578 478 89
1 521 52
312 421 23
418 83 75
531 534 19
573 737 88
290 606 7
428 98 54
224 431 30
402 731 22
78 495 18
746 761 51
767 56 8
453 377 39
119 562 78
291 513 59
11 139 24
27 221 85
571 638 69
356 376 3
94 42 42
164 439 41
406 45 69
297 748 40
286 210 63
417 79 93
342 470 82
448 708 49
681 564 22
137 208 84
347 485 73
705 334 28
544 415 70
839 20 8
302 79 71
700 408 74
599 315 19
85 620 57
501 767 72
177 380 63
454 245 45
39 349 30
609 645 61
686 124 74
199 111 75
87 43 79
667 203 2
406 475 19
192 785 18
183 808 90
476 230 81
218 173 25
285 114 4
151 261 7
216 729 77
158 72 80
564 563 88
459 1 98
616 28 1
34 324 67
775 396 12
345 536 89
741 837 73
265 268 29
744 113 21
213 109 30
250 609 83
626 587 75
645 663 50
362 223 12
29 556 22
268 318 48
596 782 2
497 642 22
596 616 77
120 635 84
623 517 96
553 308 15
275 685 22
67 50 55
647 258 94
99 219 4
89 318 48
310 834 53
824 114 45
546 757 86
401 335 80
447 424 47
207 86 25
573 11 25
791 10 17
585 807 56
744 265 13
409 166 82
352 725 40
352 273 95
255 534 55
305 236 99
620 605 36
195 236 82
716 323 3
112 183 28
300 723 55
218 17 71
518 773 86
627 318 13
90 820 82
449 196 36
761 809 50
521 33 93
748 101 42
5 582 18
844 16 43
685 842 95
265 525 57
21 380 41
44 803 79
792 425 33
345 739 88
148 120 19
693 667 8
811 399 53
109 135 80
584 14 41
456 44 39
756 600 46
278 144 29
60 319 90
562 632 32
689 647 14
71 167 78
369 129 54
477 601 35
589 379 20
225 318 70
255 592 61
172 432 5
38 243 99
199 428 7
136 694 97
511 848 81
61 386 1
142 688 9
397 89 27
135 428 2
317 63 9
65 174 99
564 831 59
154 370 30
74 849 58
620 554 81
674 383 60
583 518 10
368 714 94
712 431 62
335 835 65
602 417 44
600 766 93
370 84 31
247 333 97
818 97 90
418 52 28
72 679 28
422 194 81
497 24 86
828 55 47
254 757 75
192 619 96
679 590 62
420 379 50
669 292 38
767 395 4
16 260 31
314 106 73
596 579 80
786 94 15
590 662 35
573 294 99
340 164 15
0 694 70
803 414 74
831 139 45
272 265 24
523 660 14
694 484 67
293 725 56
703 555 83
496 23 11
832 325 24
593 778 85
32 192 11
558 567 77
239 122 17
264 668 2
585 24 20
35 339 11
311 122 2
35 556 49
799 542 80
799 682 37
569 398 37
301 188 92
595 628 77
624 582 32
339 334 48
790 261 1
205 597 34
617 201 80
311 777 95
311 520 76
233 582 23
577 132 14
560 634 89
357 457 77
504 488 93
678 690 88
487 735 100
128 447 78
716 107 73
786 176 27
549 145 57
511 564 37
64 31 100
119 192 34
95 126 63
777 84 74
633 743 4
171 484 51
683 215 74
770 433 25
336 674 63
735 374 49
623 497 92
672 618 44
458 227 27
543 270 84
329 749 20
465 270 44
453 408 48
737 98 16
758 388 51
747 593 28
18 148 16
574 104 63
674 233 97
311 221 19
219 529 91
317 647 87
581 252 69
508 527 39
248 796 61
294 471 60
454 129 69
262 766 44
727 625 32
760 635 47
542 563 50
507 674 17
95 307 35
750 677 32
577 283 96
431 324 8
517 289 29
782 489 77
486 257 92
295 178 35
189 117 85
