1750
3500
877 1577 34
1267 2 96
715 17 60
18 843 34
478 1598 64
1028 137 52
1233 1598 34
1298 872 39
1407 1280 88
216 1635 16
1484 422 68
1060 1360 54
704 263 22
686 754 70
1161 1476 60
727 250 72
539 1244 93
207 364 48
297 1380 58
937 634 26
1133 749 11
1118 463 59
951 1332 17
573 276 10
1542 626 12
1159 1417 59
454 907 18
248 372 30
1197 266 82
251 1023 61
15 1478 7
1635 358 93
1474 984 91
1478 1509 85
1172 1440 82
107 27 43
503 308 74
59 295 66
69 206 89
1106 1565 56
160 1104 36
249 831 41
917 1534 64
1034 136 60
637 477 78
471 1659 16
217 137 2
1282 959 24
634 221 81
1400 1333 57
965 889 60
483 1625 36
725 1118 35
329 99 39
1396 166 2
1729 1347 63
947 873 17
846 678 96
1336 766 34
1708 841 67
887 1428 41
1694 468 38
1064 1580 6
621 1194 73
931 762 42
1396 576 37
237 169 36
114 610 57
453 1303 38
1617 48 37
1350 1454 60
854 1683 64
1464 799 16
686 1227 6
986 1572 35
710 494 64
590 196 44
1337 1206 75
1152 1415 41
98 726 81
1308 1711 76
457 1687 35
1525 961 64
677 1553 36
1277 1212 67
160 894 73
351 1182 20
320 1597 90
151 824 49
1147 1317 76
345 1185 68
674 27 65
676 1284 75
76 420 69
221 1637 15
490 1006 4
741 530 72
100 1577 23
1312 90 76
585 604 65
644 1293 35
28 263 58
1466 41 57
1587 1740 31
760 666 40
1413 1724 46
1196 1060 19
1577 1196 57
1122 1359 35
1391 1244 89
308 873 88
832 1697 36
23 610 85
177 680 33
707 119 28
1730 129 39
1258 918 41
125 1545 41
1659 1161 81
904 115 69
1225 120 50
719 826 53
841 94 80
846 725 47
350 700 32
1097 958 82
693 2 15
1624 308 8
920 505 35
355 1548 59
376 1179 37
195 664 29
566 1432 54
544 1146 39
199 978 30
321 680 100
574 617 65
1732 1304 35
262 138 73
1086 1153 43
231 98 84
85 1294 74
415 1026 81
866 12 95
1000 1403 26
1057 1617 90
1282 1219 72
732 1080 72
1027 803 78
99 677 33
651 1241 22
789 516 7
1317 582 94
38 1422 36
1670 1275 48
849 1613 76
1194 1592 4
573 476 19
437 699 78
775 805 56
1708 681 68
236 1107 57
300 81 16
1670 1255 87
1622 1538 41
1728 1623 72
1701 202 97
107 871 83
1357 192 59
69 1090 15
164 1006 11
1187 286 80
1349 1712 40
1258 984 66
1534 1438 4
1007 480 70
1645 1661 14
1009 209 87
1511 505 44
383 1029 34
1679 208 54
617 1195 83
498 940 89
1196 1532 84
1113 398 28
167 224 73
920 1476 42
241 1503 94
168 140 92
1093 996 47
338 373 66
304 879 67
444 941 56
1180 1427 96
690 351 70
45 875 30
1607 171 41
455 329 84
1009 1742 84
1504 1622 19
303 588 33
795 1009 62
1282 940 6
1680 827 44
124 966 20
1409 299 60
7 10 73
119 285 4
179 324 53
774 365 90
1615 1072 2
444 817 23
1622 1733 1
152 1660 49
205 1729 74
470 1584 41
1574 1350 81
650 885 66
1637 686 44
242 511 29
57 1185 9
504 166 9
1083 1246 67
1663 1330 3
1118 67 64
848 1242 14
1290 1347 78
699 1055 41
494 546 17
89 1074 36
1206 283 38
1427 1119 80
734 789 23
118 67 42
136 540 18
231 696 32
138 859 89
1344 737 78
254 561 7
131 235 10
291 1217 73
1098 296 87
1434 1527 42
1149 951 95
536 1404 85
356 85 34
395 118 91
1506 425 96
1524 705 23
354 1012 25
574 1228 46
1100 285 16
809 799 84
1228 912 61
283 1525 65
337 972 96
563 353 14
89 913 55
593 1580 72
739 1246 57
292 401 97
805 1070 99
137 63 61
1387 893 65
1707 531 18
924 1463 87
1562 60 14
117 1563 34
200 506 77
1558 160 92
1348 364 45
904 1486 86
480 113 29
340 556 59
1081 540 90
520 242 74
214 1092 63
562 276 6
166 541 61
1064 20 31
1246 1055 5
856 1194 15
377 1621 44
932 768 52
1513 220 64
106 485 36
1519 695 70
214 1158 56
670 1069 89
1200 86 57
1365 1543 52
889 667 2
755 734 75
922 471 45
978 87 21
1323 1512 63
575 1045 18
714 1249 68
43 237 98
692 1017 15
391 1190 36
1073 1199 85
49 1229 7
148 384 91
730 145 45
1382 1532 15
192 49 29
489 708 96
276 419 22
1086 1530 88
1527 1637 89
244 1714 75
847 252 81
815 320 48
1739 1277 32
1333 269 29
1147 1240 44
995 1559 72
1238 925 43
27 268 94
434 1261 89
71 248 55
893 1531 40
484 1637 46
272 571 87
1371 1619 51
1236 1195 32
216 1279 88
1715 91 76
281 1568 18
113 1240 77
581 1145 51
39 91 10
938 85 53
904 1655 92
671 318 20
1446 222 4
248 955 23
1534 1039 41
371 1736 53
452 8 14
1687 1357 4
604 1493 10
858 428 26
356 428 50
56 359 44
1012 823 51
1727 1190 25
1647 998 44
1443 1635 38
1601 1010 61
948 1375 82
1169 780 74
1315 483 25
34 1102 71
517 389 40
1621 1747 28
530 1663 73
1201 752 24
1317 257 47
160 466 77
735 1536 1
697 1638 34
1239 413 83
506 1249 17
1692 1734 3
714 457 99
992 1345 38
407 386 67
1621 1590 48
1660 1491 6
552 1271 15
396 829 47
1608 1649 48
1730 411 24
915 844 57
802 65 45
767 276 67
1508 96 76
635 242 94
5 1679 52
1171 1053 23
1038 1232 56
952 1390 56
1452 1727 61
196 166 61
526 1527 85
205 676 72
722 788 77
325 1229 15
155 148 98
787 731 9
327 1044 51
270 415 80
142 85 66
1576 444 60
517 835 15
1498 1177 50
1249 1236 60
41 1044 6
911 606 92
1503 17 69
1515 183 70
736 675 3
1614 394 89
1327 152 97
261 706 51
36 720 64
968 718 84
1226 822 100
1455 102 81
1686 427 54
1145 570 15
1359 42 48
839 1131 94
1332 721 46
325 850 73
335 1323 58
156 694 96
32 258 56
1152 403 10
679 409 97
324 200 64
1339 421 48
1624 1524 29
59 1521 97
1363 1298 36
1530 1183 42
1503 1026 35
715 1720 77
928 1470 93
1449 1551 46
1308 1251 4
1008 1746 35
595 88 34
1670 972 30
671 925 50
792 938 43
1191 506 62
745 860 64
486 599 80
478 915 58
117 718 98
494 179 76
423 448 14
330 550 55
756 735 94
965 739 91
198 451 34
134 1450 85
888 1734 33
760 304 11
1422 1006 61
1525 916 69
641 1507 84
1300 1520 46
1442 351 96
704 1016 36
139 669 45
1387 1352 27
910 364 12
1604 53 58
1055 659 97
94 1592 79
122 57 80
140 354 50
1121 213 21
207 152 15
935 763 67
744 1191 18
1393 551 95
862 65 41
1597 986 8
175 1348 45
1230 1051 51
732 1310 77
564 497 29
534 1041 80
1060 1069 59
1746 552 16
885 1385 1
386 250 47
1624 1551 68
1432 816 77
728 40 47
1551 383 84
544 1371 93
1050 1111 7
216 1585 96
1593 269 82
881 950 5
47 1361 95
921 1322 23
416 66 74
1641 854 64
1708 56 46
810 1737 9
172 1132 24
1225 1100 40
1509 1024 98
478 586 69
1278 1264 55
713 1040 3
1740 964 99
1696 355 56
1748 1629 7
1256 548 39
612 989 44
953 1716 41
195 1293 64
1508 439 75
1544 1070 35
171 980 62
1214 1535 84
835 653 2
472 465 2
976 1384 46
1245 1450 63
707 1156 99
1430 550 64
1061 731 57
74 1243 77
1293 124 94
1645 324 61
1259 252 28
319 179 28
994 179 79
1050 72 83
144 519 92
1527 847 15
1461 376 99
569 287 17
365 408 81
1090 361 21
949 291 97
488 659 56
194 1415 48
1023 1580 12
212 1706 52
104 1409 80
861 586 69
587 558 93
509 886 7
122 488 5
1475 909 70
212 500 52
812 454 92
188 832 4
239 603 95
502 95 78
740 1525 86
1327 787 89
321 1024 93
1591 654 49
1672 1703 63
479 520 81
1495 230 18
884 1134 69
253 172 44
1204 658 29
1693 1229 80
1073 1255 94
1405 1114 99
1103 721 76
1458 1145 52
1479 127 54
783 943 48
89 1304 10
725 793 82
1288 266 73
67 547 31
1447 205 84
761 655 13
691 1257 2
17 931 95
989 782 5
1181 1557 95
621 503 75
544 1120 3
1015 779 34
331 1405 82
922 298 37
617 181 4
387 1709 25
1126 1368 58
123 785 17
1200 538 26
403 1062 84
1593 642 79
824 1078 51
290 1379 7
615 674 94
144 781 25
401 183 72
842 904 31
204 382 25
64 1107 24
1489 139 28
855 244 37
1221 373 57
297 898 63
1450 21 57
1107 321 32
1283 671 73
955 50 1
52 835 31
60 520 66
1688 611 39
820 1608 5
1290 1508 58
398 1407 73
1655 872 87
810 165 1
887 255 23
1361 720 11
43 603 15
1082 653 98
474 739 22
1613 1748 34
72 1510 69
51 951 43
745 806 60
710 1586 65
1457 89 56
1114 767 95
680 868 97
559 924 50
711 1 29
1266 1491 95
1075 240 12
691 266 75
1520 1048 10
1446 1469 24
1237 946 20
633 1575 63
242 164 49
843 859 77
304 1176 38
1567 1324 90
197 748 9
609 987 73
3 119 69
1190 1310 36
1150 391 29
823 967 71
1742 1061 26
842 726 62
985 1364 59
290 817 11
827 335 36
542 229 47
1197 369 58
1169 1425 63
1313 1323 96
1270 883 30
196 715 12
1626 507 82
389 1029 36
373 326 22
370 221 88
159 1450 26
967 1059 82
1391 891 49
1499 980 98
1463 757 39
1311 373 13
315 423 15
1369 784 90
445 754 99
665 1700 70
504 618 6
741 199 77
33 687 14
1658 764 95
1557 290 37
1548 852 71
256 794 49
1666 73 99
1425 1384 87
201 642 84
1680 823 24
1176 1716 56
1275 329 79
887 402 11
27 1032 13
554 436 90
1706 587 78
635 149 29
316 1303 49
847 1556 75
1253 967 6
1102 1292 45
273 1035 83
799 1154 77
1144 1606 21
240 1451 60
1433 411 88
912 765 50
1559 1122 79
81 406 33
65 981 57
1434 1427 17
463 921 50
219 1186 40
1070 779 35
978 729 56
155 400 94
1563 1664 59
1256 331 49
1284 698 37
1612 905 2
1093 384 6
1606 510 33
751 1219 26
1585 948 70
265 1625 18
242 1061 43
1101 355 15
81 814 79
6 1349 100
639 1314 30
158 184 77
6 235 88
1610 291 78
929 4 93
1281 1053 54
1304 143 6
436 436 30
558 1651 15
161 123 7
576 853 74
1321 1474 78
1151 62 44
500 1515 89
980 1647 16
1197 1681 8
558 24 37
1272 605 2
1044 28 91
1570 1292 86
1142 262 22
1018 533 57
1448 1689 15
477 1556 6
497 284 34
971 1393 88
360 140 75
771 340 50
1705 1645 84
1607 50 88
1736 1089 49
216 259 94
772 475 60
349 468 96
1183 149 29
1046 1372 9
134 656 95
403 856 79
574 876 14
396 967 36
313 1543 68
1254 1219 19
610 762 90
1652 1559 98
1720 390 20
1684 215 3
571 1558 16
736 1017 27
321 1554 49
1149 854 46
1208 1166 33
828 1416 44
1736 82 23
1645 1274 61
280 103 70
677 1490 77
551 310 25
992 221 94
1413 861 62
234 363 74
169 167 42
420 877 38
1031 474 31
799 349 88
1251 793 11
96 782 10
392 1406 50
1518 465 63
775 572 23
325 1454 9
1422 323 11
882 991 5
1351 725 82
188 795 66
1586 164 29
1536 1347 70
263 960 90
55 1135 78
1525 654 15
979 26 17
1257 1230 57
1655 499 1
1693 547 24
1239 422 95
188 566 10
995 697 92
725 245 14
1307 1721 29
553 259 75
1405 588 5
1594 326 92
174 654 83
451 321 5
1221 1549 14
1400 285 58
938 623 80
1035 1678 35
1058 1245 48
1184 288 69
1661 1143 92
581 874 24
1063 1398 38
1526 1123 68
484 120 68
1134 1345 95
1468 721 98
1089 243 50
94 940 6
1287 96 76
826 1225 57
773 1464 90
355 1585 73
796 952 47
641 1338 4
1168 1261 87
1256 492 46
429 1373 50
1154 676 68
961 1435 69
1624 188 73
471 114 7
438 677 97
605 478 94
543 662 40
148 157 24
744 77 13
1010 168 61
1650 1481 60
1350 1605 31
1231 770 33
287 420 84
845 1679 92
247 525 65
1736 1273 8
1570 898 55
237 523 54
707 118 80
200 875 23
1430 1518 15
715 1464 85
911 416 48
78 1142 92
601 263 68
390 1567 73
619 227 56
485 509 64
939 216 85
1326 1019 12
632 1652 75
1155 925 52
1018 39 60
1039 1057 24
152 1473 10
336 1442 10
8 350 61
1748 322 32
1238 290 45
762 1274 19
1686 1524 63
1165 271 13
961 1660 51
226 1741 77
1006 526 73
1655 1379 55
1305 1565 6
377 411 82
1411 1544 18
270 158 24
1162 432 99
1364 1404 88
574 308 60
79 708 25
724 972 76
1607 70 36
105 1500 16
1528 139 22
331 15 80
1665 1051 10
1562 402 83
489 828 57
1405 327 2
541 403 81
1234 187 32
1642 1183 6
198 1585 62
232 935 94
1710 1609 43
1043 1491 96
1571 1096 72
1270 927 84
1220 59 92
754 1624 14
120 57 94
701 633 53
395 504 59
735 152 93
702 36 63
1047 373 68
441 974 95
854 999 100
1071 575 70
415 70 2
549 499 89
778 10 44
1614 1544 4
473 178 36
334 1525 18
1262 728 58
573 1533 85
108 1208 64
1509 1070 64
892 769 19
1496 475 97
113 611 25
1362 1256 53
108 739 64
646 495 64
1453 782 30
45 80 63
1350 1238 62
322 722 80
373 779 19
61 242 38
1371 300 63
1640 971 14
1440 981 41
674 1157 42
682 183 17
614 1026 96
430 1253 36
1720 579 63
761 824 67
1095 1353 92
442 423 44
1709 1355 36
600 82 17
1638 273 5
1338 1246 57
1154 48 27
1422 282 93
1426 1386 63
1389 1154 32
1207 756 52
1569 511 20
51 1726 12
1053 808 64
1367 379 33
80 481 31
911 1278 90
1689 1158 55
1057 184 2
907 1509 61
778 266 15
1205 1329 69
796 1632 33
1313 101 51
1053 1301 20
201 128 40
342 1456 85
277 672 48
292 870 51
1255 1085 76
509 424 48
1652 684 89
539 349 8
31 592 21
1075 604 23
245 72 57
815 1326 85
610 865 83
177 1622 67
570 1233 20
614 1245 49
1634 838 97
1331 1296 49
1100 1132 62
369 404 38
337 833 29
254 343 69
776 1454 53
957 1350 4
96 443 15
828 1043 10
1723 332 8
1609 830 45
1410 413 82
1406 329 12
1356 1667 26
750 18 90
571 1515 37
362 668 89
1143 941 23
1052 1360 63
138 393 81
603 644 25
340 139 55
225 875 93
720 1315 99
862 1224 82
955 1023 100
1481 1250 31
371 885 74
1622 1191 41
966 1499 63
1736 175 83
503 752 63
1368 556 97
222 503 21
363 112 13
1719 71 41
1470 1229 91
1106 1509 33
938 1077 88
928 283 12
262 1689 31
1469 453 11
168 663 8
1709 690 19
1380 1526 39
539 678 58
1602 543 58
596 622 4
1380 1561 54
1171 203 33
1599 1455 37
1680 988 78
951 989 48
1487 114 45
411 1650 76
187 865 12
720 1309 26
860 449 95
1641 1434 21
563 27 65
1549 1125 94
269 273 75
26 671 66
202 152 86
1484 60 28
231 122 18
942 332 84
730 487 21
1663 841 36
1420 799 54
598 1263 92
525 833 27
120 364 48
1555 1278 55
158 992 78
1500 424 35
687 513 73
1440 1353 24
568 149 93
366 776 56
324 89 72
1723 638 32
414 566 69
1025 356 17
116 1061 21
847 968 21
1491 48 64
449 917 77
1097 844 82
1421 192 28
1505 384 1
1714 474 57
1202 1074 20
1377 1602 2
1612 700 33
1161 484 77
390 112 39
1654 245 70
225 1604 65
253 376 15
1713 873 33
1575 1487 75
1392 1723 46
1352 4 20
1612 1392 80
118 577 21
1268 382 8
1615 866 10
602 78 3
102 753 72
1534 1041 37
676 71 64
55 1710 99
1469 1247 83
494 1535 58
1319 680 85
90 270 56
932 1722 75
934 319 98
1269 1056 75
97 359 59
719 1052 29
1573 599 63
1053 192 36
1708 1725 96
45 1223 30
931 499 46
1007 213 77
1019 510 42
1109 1472 27
522 1277 62
1517 1140 96
1700 1085 18
740 1381 81
1622 406 38
738 231 48
257 1186 31
159 655 53
176 841 46
999 861 78
562 1023 49
1065 1224 9
1040 1623 23
621 1021 62
721 912 6
1533 1157 93
1684 1440 28
1503 917 60
1306 24 79
1391 69 95
128 1489 85
1526 145 22
1162 672 75
1104 1420 100
795 373 73
1186 610 95
514 490 44
739 1220 12
292 1584 50
339 675 31
70 571 29
871 156 87
604 1570 76
141 1122 22
1064 1712 82
1383 1283 18
1025 674 76
1520 808 23
126 1248 84
870 176 76
698 84 83
905 1278 99
1614 1302 68
190 545 43
503 1535 37
912 1217 11
374 44 22
982 419 35
1374 1588 7
250 265 1
297 144 45
725 305 3
409 1510 50
959 802 9
292 1062 30
1464 1232 24
861 1118 81
1675 1270 42
930 94 68
1496 1198 87
1247 60 57
1076 1233 45
1277 10 81
899 1537 22
779 1668 39
323 1602 97
1049 231 60
83 796 31
620 728 81
583 315 25
141 1138 72
197 682 85
1011 257 99
1716 508 28
1091 1073 77
1400 1007 61
1131 530 81
1535 1729 50
337 945 98
264 1598 11
514 17 30
1148 1019 21
88 1030 12
1008 119 98
1135 1645 22
1052 325 29
186 1218 4
744 903 93
1501 1230 73
1354 506 47
691 1070 38
504 1109 41
17 487 75
408 546 21
1061 1644 47
1463 1558 37
1181 148 75
1088 81 64
1193 723 55
1528 617 24
1052 1451 9
689 1367 21
474 392 92
1274 97 36
609 968 49
1246 966 43
1336 1715 64
1473 152 84
851 1551 9
1071 804 89
1074 607 95
1346 51 51
360 1094 96
1720 1156 80
588 1369 81
1362 756 49
1131 1341 26
650 734 8
868 958 100
777 597 15
492 166 32
600 381 98
1397 1539 59
559 1014 78
1326 1557 26
1573 259 90
148 961 11
535 1744 30
652 1508 32
1562 721 38
11 751 37
1515 1157 88
1287 106 42
392 703 40
999 1684 39
985 59 47
1358 1431 55
1596 1544 11
114 1249 27
372 1715 26
605 908 7
1368 699 50
1265 357 11
954 850 20
1165 929 43
68 1150 47
326 319 55
1312 1072 81
498 1046 23
459 1328 55
480 462 65
1455 520 61
783 895 77
1422 1684 62
111 404 93
1288 1460 80
880 439 28
603 449 59
1266 417 100
87 226 96
493 1511 85
1290 1319 49
181 1338 2
1424 1559 76
438 1613 93
264 1175 10
41 1502 58
159 970 61
1642 771 5
1346 1293 86
1548 149 39
913 1442 69
914 1590 80
1524 996 20
1670 629 96
268 1431 50
326 1148 35
110 1138 66
629 1314 62
918 37 22
932 553 6
609 1589 8
28 169 92
567 173 17
1719 1276 10
364 969 96
1606 553 81
840 357 13
1276 850 64
410 532 56
1453 789 88
1668 1028 56
1213 1107 25
1452 1091 30
288 448 29
1036 358 8
1083 1120 24
1441 1178 15
1237 802 80
390 1625 16
382 430 88
1385 401 64
1592 379 36
794 325 11
654 671 92
1574 493 26
1561 1556 82
19 1569 5
1116 841 41
350 1563 81
805 1664 30
1309 533 4
311 233 31
1181 9 57
1248 1621 42
1204 1314 97
1653 1317 50
1475 922 85
845 1079 79
1202 1397 74
1305 1292 64
1017 36 78
999 1449 45
311 815 2
1268 729 39
759 362 49
1356 1441 11
1044 491 18
236 637 47
91 624 78
513 1709 68
1040 332 69
1566 1168 20
1038 1450 87
1717 1296 71
1200 323 24
309 255 36
981 263 10
1629 1608 86
1026 89 48
385 1676 87
1369 901 95
1748 1391 7
519 236 47
1032 616 41
122 262 80
820 31 7
509 1387 21
1730 1272 2
1537 868 41
1519 400 50
1391 1017 80
1004 674 79
258 1014 46
15 647 78
1003 676 93
634 641 23
729 254 83
1544 1403 17
557 708 100
872 1367 55
1315 800 20
817 72 65
1101 540 89
1724 1161 50
1607 393 76
2 1041 96
1046 89 83
298 1408 11
391 566 47
1063 835 31
920 911 94
686 816 49
1082 1119 90
36 1016 28
785 1302 55
836 46 58
145 917 50
816 97 73
631 320 53
568 1293 49
491 671 58
1624 660 17
444 436 54
941 669 25
1391 446 28
636 1563 44
532 566 53
830 17 35
1392 1555 44
1195 1038 9
1016 708 10
926 1463 51
1081 1561 73
312 247 61
751 1419 41
1578 441 53
1322 620 60
668 588 68
470 1550 1
1381 1391 91
1501 1183 75
33 1456 45
1475 482 83
115 721 24
894 302 59
1122 689 14
40 990 84
1102 1743 13
758 1408 13
714 1223 85
1585 918 75
1082 915 51
1155 1309 46
1481 1014 84
1478 361 37
208 54 88
1087 372 48
363 579 42
1617 731 3
36 33 77
1283 570 37
953 927 33
1651 1435 10
392 558 29
141 414 4
1445 1271 66
1533 655 6
306 628 91
1595 714 50
287 1327 83
768 259 27
68 1355 74
473 1223 73
1309 1087 19
1187 1656 73
961 218 56
967 498 56
1073 825 58
583 113 32
297 588 18
522 804 30
632 602 78
630 501 77
926 66 5
235 297 41
961 1077 99
410 1655 23
312 1556 39
1203 747 51
718 1573 34
1432 840 88
1305 385 32
769 1372 45
491 1144 47
1383 964 49
331 1552 98
495 1624 52
621 1638 27
1315 1185 27
1316 878 48
1457 814 11
243 521 71
116 1706 81
1321 385 100
1588 843 94
1516 530 15
81 131 52
103 321 68
1607 1674 29
629 1167 56
952 377 56
1112 1107 58
417 1130 65
55 1645 91
602 844 66
1259 1190 41
332 1111 86
1076 601 52
1204 1234 6
1061 1650 7
1492 513 67
1269 982 55
765 1735 10
1441 953 38
986 448 4
629 284 61
125 655 25
1404 1120 3
1665 803 9
997 1526 35
271 453 40
628 504 2
431 820 84
884 1491 52
1039 295 90
1385 1399 81
223 1737 15
1157 404 27
1431 1186 24
807 412 26
1570 620 89
1441 1284 15
1448 532 39
736 322 48
1337 327 18
1308 443 23
1169 20 85
735 1442 12
148 564 26
640 1170 6
145 1073 8
375 37 61
121 348 52
757 1704 28
1171 1685 96
809 799 21
1223 1444 39
909 1715 68
839 1498 82
305 1241 10
1661 99 50
1517 934 19
997 1199 18
286 121 37
440 601 44
681 199 18
483 1469 67
219 124 9
1109 834 22
1455 1253 84
1194 730 20
700 515 47
567 1019 88
580 502 19
226 1639 54
1407 109 4
264 64 98
1045 1475 37
906 854 9
1717 805 42
1438 869 22
935 1708 35
1140 1548 88
1649 261 33
361 1615 1
1091 809 34
32 700 76
800 802 57
1407 594 21
1481 1029 52
39 697 25
1137 1518 37
78 166 93
134 852 2
21 173 68
1473 875 31
845 1216 2
1082 1071 77
266 810 96
1450 1288 27
1068 1478 92
1123 1004 20
695 1317 16
398 796 68
478 266 50
417 118 97
1297 570 14
1394 1492 95
223 1685 52
180 866 90
1156 817 28
52 1664 49
1541 1349 20
1419 814 17
63 580 11
1663 588 35
1335 477 34
1453 335 28
967 1119 17
1155 847 67
1408 926 66
240 1331 34
1019 947 96
454 427 6
1415 697 89
202 1025 31
1360 91 16
1629 1368 86
1326 139 54
73 1351 56
533 1571 17
330 273 81
857 1693 62
1585 1479 49
807 951 36
1633 1004 99
495 1635 77
417 210 72
624 1499 26
677 450 9
702 1622 72
1199 414 93
258 19 2
9 1722 63
1585 741 17
353 444 97
1469 737 24
1655 3 77
963 1546 94
1185 1034 59
1391 909 85
134 92 6
1107 950 78
56 1012 82
493 1460 56
1283 1661 69
1164 1314 80
855 1042 42
1587 283 55
270 1001 21
902 1029 74
155 720 19
605 772 69
658 1401 35
401 287 67
354 832 81
1129 1378 95
512 446 13
874 391 41
1140 931 84
514 1514 30
1572 855 90
1377 975 87
1188 32 35
20 240 94
727 683 25
1663 702 63
1188 1520 65
407 1457 98
580 1037 50
935 994 62
398 1729 22
1379 1703 36
1114 926 14
484 1139 11
42 588 12
1322 1338 27
967 144 40
1013 1636 16
663 1378 99
1719 763 31
1630 1111 50
975 36 18
822 460 62
1648 968 63
787 551 68
891 1501 47
1205 128 77
1121 464 33
72 9 98
760 1057 42
1599 1523 42
241 1164 73
466 286 32
1283 1565 22
1457 1306 81
1696 20 76
1109 198 11
1146 2 7
91 1049 25
780 1726 24
59 763 67
33 1078 51
778 406 53
641 1411 81
889 265 15
109 769 69
983 395 9
1741 1135 82
268 1475 84
1605 673 69
677 866 32
1270 1182 44
1660 1394 84
243 115 42
411 1256 64
1051 26 10
567 54 10
1634 303 70
1614 655 18
1493 434 7
1393 161 16
908 682 62
1597 498 19
1746 702 85
81 366 16
0 1410 86
197 1605 55
540 1098 23
10 291 37
808 93 43
1043 1622 47
104 791 29
329 761 24
1613 1281 55
158 425 64
230 1530 28
1553 723 10
415 259 8
485 1123 47
1010 1375 13
428 1650 76
177 1305 76
611 847 41
135 1268 77
49 1528 88
1260 1560 59
1331 450 84
1408 395 30
81 111 86
1690 237 42
355 191 32
123 244 70
148 542 60
533 909 32
1286 1114 76
1217 149 58
1449 934 5
1660 303 32
1283 1528 47
639 113 44
982 659 17
1200 1598 73
1741 1728 49
681 1687 75
1511 316 81
995 1018 7
1271 167 50
1726 630 65
1309 245 73
1665 762 2
876 969 2
867 1267 15
1150 942 88
1240 877 35
812 1692 97
145 1497 17
190 1590 62
1549 723 49
471 1046 77
297 563 3
772 553 87
418 939 40
347 51 46
790 882 7
1613 1378 77
1713 80 37
1040 370 58
1419 1070 94
296 1409 85
449 976 43
1349 1200 76
833 1334 62
959 4 9
1583 180 9
974 1167 50
1001 1368 26
1439 1525 10
559 1357 35
1277 15 78
967 1582 31
1283 1106 62
283 1037 80
1250 1197 22
1149 1489 39
158 599 13
195 1514 31
1554 1063 92
1192 644 81
1674 1283 25
330 1107 51
1139 372 19
752 1511 7
571 1071 81
397 1351 71
208 1246 67
588 470 86
618 1363 59
738 1543 88
1365 1204 92
1501 1029 36
638 849 63
154 887 85
1552 535 10
1129 1612 82
872 1468 80
344 1502 67
935 669 50
579 208 28
1555 1282 76
196 838 1
739 477 61
711 571 18
559 1135 43
885 1655 97
640 858 46
771 1528 100
765 333 91
975 997 100
310 1343 14
1350 653 93
1639 219 52
1254 1075 55
1150 1197 53
803 189 44
1291 1565 97
414 1643 21
1416 1026 30
1543 1578 46
889 58 70
1007 1739 70
508 1055 68
740 16 28
1557 1576 52
1029 736 66
1460 400 84
1408 1215 26
194 694 26
45 72 46
512 382 6
1432 921 25
1238 824 61
1010 873 84
606 464 72
1192 1058 12
1302 561 25
1610 797 15
1457 1175 38
27 1254 82
891 814 53
549 926 89
277 1307 95
1219 1 17
883 1722 65
1581 667 58
621 447 60
606 233 12
1688 1399 28
198 1301 40
1333 1701 36
1330 39 96
552 1046 31
829 401 53
419 1352 61
519 1671 36
1546 195 5
96 1321 57
1511 1054 14
1371 119 85
1455 1163 6
523 1042 31
674 542 80
1029 14 36
438 550 79
995 456 20
1678 1578 94
673 1640 68
873 807 62
411 1450 76
1067 299 16
757 992 56
1671 1368 51
16 1412 43
1384 1456 57
1334 1606 85
1326 96 39
830 975 84
1269 1418 43
983 553 86
1312 702 77
885 1304 30
543 550 86
1389 1005 24
1709 748 61
1713 939 46
1733 1090 71
914 829 21
1128 1572 78
909 70 36
1632 938 37
69 1087 78
1104 848 97
1326 514 12
1506 972 78
515 1299 15
1746 1648 38
120 352 63
1668 1447 85
347 942 95
335 1429 81
319 1743 97
923 368 73
72 793 66
1231 726 62
326 1458 27
102 1279 75
1040 465 57
1288 1089 6
612 245 17
16 745 81
1029 1097 31
667 698 6
696 1618 54
959 1401 60
1283 69 65
814 519 26
40 609 83
829 192 61
1104 1406 12
552 913 47
432 129 87
1420 251 13
836 293 33
421 1516 92
363 1718 83
4 722 89
96 1072 23
313 199 83
1444 1206 96
851 142 69
320 599 57
1157 1199 95
1059 464 34
1573 1130 89
723 734 25
1318 97 52
1224 1633 65
790 1591 69
333 859 30
866 962 73
783 757 23
1455 1250 5
1262 1440 40
1280 580 14
56 134 5
1638 481 23
1212 1294 34
1555 1233 12
1327 1618 63
1039 700 42
1483 118 65
954 818 97
1722 1710 61
274 921 59
1187 540 2
310 1637 5
279 203 64
265 1094 16
95 984 100
1016 1052 99
339 491 75
1629 233 74
413 880 44
674 1311 46
848 1546 16
1600 133 14
278 968 46
242 847 74
525 177 60
1097 332 67
1200 349 47
1657 422 46
451 342 38
721 93 53
1004 277 89
1544 1445 76
234 729 36
934 642 44
1500 1427 90
1168 1144 79
1006 269 99
1675 1510 40
1440 111 79
220 886 25
1739 294 68
1600 876 68
1302 35 8
1468 1747 40
1008 339 43
947 824 29
663 460 83
1075 1653 18
1515 1178 33
903 1060 66
292 1342 56
1579 128 79
1575 1329 53
1192 135 16
1432 1402 3
862 772 30
537 1294 54
1269 1109 9
1254 1169 91
922 36 20
1063 1264 36
193 545 80
617 94 7
1726 1063 13
171 720 15
1218 1161 24
1226 814 49
1554 1166 11
134 1410 34
893 1718 47
1314 126 11
466 571 50
1041 1674 66
1464 125 27
1604 409 93
623 783 77
496 1237 54
1005 1062 71
202 3 75
133 1390 86
669 227 88
581 686 37
540 1445 81
232 367 27
10 1478 4
109 1665 67
888 507 51
862 1178 17
604 1241 1
1222 36 29
1406 113 90
469 1404 80
184 483 91
617 907 69
338 1025 44
1581 814 33
762 610 45
1710 427 70
459 500 89
577 1734 66
1710 1246 19
317 406 66
1030 1652 47
509 192 98
82 860 2
1448 67 27
531 279 88
1338 1165 97
708 1688 81
974 1686 53
1376 1093 54
203 1224 61
1612 985 46
793 662 62
1456 270 15
349 697 84
464 1559 94
717 1314 17
1508 775 25
1425 680 34
233 1405 73
717 160 37
165 720 70
1487 1111 27
647 1235 2
1206 854 26
361 798 10
917 1278 67
1191 499 79
1229 1278 56
651 984 15
1093 860 96
1140 1383 51
847 364 89
1390 455 2
467 1577 28
401 1074 73
331 336 26
1391 1119 64
1207 563 27
1158 1512 50
808 173 34
1317 891 49
157 80 5
1410 231 65
254 439 43
1517 1667 59
159 1725 1
1108 1378 89
252 145 32
1203 1621 3
549 1518 39
1120 409 66
1107 642 8
227 647 39
991 1682 44
1259 1200 29
1062 1203 24
1555 1126 37
1557 1412 27
865 866 85
592 1583 99
324 287 50
975 550 99
1272 1223 14
613 159 100
1101 697 14
361 1334 99
121 1439 58
987 697 74
1316 1720 28
1075 1705 15
394 367 24
208 431 48
1482 482 54
1398 1614 67
1594 282 82
750 822 13
1244 1739 30
1531 32 76
1151 659 19
1391 700 17
1183 204 46
576 342 98
460 1557 96
109 302 11
362 1489 64
1740 818 30
925 99 24
1727 1428 67
1440 307 51
1390 431 39
901 1135 99
1300 1472 28
1001 902 68
182 1647 100
1738 736 5
564 642 94
925 1092 13
1053 703 58
519 1683 41
175 980 95
697 343 27
849 1225 41
293 1231 73
1088 1410 28
1575 1255 78
747 696 60
1663 140 44
73 972 83
1136 914 53
236 285 84
14 474 53
1470 1419 45
1139 1600 25
834 1173 55
67 742 79
22 538 18
189 38 11
1659 243 99
973 1563 17
614 104 81
23 1452 67
1128 1123 98
673 1089 61
1316 316 89
109 1737 1
1661 759 81
890 1475 34
442 1718 39
1705 927 36
251 406 91
892 642 52
793 488 21
519 1194 89
942 1171 8
1156 1331 26
153 297 17
1449 429 87
828 1743 14
1015 933 83
1479 1333 4
268 1618 36
456 488 52
296 479 31
870 1028 100
918 1042 22
1362 119 97
1427 1670 11
66 673 67
112 1399 46
1267 1081 85
1091 1235 35
428 1350 95
571 852 44
830 34 35
1064 1117 48
173 441 88
148 1210 21
95 45 62
929 817 4
782 1359 60
422 1294 58
957 1308 53
1442 1361 20
1091 152 22
1458 983 49
938 443 25
1201 545 58
143 1732 50
155 747 92
1081 810 23
238 915 4
1330 1057 92
1420 1047 26
1575 1027 7
312 1661 60
791 11 65
851 1606 31
1075 302 80
641 500 77
10 348 18
461 784 30
630 890 74
1737 324 94
875 766 31
379 403 68
984 240 17
1373 571 49
1075 331 32
663 878 10
1261 1185 66
972 1459 32
549 1616 49
77 1145 24
831 154 61
639 1507 82
1227 749 99
738 465 18
883 1065 60
1749 111 88
1102 716 68
580 58 21
1281 864 95
827 975 67
1163 1191 5
100 388 57
790 1167 71
1412 68 20
815 1191 8
1274 1107 36
1612 515 53
879 535 40
1172 1128 83
1214 116 51
924 1042 41
152 1352 43
1423 496 5
240 723 87
217 1406 15
954 561 83
783 1403 45
1359 587 34
748 86 61
506 1570 8
532 1249 19
1520 960 69
1464 220 34
744 5 97
1167 1570 42
1606 355 3
658 367 51
1567 287 85
1372 367 18
1268 729 100
1356 821 99
1181 292 66
985 1494 59
575 688 74
1484 1488 32
1688 49 31
1716 306 39
1623 920 50
647 352 10
773 1633 60
1243 43 66
447 646 20
424 1345 35
1728 23 47
1632 1437 63
1286 1426 34
1169 1396 10
959 671 18
184 1217 57
225 1080 4
1663 965 19
884 344 14
1149 1034 64
1410 124 8
1645 583 20
623 492 91
1431 1694 60
1064 399 59
142 239 92
1651 627 79
1023 775 26
247 1347 4
730 329 52
318 1721 36
1056 829 70
1479 1188 94
221 939 11
366 139 37
139 627 59
763 1245 45
1107 899 33
1147 834 25
519 689 27
1534 53 7
922 642 3
798 1024 80
1615 778 17
809 617 33
1191 1481 38
886 1107 77
855 1182 52
107 522 68
1596 74 83
697 128 45
446 664 50
952 870 65
1526 156 11
1519 829 96
627 146 9
982 307 4
819 964 88
1310 1080 39
971 1162 18
292 1715 43
670 99 34
741 647 10
1353 483 81
1291 1631 34
1506 32 64
1038 998 14
198 357 79
138 425 44
1277 534 2
1242 1138 73
414 383 80
1208 293 92
36 109 18
1383 545 37
1628 1203 63
851 804 99
1582 1383 21
850 437 48
1714 725 6
933 115 46
987 1613 9
910 284 92
1330 23 15
1601 1566 80
1025 291 92
183 879 64
1331 1739 26
1393 745 71
709 95 42
1414 1300 6
1714 1238 32
863 587 44
788 709 40
799 506 89
1052 1442 50
1422 1638 12
1640 767 24
580 1085 61
409 390 60
627 894 86
554 1402 13
1574 586 78
1054 493 1
38 423 47
772 934 8
51 1097 9
734 823 34
1000 1615 36
130 291 81
644 1282 41
400 1020 27
1161 489 82
1665 524 6
1180 854 51
362 1366 63
721 1644 22
518 746 66
1726 635 9
1743 1657 93
1721 1238 62
745 1152 41
865 314 88
1258 964 43
46 1192 24
562 1219 80
982 1576 59
1205 1356 95
975 583 75
1574 365 61
1274 1069 41
1717 164 96
216 1047 27
355 1334 18
1674 39 90
103 800 4
1622 724 1
70 73 40
1683 85 84
1148 1225 36
1684 1135 48
1569 1395 63
252 1041 56
1167 543 62
716 132 33
447 1637 74
349 1578 9
47 180 81
1197 1510 81
407 1703 82
1647 209 2
67 747 88
691 361 54
984 440 35
1091 995 94
330 842 14
218 993 87
121 914 24
1169 461 73
1328 1387 58
130 1291 62
219 1063 94
18 1376 47
1058 547 33
264 1371 74
104 837 89
12 39 89
886 1202 78
979 95 38
1471 87 17
1729 1024 33
1193 293 13
691 745 30
15 1713 75
733 1408 41
533 172 25
534 918 44
1659 1520 20
619 1279 76
1413 55 70
334 326 20
1520 280 80
393 316 8
1475 1075 36
876 844 5
89 1315 19
945 915 39
954 820 94
654 211 21
222 1176 11
1026 1467 45
1280 370 32
741 1296 92
595 424 56
1122 922 77
1655 1486 78
1440 1525 40
1065 1373 29
1114 177 10
546 1530 70
987 903 84
1191 260 28
499 564 25
690 1488 55
545 1086 72
4 1196 35
955 1394 62
1269 298 62
451 536 7
1098 292 99
1596 1048 10
1718 337 26
705 91 94
1016 48 63
453 626 57
251 1734 21
306 282 14
1551 1238 79
73 1300 74
568 418 71
720 156 10
188 270 100
85 1589 92
1400 858 70
1415 1284 9
1555 1596 58
1643 1731 29
991 1010 20
716 1300 16
1389 762 38
33 812 95
1010 230 3
477 453 93
832 366 98
409 467 76
1645 1418 51
858 1226 20
917 1018 8
1358 385 61
739 366 68
1335 1225 16
261 387 30
1663 1330 78
841 1624 83
533 1376 91
599 186 50
1462 822 75
1025 543 43
401 313 63
1695 1495 45
718 1239 87
1170 550 86
1009 1002 38
210 936 39
32 1352 36
382 1423 53
1512 1154 27
1479 721 75
290 900 96
482 1591 8
1291 424 82
1398 1048 57
1347 1163 87
1266 116 25
1718 33 30
336 1111 70
738 245 70
440 1178 2
480 618 74
467 351 97
341 1046 10
1712 490 62
55 1443 91
1725 1061 3
1007 1064 6
104 326 17
771 1298 67
1635 160 16
403 607 43
1284 393 3
982 460 45
1524 335 33
288 1413 80
434 1672 84
886 696 59
603 35 76
976 315 39
1675 540 39
344 1035 82
850 615 34
313 803 25
729 1271 56
1168 1146 100
853 582 43
356 1348 14
872 1160 71
910 279 54
134 1250 19
922 716 59
945 680 75
755 137 28
1021 899 77
437 1383 30
672 1371 15
770 392 87
1160 486 83
170 1177 98
1024 1319 12
592 421 79
1055 224 18
1039 537 7
73 296 50
1092 1586 47
62 437 95
822 309 73
351 107 42
1349 1108 56
393 906 9
1269 366 46
315 1443 63
35 704 82
1478 1436 41
403 728 35
966 473 42
1398 1342 42
113 796 100
258 1210 14
1696 884 55
1 471 29
314 1412 24
833 88 66
871 1420 78
672 352 91
1722 1618 73
1025 231 61
1060 319 10
1199 870 92
982 758 94
1323 584 50
43 1285 75
1127 1323 95
646 106 91
747 906 89
307 1104 53
597 1551 11
1092 1275 17
855 225 45
688 1048 60
1543 249 24
326 144 92
1736 570 59
482 1450 55
523 422 95
1249 1312 47
1107 1719 41
1659 459 15
1516 1335 23
70 1021 33
322 1713 24
1686 1161 59
1314 1294 2
819 1462 86
491 754 54
844 635 22
685 1246 44
378 1694 5
475 998 2
755 1525 100
437 1006 9
379 1504 25
1445 1285 56
1257 956 28
1504 370 20
1456 610 35
1480 44 93
1657 1484 76
1679 1495 58
277 962 99
563 859 10
1111 1165 16
1061 526 38
947 134 24
876 1206 24
1333 85 6
1358 1015 98
43 506 20
1146 1013 15
1265 1217 4
1715 1218 91
95 864 45
914 1704 94
1590 1633 29
709 747 50
752 366 40
1403 1388 61
754 324 57
1216 565 18
716 444 45
887 722 80
1149 1665 79
424 680 90
1048 1612 99
1734 896 37
281 208 63
1350 805 80
1681 4 95
1411 1001 38
1240 451 55
766 1592 34
1301 798 52
972 549 79
278 20 43
579 1534 3
1383 1528 60
1093 99 16
1024 1350 34
1172 352 46
1300 1002 6
15 603 36
198 1554 37
838 836 10
1505 621 55
573 142 68
47 9 38
1584 1418 34
198 750 84
607 1561 80
529 490 4
224 212 99
178 73 3
1076 1735 18
934 844 46
807 524 6
687 1677 34
1392 706 8
446 1729 46
1723 734 98
48 1248 42
1657 1044 65
1431 1303 100
645 1502 56
1691 409 20
464 224 98
928 1501 27
221 306 23
1176 470 31
1198 1615 2
1052 1128 57
1731 1466 91
53 1630 26
246 915 15
483 680 54
528 594 80
852 229 4
775 1385 12
67 366 62
902 1076 63
1416 1492 55
510 1428 29
728 377 88
1614 146 18
970 1178 39
268 1440 55
947 1572 93
1288 109 51
781 682 5
1408 7 77
640 802 47
1485 282 4
1266 163 90
385 635 93
1052 733 96
419 68 78
262 1718 46
704 1626 81
878 1477 97
1696 1671 54
1623 430 40
1281 100 49
414 68 79
496 567 87
1361 1332 6
1047 1001 12
550 73 81
654 1203 89
1474 879 32
613 974 69
315 1139 63
1713 510 90
471 651 36
417 430 28
827 618 92
902 1359 90
1547 1684 95
1415 969 95
995 1025 60
1721 677 91
1619 1245 73
1182 814 54
1739 1137 84
496 556 90
699 920 34
129 857 71
112 326 10
989 1655 71
516 1627 91
1089 1097 74
1333 478 31
338 406 20
218 1726 18
1446 150 29
1056 800 27
197 1308 55
559 599 16
612 1103 39
1058 741 94
1356 1178 29
932 725 52
482 61 91
1121 1324 88
1311 1140 33
61 1390 74
255 1123 96
815 887 100
477 315 43
726 1153 55
1317 337 45
913 1570 36
1729 38 90
1147 27 58
1000 968 62
1112 836 88
1524 778 75
272 947 20
1267 364 34
1711 60 6
1451 918 74
610 1620 77
595 1018 94
1145 430 33
1404 150 86
1214 28 29
702 1110 39
1037 833 43
1156 1579 20
937 1484 6
476 367 9
1359 358 57
509 644 15
152 498 68
70 1505 7
1675 1375 16
405 522 42
1484 912 4
1382 1582 72
1701 575 26
265 1735 13
1264 2 76
1273 1418 98
429 1609 67
1719 1661 21
1206 853 60
740 1736 80
799 533 66
1574 714 86
1081 782 57
88 208 61
9 59 65
929 1745 78
881 397 79
1417 1363 60
715 1498 55
563 1057 78
790 1663 51
519 788 52
85 657 57
998 1720 42
1241 534 62
375 1593 84
598 579 93
1015 62 93
651 227 74
1522 460 19
934 712 7
1412 927 96
345 71 12
115 876 65
1238 1336 40
1471 1415 70
911 1647 55
687 56 79
1400 1501 81
1266 1413 33
1510 150 32
982 843 2
1254 1186 56
1521 1270 84
680 1294 73
625 85 83
608 1607 89
1413 431 22
297 1615 87
1700 668 81
1114 1185 60
362 190 99
1535 299 17
329 590 33
1610 677 56
1372 725 12
440 1534 54
379 1468 97
1126 1737 71
652 236 23
925 142 53
1506 1580 53
1091 1070 55
848 1631 73
1517 192 9
1661 888 29
419 1622 93
734 340 19
1730 74 76
1216 1022 4
482 1734 42
1289 1652 81
599 218 51
737 1377 4
1353 1410 15
159 1693 75
200 1340 25
737 33 84
946 209 80
1242 525 86
318 921 80
1642 1467 28
1002 1088 2
897 1314 8
1166 698 28
412 1040 36
205 1251 13
256 624 8
620 389 86
1749 795 8
440 1347 7
887 1681 70
1569 820 26
1095 388 82
734 1305 77
42 369 45
446 63 96
54 122 56
1627 1556 9
228 1571 34
46 913 80
118 369 94
1660 359 72
1535 1079 19
863 1008 23
1534 978 63
553 892 44
617 1668 6
642 1 32
278 334 50
1406 1638 93
422 1431 68
743 297 69
13 503 20
1500 1089 81
1670 464 96
462 855 49
399 776 33
420 845 6
104 774 94
600 1643 59
761 1276 22
873 1555 46
473 1175 88
1039 1672 72
470 191 71
607 879 34
920 54 70
310 574 19
1670 13 48
1178 1486 46
1284 664 45
1048 219 18
413 443 41
131 193 18
1001 1101 33
577 1518 100
965 581 4
379 1640 36
1261 800 89
166 615 13
69 426 63
1334 1593 94
1155 1643 6
861 135 58
932 618 52
811 385 1
1142 262 10
232 1369 91
1096 367 85
1160 704 54
1742 228 83
1127 237 87
1057 660 5
1737 319 50
877 1538 64
1348 1378 62
1589 978 73
1306 1317 33
17 610 40
783 496 68
88 730 100
766 641 77
184 611 6
380 1308 60
30 779 14
1160 413 33
189 609 24
1275 1588 59
1308 512 87
359 1141 55
1394 1101 100
904 1556 53
1513 1544 83
830 228 67
0 829 13
11 127 89
1147 399 31
327 219 61
1317 1248 99
1038 171 60
210 497 16
1732 283 50
249 1223 11
500 543 45
560 919 12
1593 1290 61
1032 764 57
1356 907 69
999 423 49
715 1496 61
66 1403 33
29 1635 63
717 498 39
467 1437 50
1121 308 44
1108 989 93
1114 397 61
1350 511 90
1117 482 77
672 568 62
649 375 63
1223 967 75
1250 1101 82
1715 1189 24
73 1702 9
610 427 67
535 54 61
363 615 8
1278 856 82
655 1282 48
133 1708 13
209 597 28
853 463 77
1440 848 67
1704 902 89
1650 1696 48
1389 693 38
1352 525 98
1535 757 24
1597 522 51
580 340 44
252 441 96
594 1221 33
1182 1394 27
1199 1073 73
150 1236 6
1361 487 13
975 660 82
871 1553 6
1603 880 4
458 269 28
754 389 39
35 1209 68
1161 1145 1
883 1650 35
1186 1032 2
622 164 59
678 1070 79
1293 878 42
872 528 68
823 1659 67
458 1493 30
1320 807 28
1718 167 40
1473 297 27
1003 857 39
559 1138 25
1196 964 22
38 1126 76
847 1581 95
1059 1745 17
1142 251 99
119 1069 71
1074 384 39
833 893 44
1691 950 36
1233 1148 15
1113 757 70
463 733 70
1522 496 90
339 1083 78
661 724 54
1368 1642 40
1490 513 76
1292 1550 45
767 647 20
1417 1299 67
234 110 54
905 1266 73
1200 394 35
980 1170 59
988 1001 66
80 1215 70
845 581 24
1656 1082 35
999 689 32
1123 1045 14
462 1393 82
769 867 10
1086 1339 68
753 1437 97
1604 565 95
239 1128 11
1218 1700 76
574 1204 47
20 118 62
824 984 3
744 1216 74
151 768 18
1135 1407 35
489 409 9
1035 450 69
1407 94 58
1446 1661 86
840 845 62
762 1727 64
1173 1078 31
1467 951 34
37 576 47
1672 1591 68
65 1354 79
379 1085 2
719 641 74
182 1481 85
1622 157 64
807 1622 20
905 1537 63
1353 1647 71
1618 403 18
619 1133 85
1310 1658 67
221 686 26
1069 1348 28
864 180 43
1747 119 33
252 1436 42
1695 1190 61
39 694 54
1338 1132 1
381 776 82
1452 127 48
1525 840 53
626 1115 41
1445 44 99
154 949 94
209 820 99
1199 1195 59
211 451 8
1540 1294 90
777 2 7
632 860 38
454 1276 27
270 1225 46
620 355 20
586 956 57
1163 582 38
831 800 59
1606 1057 93
205 374 87
962 1282 41
758 886 99
822 139 58
1383 25 84
1417 231 40
1134 1276 14
723 581 54
1224 1523 1
1033 362 2
1547 1282 83
1184 367 17
736 138 77
236 404 28
1080 1185 56
590 872 9
865 944 19
663 1578 42
1375 186 30
1306 1365 36
366 1322 47
1443 469 63
1274 1544 51
1024 1213 20
1067 1011 68
681 846 41
607 108 35
1346 1517 36
457 215 99
399 443 69
1719 1281 75
7 13 92
1286 826 93
686 1562 30
1459 815 91
1184 704 55
1399 1411 63
1467 213 28
249 862 62
449 88 86
70 387 1
526 1637 17
939 1439 66
1112 959 4
393 787 94
253 1661 72
552 743 88
1560 157 3
1179 781 92
1418 1307 17
1362 1694 77
1463 1016 32
1403 119 70
112 1128 85
1470 853 14
165 1577 8
1442 38 99
947 1434 72
1299 780 12
108 1656 49
808 1511 42
291 398 78
1133 1131 97
1607 787 69
717 1591 10
741 1738 75
1393 103 77
644 1291 40
600 1718 1
39 1073 52
69 279 13
1527 1344 18
1132 1097 77
1164 669 55
1117 1401 59
313 700 48
1701 122 90
43 331 84
1456 540 72
30 1554 13
144 1635 89
132 470 12
588 1618 15
706 602 68
1508 1124 46
1112 360 85
637 1297 31
861 461 34
1421 426 51
1427 1128 71
1206 424 69
106 5 82
1133 363 48
1567 196 66
592 226 69
412 1713 26
1453 419 94
1164 901 1
1743 719 50
129 1456 34
811 1350 42
35 501 58
818 1211 9
1317 549 37
1033 1520 4
1515 604 28
941 500 8
436 143 33
592 247 34
758 1356 78
477 1027 48
225 623 35
589 1747 90
1738 656 81
273 114 79
1119 1219 88
1631 1382 43
285 31 17
209 1452 69
1669 1522 58
1045 1658 79
713 116 32
793 1731 42
576 45 36
1017 1465 3
1142 1320 16
1008 1337 62
1359 882 92
1077 1416 43
1125 262 98
27 1749 75
726 1454 94
691 1431 65
1081 926 8
1306 694 46
1401 329 28
996 772 61
1652 1014 98
200 1649 39
1655 377 26
160 1086 27
522 639 74
67 413 84
1619 957 10
1097 499 93
918 837 89
843 354 51
1510 420 59
1537 1474 89
1236 161 52
552 886 99
1537 343 29
1165 786 84
1378 1579 20
1648 1617 67
1701 653 24
29 29 30
767 1604 94
853 1710 50
1631 839 95
1740 1168 14
1132 919 37
1745 149 59
189 1376 11
314 1425 24
1624 1588 55
1503 564 87
1345 831 6
1055 1621 84
1425 288 84
1107 419 43
693 430 57
683 1580 41
448 878 65
501 1513 94
244 1069 54
404 1123 51
534 520 46
237 859 92
1044 218 43
1713 641 43
1565 1059 85
1062 981 53
1159 505 45
1132 631 65
1073 345 29
596 33 91
1018 1722 79
56 1270 33
1236 1632 25
1389 564 82
496 579 85
786 714 32
1360 1067 28
380 1112 76
464 740 14
1156 1325 3
1420 1552 66
1222 1200 93
480 801 29
1107 559 6
1411 1382 52
519 168 89
807 488 64
85 368 52
625 369 66
350 1718 89
660 594 45
184 1411 26
1388 1082 24
1525 1355 84
1721 523 87
4 544 22
312 278 93
1118 1428 81
384 863 40
110 1630 26
1065 1060 15
54 582 61
353 785 86
133 801 92
1260 1630 95
919 1138 68
227 501 91
152 675 89
885 1679 78
531 1683 94
104 1225 85
1120 1480 24
979 623 78
1621 783 69
511 1475 61
1129 1737 100
975 1746 90
1215 739 72
1196 1612 92
1401 247 48
1588 652 61
1195 1015 15
414 250 39
1102 419 11
11 1567 51
560 796 20
1093 1053 68
482 83 68
1177 706 97
1365 358 100
1749 666 74
1717 1211 77
225 1160 50
890 872 59
1287 803 62
994 834 60
537 592 60
843 154 84
82 131 100
450 1265 75
1528 979 31
361 946 27
949 763 30
1222 1166 47
1315 623 70
24 867 75
830 818 57
1244 768 83
312 844 51
180 1741 16
75 754 10
1694 1666 96
149 1342 72
217 437 50
1219 1147 41
87 1678 77
1597 553 97
314 339 5
403 1573 19
202 811 92
115 942 42
1031 790 18
288 1146 90
892 701 75
918 1517 89
672 1153 24
344 551 28
432 366 61
1606 311 53
981 1034 58
1329 542 86
193 1348 19
931 350 75
1565 849 65
816 1440 68
702 1043 18
1019 1658 51
1209 1297 94
1736 385 97
1185 533 26
254 1265 33
1351 1515 4
865 624 47
167 1367 17
