1000 5000
301 449 69
122 78 66
644 563 90
823 953 58
323 442 78
672 125 73
647 822 75
177 856 96
308 712 37
417 744 83
738 582 64
436 271 85
537 795 62
122 762 60
379 169 50
126 526 28
69 784 12
265 795 77
337 287 12
858 760 67
124 638 59
552 922 57
958 235 41
213 194 5
981 97 25
359 311 18
560 341 95
827 362 73
429 884 37
837 180 66
856 518 61
613 590 96
619 742 43
808 504 42
177 794 15
511 969 19
575 179 61
212 320 88
806 770 55
430 759 34
790 842 50
579 937 49
623 898 35
379 498 58
980 117 98
682 851 73
957 294 35
749 770 85
654 752 14
638 367 46
378 182 62
100 802 46
592 287 12
327 987 57
117 873 31
654 986 72
665 436 1
922 940 9
725 77 42
918 771 11
77 982 90
507 737 54
22 451 49
865 753 66
249 831 67
231 809 29
915 206 46
572 626 100
530 70 94
995 815 50
861 996 28
309 460 62
922 277 10
155 271 23
685 474 36
766 222 44
859 870 52
692 331 60
18 388 83
925 127 44
652 968 90
868 992 24
652 382 36
374 473 86
547 474 41
447 602 23
227 502 33
527 483 96
362 347 32
374 728 84
620 35 87
366 885 39
595 958 5
730 841 65
631 442 36
617 661 59
261 721 55
46 586 45
451 46 96
582 102 16
692 250 86
727 645 26
250 995 13
719 928 31
786 41 60
839 261 38
289 128 52
907 775 22
197 214 92
515 368 93
861 629 92
550 746 38
7 930 69
919 666 38
641 351 78
886 4 52
21 190 82
793 623 12
859 325 4
780 784 64
583 483 11
217 987 49
254 901 66
260 153 37
517 879 56
936 528 43
463 800 57
472 159 91
314 673 32
966 471 61
971 204 95
633 966 57
693 850 71
517 573 10
835 579 24
939 32 63
376 401 29
197 966 59
851 620 81
551 562 43
740 337 98
337 653 63
172 467 24
678 519 13
308 444 16
764 693 55
258 923 33
969 916 99
38 828 82
479 172 67
617 13 4
149 101 30
575 581 91
211 666 25
515 661 11
373 924 32
672 289 50
690 175 41
804 429 87
7 203 55
541 165 94
326 791 74
352 6 75
439 386 40
773 534 10
94 542 96
805 800 85
172 939 24
536 176 97
484 468 73
392 842 92
531 298 18
61 333 44
285 369 69
194 636 73
293 977 72
106 271 1
7 772 93
547 657 60
298 521 31
613 181 71
621 530 68
918 354 4
610 161 6
383 636 11
931 89 90
231 38 50
970 908 46
134 964 51
548 341 75
76 55 95
70 328 20
872 24 45
245 545 16
315 997 69
773 376 78
221 712 6
713 96 8
153 694 83
215 388 20
170 916 63
29 230 56
212 233 6
777 211 64
261 785 5
665 606 93
798 681 57
565 675 3
79 677 65
916 123 23
927 949 64
481 809 36
58 108 51
410 603 47
615 249 71
665 585 20
64 482 89
513 544 15
553 39 44
499 472 26
807 727 37
998 277 56
8 406 27
136 176 16
81 912 28
283 940 17
66 190 84
992 848 34
281 794 87
588 501 27
365 399 5
760 31 33
828 48 53
312 296 100
169 725 98
903 116 38
292 138 92
838 188 13
534 550 10
67 968 29
905 713 46
966 987 95
150 237 16
243 83 14
969 42 85
572 698 4
595 179 37
862 750 44
492 368 69
158 996 71
193 33 77
413 435 97
833 815 12
668 953 78
229 884 96
555 562 18
739 572 19
453 672 77
55 356 86
175 239 94
192 597 78
940 557 89
137 278 97
305 460 3
768 959 59
656 785 11
319 262 24
385 505 2
266 108 20
921 812 14
473 216 70
762 10 23
217 743 96
861 562 53
823 298 5
724 883 64
585 949 69
53 672 100
206 1 60
52 402 31
944 700 9
171 103 62
279 372 98
539 708 58
374 573 68
816 523 28
839 269 81
321 304 4
197 567 22
378 327 92
301 158 42
14 710 68
541 20 83
149 421 71
784 540 89
382 998 93
100 871 11
545 523 8
890 295 27
284 897 14
927 122 68
111 950 89
823 340 40
411 660 34
774 373 46
481 791 48
414 359 19
188 825 57
458 555 48
299 857 90
792 598 44
782 55 20
101 37 98
807 483 86
606 247 32
191 121 20
696 207 4
802 909 34
128 392 94
560 934 43
203 607 75
892 953 97
275 663 99
549 123 2
875 126 57
400 330 9
723 421 96
598 495 22
101 765 99
150 631 7
840 691 83
170 756 73
943 294 6
228 751 44
951 246 31
114 800 65
554 352 93
714 558 54
468 359 14
788 367 10
625 837 48
813 427 99
27 77 96
955 502 21
262 832 100
10 711 61
922 580 95
727 628 54
119 823 12
487 769 51
848 757 43
47 782 12
412 858 80
220 98 39
495 872 3
177 621 2
982 241 59
936 61 44
459 720 39
286 791 88
992 144 24
984 924 56
639 335 72
441 209 64
952 8 61
510 17 97
42 434 15
483 757 96
391 713 82
592 310 71
388 304 71
779 595 4
229 171 3
218 140 43
701 631 7
649 152 89
905 737 93
423 609 64
488 134 49
983 790 48
612 594 60
614 471 62
252 6 97
46 631 4
967 722 44
980 412 36
261 408 66
873 537 75
522 834 55
678 169 1
763 781 61
737 547 94
752 20 4
837 864 47
817 32 58
150 161 49
807 40 18
928 531 93
352 17 86
858 917 16
347 412 61
455 533 68
544 166 21
68 875 25
224 254 16
289 269 70
787 617 23
471 578 79
351 864 68
8 673 13
722 119 57
78 732 59
63 601 3
279 694 12
632 563 88
876 209 74
157 984 41
845 968 22
891 264 80
804 351 84
335 928 26
118 222 49
458 163 1
91 579 25
79 849 79
392 618 15
609 644 3
636 611 67
688 716 8
359 27 47
610 519 67
421 727 26
268 550 81
855 836 60
337 815 42
143 630 3
765 607 65
982 576 10
191 408 39
570 910 40
84 442 44
457 422 58
553 914 52
785 90 79
406 756 29
972 939 62
666 571 3
793 614 6
959 428 52
263 712 73
974 764 5
516 670 94
366 671 66
266 106 26
961 424 95
875 467 88
831 415 17
968 742 76
372 792 67
159 955 27
859 173 18
669 997 65
473 341 56
870 544 20
816 38 85
632 457 82
856 182 41
954 976 12
861 226 70
888 846 53
493 221 40
700 816 57
523 873 50
628 327 6
209 392 43
993 398 45
241 437 99
444 602 15
574 819 76
356 780 26
492 325 79
363 830 11
574 103 20
952 496 67
165 187 66
366 9 58
3 11 67
153 856 19
165 55 91
396 184 37
305 219 97
886 747 30
567 900 68
944 351 75
85 214 91
783 386 31
311 290 61
15 667 23
983 788 58
914 648 23
723 851 20
384 384 89
549 698 67
431 425 98
89 201 10
352 608 2
731 842 24
839 789 27
780 695 36
977 227 21
459 215 5
18 233 59
892 518 38
236 996 69
319 783 47
511 820 60
162 929 16
405 377 38
996 380 5
142 914 99
277 365 6
76 132 31
551 251 86
341 837 93
723 543 19
0 875 46
959 129 19
277 964 86
500 457 29
4 605 73
369 997 37
675 670 66
584 976 32
856 524 77
854 224 38
861 530 6
233 883 63
888 228 7
753 142 57
758 350 60
364 896 8
293 168 81
268 647 97
423 819 3
817 520 83
809 936 2
609 649 57
772 767 50
724 186 6
215 144 92
412 27 30
276 289 11
609 448 72
923 108 52
590 561 38
964 585 60
547 602 84
49 409 15
877 879 79
439 506 48
835 265 92
956 544 14
423 12 19
262 110 20
286 221 75
882 65 69
542 70 96
58 43 55
249 889 98
259 378 82
532 158 53
551 514 92
42 341 62
700 927 74
278 647 60
543 731 48
219 200 77
347 890 53
368 12 79
128 606 20
581 143 89
489 69 34
876 146 29
129 35 47
975 242 7
276 708 98
91 157 64
221 52 63
123 132 73
28 177 29
749 253 85
847 552 45
208 459 89
777 795 75
374 850 39
275 231 21
939 550 91
781 360 17
60 499 70
177 590 44
379 954 88
867 57 11
864 230 38
927 796 44
469 696 22
768 158 26
486 831 31
21 135 23
228 143 73
13 100 7
965 454 83
239 592 71
783 812 13
658 524 56
536 145 24
83 295 70
885 717 77
409 794 37
159 111 10
979 892 57
111 349 13
316 467 34
104 510 38
812 60 45
791 309 37
378 239 34
734 558 57
944 621 33
21 861 22
439 622 5
959 876 47
41 423 19
976 729 44
861 640 13
908 558 44
515 477 45
586 183 36
610 451 21
301 519 35
513 668 50
173 126 63
923 762 4
788 830 40
434 603 56
311 86 17
765 626 32
271 667 98
940 355 52
564 959 80
531 617 29
881 954 84
626 353 4
565 298 46
904 485 59
467 126 90
776 164 15
149 558 55
404 794 80
215 839 5
101 862 41
59 469 20
806 100 31
467 896 33
36 150 12
397 422 75
666 648 61
282 722 72
866 351 26
524 229 20
743 989 64
886 944 42
865 889 76
693 493 58
666 967 38
166 925 2
720 380 45
401 10 43
841 238 80
600 910 87
744 407 61
549 538 100
680 723 89
817 978 95
625 166 57
603 209 89
626 913 20
878 340 72
48 100 10
618 157 67
5 517 84
783 878 5
387 670 2
350 998 36
539 528 38
972 858 88
326 524 37
215 113 21
931 304 85
341 85 90
715 951 15
805 254 24
473 603 26
547 846 41
258 941 75
751 718 36
161 75 32
487 897 6
513 900 76
889 788 77
981 149 76
726 236 18
811 477 5
677 122 46
495 31 50
860 345 28
281 91 20
586 244 23
9 813 39
232 72 66
613 730 100
204 33 92
476 232 57
55 226 49
123 931 56
789 794 82
615 960 73
425 436 8
97 303 58
79 165 94
209 878 77
88 496 14
609 748 56
738 556 48
945 492 27
731 214 41
0 50 46
223 329 46
292 791 47
203 229 23
719 244 24
227 63 48
84 768 21
968 457 51
995 425 63
184 613 98
823 660 63
307 603 47
949 933 83
773 175 61
2 209 68
645 924 56
50 320 84
871 222 49
779 895 29
240 225 10
630 17 67
528 832 70
718 264 9
100 157 84
901 54 17
235 693 82
560 957 45
772 631 36
190 265 2
498 192 59
333 190 67
868 793 9
371 919 61
774 972 4
82 941 26
644 97 53
828 236 44
311 255 96
948 593 1
342 428 60
877 339 60
851 506 80
57 902 41
104 283 56
941 561 7
392 653 77
380 701 2
427 105 58
823 953 38
659 831 33
233 127 32
362 490 89
864 150 89
752 717 15
945 665 11
203 261 77
581 882 33
729 438 97
527 882 39
515 193 43
23 455 84
2 928 59
441 47 95
854 648 92
937 750 40
97 504 90
645 813 36
31 55 24
925 596 50
576 280 93
932 983 80
755 370 38
383 266 28
206 708 3
617 603 89
884 906 89
390 624 18
846 151 68
124 225 40
282 21 88
200 957 34
472 789 25
492 831 76
89 294 30
388 931 97
334 48 16
161 355 39
495 812 33
256 990 73
1 432 37
707 618 43
135 858 25
420 11 26
651 719 28
317 212 57
492 59 51
401 395 100
565 851 18
189 399 10
398 342 46
685 901 94
747 248 25
122 916 47
789 872 9
822 162 12
673 350 71
502 8 83
296 691 38
434 363 95
810 225 51
681 936 4
343 475 24
530 87 29
884 937 15
647 986 3
265 169 69
254 792 67
386 747 88
104 740 85
119 358 51
692 791 76
542 991 76
597 914 95
643 368 35
838 512 61
421 538 18
349 768 60
705 586 68
689 503 26
946 200 21
411 545 56
374 755 29
76 353 22
976 931 24
582 323 99
991 621 88
598 684 73
544 333 12
282 777 4
297 580 41
701 975 58
406 277 52
436 762 79
146 925 52
227 511 25
644 701 98
463 295 2
708 449 31
31 912 21
828 463 65
347 537 25
247 912 42
54 941 12
836 837 21
686 50 91
689 559 14
928 333 28
912 717 80
157 254 87
646 733 6
748 123 57
866 267 64
911 48 71
318 841 81
636 0 48
712 997 43
837 922 33
786 582 14
120 821 4
494 598 76
105 341 88
174 761 92
411 776 23
276 234 72
978 325 88
465 524 91
110 435 37
200 542 72
702 255 50
312 615 77
72 683 22
518 520 23
14 628 25
231 976 32
882 762 69
13 751 32
50 975 8
209 671 35
454 316 8
515 859 88
163 70 69
511 45 83
165 547 53
13 823 29
780 482 78
806 194 2
866 519 89
139 333 78
718 556 65
487 446 21
609 411 76
594 151 16
476 757 32
635 3 75
2 161 1
116 84 31
201 650 32
8 58 24
530 434 15
75 525 3
718 870 70
607 33 30
334 88 53
683 120 15
16 301 100
285 107 9
751 368 41
938 500 16
318 594 63
97 633 96
827 730 14
902 5 28
320 921 8
768 319 1
673 214 18
500 219 43
140 684 5
136 222 37
568 492 87
133 987 45
1 278 10
566 574 45
125 610 6
489 634 58
224 690 65
849 36 58
862 732 72
962 229 17
818 23 70
556 590 15
943 215 28
497 783 62
127 956 78
835 203 64
621 172 21
402 206 51
20 734 13
36 413 16
850 452 67
178 42 78
215 636 88
836 361 28
1 314 31
830 695 69
593 74 45
262 222 93
35 896 6
172 535 48
547 858 34
765 655 81
581 899 63
434 645 58
928 33 3
959 53 81
926 958 81
794 880 98
269 81 45
781 199 63
407 427 80
170 70 1
179 518 62
934 464 82
254 236 86
476 769 2
685 434 46
478 327 87
868 225 92
226 137 15
499 79 93
508 424 45
879 575 43
562 101 59
719 456 95
164 50 56
520 543 39
215 150 32
515 964 9
360 630 34
630 187 95
80 629 61
852 606 77
176 764 45
939 658 40
279 530 71
282 335 13
842 465 51
955 981 93
560 134 33
913 599 29
265 249 43
786 691 93
302 38 58
290 262 97
93 413 7
806 7 70
455 315 89
338 310 88
988 500 68
512 823 63
751 546 90
142 752 43
457 517 50
376 377 58
335 412 13
721 103 57
432 359 93
895 674 67
460 359 98
276 502 60
974 580 34
62 870 2
284 375 8
730 830 21
929 564 66
44 694 38
665 899 23
951 607 6
245 238 16
571 23 33
267 547 32
424 271 53
635 487 64
12 17 84
192 165 92
232 648 85
336 36 74
886 947 51
404 185 79
417 577 4
728 423 100
690 747 39
118 840 46
799 312 33
770 766 96
536 482 89
426 147 39
545 227 4
171 751 71
404 136 17
503 296 88
475 204 99
293 360 40
752 360 25
82 222 78
821 604 2
991 167 94
57 304 16
130 61 34
86 946 48
906 260 20
387 496 4
428 698 52
743 847 84
997 395 33
633 435 26
916 690 57
822 416 5
355 298 54
459 254 39
807 57 95
248 562 92
722 966 74
939 684 38
156 806 47
198 551 43
578 481 29
419 807 98
228 987 80
684 851 84
911 538 21
135 114 75
396 323 73
978 513 49
282 202 54
317 800 73
944 491 41
676 155 56
406 847 18
407 248 91
115 291 57
283 465 15
542 436 98
409 303 84
328 169 10
856 728 98
498 175 58
808 685 1
32 825 91
853 365 18
14 859 12
277 737 92
164 925 58
71 847 39
50 825 7
954 214 50
635 766 16
886 83 71
735 169 32
759 774 85
157 66 10
797 237 77
446 579 30
41 262 8
83 743 25
420 144 3
915 935 42
697 919 36
319 374 10
711 825 6
318 111 42
954 853 8
638 711 78
223 785 66
246 886 59
690 906 67
482 539 100
398 587 97
204 964 29
946 996 11
806 898 83
302 829 97
904 114 22
563 934 69
298 811 61
201 274 72
2 661 88
174 470 93
950 882 55
863 148 93
556 893 29
866 491 100
150 942 98
467 269 81
803 964 12
352 684 29
866 670 63
66 593 26
833 619 58
430 490 41
76 311 77
76 425 80
808 532 50
972 943 76
886 853 9
358 948 45
883 984 41
299 446 70
304 782 3
623 76 33
816 955 63
673 988 80
839 720 45
653 585 63
479 49 11
540 764 88
191 331 60
965 721 82
124 319 67
334 104 25
614 763 39
807 173 62
344 420 95
857 588 49
244 476 58
437 225 23
547 465 60
863 624 33
794 514 85
393 735 64
487 143 42
829 977 34
745 652 69
700 697 79
771 572 45
729 518 7
922 13 75
870 470 68
722 960 55
396 941 76
788 687 33
227 242 12
467 120 84
78 564 85
554 877 90
258 90 88
485 68 20
703 760 40
229 76 6
220 638 9
846 167 15
379 132 16
422 168 54
789 62 25
375 766 27
735 808 46
394 7 69
88 128 19
327 84 44
450 858 18
643 106 40
587 384 56
526 345 91
886 838 12
480 483 6
28 67 24
724 998 72
880 149 53
785 735 45
515 912 17
182 238 21
304 291 42
353 160 71
547 725 6
517 810 86
672 720 32
824 928 90
484 359 30
607 746 80
391 617 66
156 90 100
860 207 45
14 677 34
743 578 27
873 745 43
521 69 13
128 512 62
321 528 44
542 352 8
145 965 90
323 808 40
354 517 67
799 1 48
422 642 46
352 569 78
88 305 67
407 411 13
477 815 95
831 248 89
852 685 19
691 566 34
636 824 35
27 537 56
207 993 50
913 769 90
632 495 95
709 666 50
626 593 18
728 787 75
168 340 63
713 218 1
519 427 5
198 521 26
272 8 53
417 318 73
337 670 17
630 383 53
504 483 29
555 926 7
231 421 88
951 235 45
436 40 37
481 993 53
956 201 27
89 991 92
814 233 2
895 369 14
982 212 6
291 948 12
88 308 28
726 506 36
546 646 33
401 659 87
324 680 49
936 911 60
396 180 28
219 609 62
117 686 86
550 925 61
8 316 69
837 574 10
485 416 26
551 854 87
491 853 1
164 196 47
424 827 10
85 622 99
546 730 56
374 486 62
937 909 92
672 117 62
262 484 37
629 653 51
500 945 3
956 575 94
407 987 19
807 348 8
329 940 11
951 301 100
975 445 13
0 834 94
864 726 38
92 85 34
371 99 59
827 71 27
528 978 59
54 560 34
832 858 23
123 551 54
841 688 30
71 847 61
852 578 29
155 405 76
774 619 60
146 744 45
821 682 75
716 792 93
705 644 11
747 561 93
514 995 40
6 110 15
187 517 21
959 89 25
214 866 11
565 550 90
748 182 2
27 819 91
673 909 35
441 484 63
634 533 54
881 763 33
37 223 100
799 825 97
489 266 81
759 569 13
487 853 14
740 729 5
906 174 7
508 123 90
635 115 49
921 456 41
284 215 79
910 894 97
569 112 35
644 699 79
353 242 90
623 232 94
240 476 79
380 195 57
232 21 72
783 13 6
593 376 3
156 209 60
803 239 13
289 345 78
643 254 51
572 386 8
951 441 13
882 43 52
988 764 82
401 243 43
433 755 28
225 667 20
238 44 87
917 41 36
711 94 96
337 801 52
557 877 33
59 891 19
768 609 74
661 836 86
335 243 13
512 856 72
646 836 53
799 673 19
345 333 48
50 37 67
582 32 51
975 903 17
76 819 26
242 467 18
436 401 77
610 368 36
710 154 74
526 708 45
283 272 41
15 229 3
634 100 79
472 786 82
781 212 60
972 462 79
542 727 81
75 178 5
915 824 16
440 438 66
254 848 23
759 772 87
476 254 21
95 218 25
572 556 84
311 246 53
846 460 44
193 442 29
805 550 80
220 552 9
265 505 35
650 979 37
236 927 12
285 798 45
520 282 89
563 841 18
103 793 31
279 519 66
569 199 35
624 409 22
732 854 37
478 994 29
492 571 4
868 855 9
172 124 53
228 582 51
648 236 9
290 406 54
25 889 58
63 535 77
221 305 12
672 143 33
207 263 54
744 594 7
309 219 82
61 137 13
515 992 27
408 505 43
163 574 96
84 36 6
252 605 60
799 292 47
958 322 38
291 809 28
958 10 1
653 216 81
836 786 87
25 617 93
572 987 14
91 368 45
654 844 72
140 94 80
198 823 73
558 733 75
608 956 4
531 332 73
760 510 55
512 406 43
703 564 28
822 549 74
132 112 13
446 45 45
348 924 73
90 334 34
516 648 37
88 570 63
990 486 32
288 632 28
77 415 77
314 303 99
961 96 4
486 812 47
872 542 61
765 821 48
609 297 67
185 467 3
728 257 52
863 413 73
946 987 78
377 466 93
396 930 34
764 118 69
113 933 54
402 345 29
440 468 4
45 364 23
545 414 66
372 51 43
550 293 12
908 831 79
400 847 66
978 631 50
933 707 7
542 961 67
230 207 79
264 960 99
694 407 23
194 449 66
54 362 86
359 22 20
269 975 78
667 550 14
431 8 32
454 32 94
855 529 22
325 69 42
798 20 79
834 456 14
770 255 60
726 63 17
245 623 10
605 486 61
261 683 68
794 832 35
993 495 16
648 67 9
493 322 5
33 621 32
207 964 77
40 68 74
549 747 74
340 663 28
482 76 53
200 626 58
728 808 1
781 346 93
373 580 66
526 987 9
832 182 53
467 188 35
868 943 57
976 813 61
395 25 41
65 440 47
441 568 9
820 530 36
43 440 92
458 86 31
619 422 10
399 724 92
272 690 99
821 893 32
872 673 43
766 43 50
674 234 21
315 397 99
991 637 21
412 821 69
354 523 1
303 103 84
469 60 44
687 383 45
989 17 45
642 177 95
603 59 73
102 82 64
707 428 25
390 145 6
405 420 58
386 142 1
274 689 13
248 322 27
639 216 87
400 56 81
86 50 31
965 240 83
387 892 87
488 407 40
260 717 91
420 681 59
777 832 95
582 19 76
805 908 42
622 481 37
1 553 42
121 143 39
667 962 3
141 531 81
300 249 21
372 877 19
959 57 83
273 863 26
423 859 55
930 609 96
726 684 7
586 130 39
152 74 60
346 933 93
808 328 61
655 376 15
823 992 99
115 174 41
117 669 96
25 890 92
843 728 40
592 428 63
751 416 42
349 3 82
6 370 97
391 49 77
622 702 57
709 842 85
585 223 64
332 85 88
580 798 14
365 191 59
870 338 99
112 880 23
449 692 65
950 85 40
894 477 18
765 891 56
837 958 55
579 683 5
214 194 43
507 838 60
959 881 62
15 979 1
729 944 56
290 609 44
550 368 91
296 130 80
199 769 77
146 751 66
980 984 75
368 535 34
715 576 26
568 9 23
217 638 80
658 374 63
286 546 48
443 546 49
319 185 50
155 418 69
710 959 25
693 364 37
920 446 56
334 759 30
378 191 59
954 155 99
881 985 2
217 202 21
775 417 64
143 785 5
298 512 17
93 462 47
834 564 29
52 236 72
39 854 62
531 904 96
744 744 1
550 789 43
728 961 59
358 468 79
779 194 17
473 569 86
417 706 59
919 98 63
916 737 89
473 1 61
153 193 38
544 195 6
716 570 16
659 56 35
604 600 63
564 685 6
714 491 38
162 744 4
35 677 1
336 684 3
592 826 79
249 202 87
239 42 23
263 274 22
995 710 88
146 453 11
496 73 88
464 842 77
930 386 28
894 932 80
608 882 35
43 887 14
353 108 22
591 843 79
298 104 27
690 130 59
669 560 28
67 429 30
882 352 49
811 815 33
718 71 88
751 566 53
464 789 61
236 623 46
981 796 17
406 220 28
763 353 69
514 103 41
493 232 37
457 912 72
640 373 51
524 496 4
31 924 2
4 249 54
434 728 75
511 757 32
622 758 50
406 993 4
293 186 63
104 669 69
877 283 17
643 211 43
102 539 45
939 696 100
974 120 16
309 501 62
772 22 65
752 554 44
226 371 60
762 697 89
259 624 97
805 628 23
453 22 50
660 422 30
950 865 17
859 150 32
390 584 63
51 705 98
585 446 100
891 810 74
719 43 18
903 312 93
35 14 80
849 195 46
393 481 12
497 973 59
413 174 59
665 718 27
625 162 74
342 975 2
358 485 49
637 871 21
341 919 92
738 508 65
119 251 99
410 18 43
919 604 42
835 808 29
311 841 18
690 451 98
78 719 89
118 543 30
891 403 100
272 448 3
362 309 37
762 424 93
324 981 76
82 70 87
575 433 54
789 718 82
285 217 85
645 972 20
74 953 40
840 932 10
470 908 8
755 865 28
991 231 43
981 518 71
911 95 41
354 220 90
376 412 65
319 76 78
638 601 84
304 93 75
866 465 33
897 172 94
735 105 95
22 964 46
25 906 4
328 856 91
465 87 37
146 763 76
808 865 94
332 647 58
340 373 31
565 850 15
49 739 91
347 525 19
816 430 14
479 738 47
799 39 37
955 478 33
814 392 79
460 553 92
588 192 24
721 232 16
315 425 48
484 212 87
648 494 49
601 804 63
658 598 22
831 950 13
757 647 56
692 956 87
341 576 28
375 94 86
579 226 33
131 246 10
858 808 65
645 403 8
840 332 14
324 735 96
166 501 92
330 933 23
650 219 53
110 5 7
701 862 72
132 929 39
103 582 45
508 98 65
133 186 93
357 996 79
755 722 61
162 297 72
104 654 19
114 568 44
893 667 45
100 644 44
697 990 12
197 759 79
248 808 37
107 255 48
797 124 55
587 395 40
739 405 6
642 336 72
114 859 16
579 978 18
385 884 94
87 448 13
217 831 84
648 181 66
87 928 11
925 258 75
19 97 22
491 217 4
40 736 37
261 573 24
252 120 31
150 632 63
95 73 83
961 974 48
505 124 28
288 794 77
236 162 98
353 987 43
267 852 16
787 513 84
585 631 95
994 289 32
272 343 17
31 599 26
80 13 34
433 465 32
215 365 72
987 734 97
555 217 38
716 938 18
875 572 2
970 353 16
497 994 56
190 106 21
285 207 28
996 169 56
587 389 79
278 152 29
567 42 77
956 710 98
871 759 77
407 806 32
57 605 12
654 394 13
51 555 40
287 923 53
673 757 88
662 5 23
997 222 96
565 56 83
873 685 96
999 558 60
98 792 71
852 71 37
172 377 60
952 142 95
436 768 64
554 417 94
357 26 82
174 256 32
656 192 90
798 975 97
751 5 92
503 193 13
899 583 63
622 731 44
424 462 65
256 212 70
527 438 95
1 180 29
653 725 99
490 256 24
70 572 55
531 821 52
60 330 9
660 2 59
955 581 28
7 507 26
574 419 23
770 131 28
401 231 64
387 992 43
708 122 70
126 571 3
839 778 79
164 481 54
797 973 91
767 306 58
591 511 64
323 907 99
700 385 79
673 182 81
330 630 24
245 328 44
310 361 22
770 508 42
846 342 56
988 595 100
863 326 63
111 795 27
81 40 93
45 963 60
417 601 97
110 464 55
65 132 39
25 664 61
657 515 35
689 485 84
15 935 3
997 408 38
983 697 42
116 439 79
625 148 45
158 57 23
552 895 81
485 801 35
374 916 24
431 307 68
283 806 29
160 418 53
317 865 7
17 542 68
781 846 30
792 323 80
835 830 19
365 665 63
108 263 86
293 774 5
647 656 67
672 807 11
256 431 30
902 766 87
321 347 82
679 133 55
292 404 81
816 995 96
878 894 89
948 473 48
589 19 21
189 996 8
854 631 76
725 830 55
96 102 4
406 644 56
811 5 88
404 913 21
670 736 17
883 283 2
492 27 91
125 754 12
345 735 55
804 674 58
969 361 60
72 77 7
374 554 32
736 130 65
814 878 21
874 13 3
582 873 9
561 75 74
772 315 4
989 186 59
554 445 52
527 67 94
433 95 34
469 239 11
184 144 31
651 490 52
309 877 40
998 714 33
959 327 26
504 910 13
155 501 46
954 223 82
190 75 89
586 992 59
466 983 6
472 648 39
637 958 2
339 962 97
557 726 94
130 17 31
166 317 95
701 134 46
764 381 17
106 177 45
203 680 81
877 678 77
776 407 47
513 321 72
247 636 71
15 624 46
817 571 40
329 107 47
454 17 78
235 429 85
213 569 94
765 940 52
298 214 96
366 796 53
659 882 16
467 463 72
201 678 2
408 136 53
828 493 46
971 157 69
903 770 51
130 146 42
125 295 44
597 70 59
46 642 35
100 475 25
365 162 49
292 64 63
234 166 27
991 555 99
849 272 37
85 700 57
229 384 86
500 433 35
924 84 32
25 855 31
951 273 19
937 624 50
140 72 10
927 392 93
482 201 52
44 88 25
630 336 79
259 622 32
990 883 38
196 881 69
225 849 62
985 841 88
88 132 3
49 737 75
111 272 68
826 239 47
982 610 44
234 703 7
201 854 89
622 984 100
633 273 16
436 298 100
571 302 35
836 181 68
441 947 26
468 295 91
964 23 62
107 185 70
868 897 46
556 824 81
187 75 74
384 572 30
972 558 73
597 592 59
579 631 32
634 17 73
28 682 92
394 633 29
13 853 11
736 462 30
0 528 81
263 84 48
142 367 66
673 82 6
601 649 9
630 759 2
693 859 43
362 345 50
4 801 22
553 958 36
609 714 56
311 350 72
290 632 92
895 629 34
424 134 79
177 858 75
96 36 58
449 628 21
274 291 4
836 906 92
85 549 48
222 365 88
473 544 54
404 385 68
966 340 85
537 668 70
15 357 64
964 755 35
287 600 34
250 190 39
716 332 25
842 855 80
32 971 92
458 736 83
957 235 8
598 244 52
721 377 42
52 56 88
0 335 76
1 776 16
377 521 99
284 647 94
948 107 15
612 568 24
679 8 54
192 514 36
707 138 12
404 176 82
697 758 99
725 833 33
117 808 79
52 908 85
418 410 89
674 973 36
255 176 99
285 263 30
900 867 84
943 513 79
350 199 60
276 729 55
721 228 21
850 90 38
390 305 71
562 743 46
469 119 97
587 564 15
573 515 42
564 314 31
183 901 9
295 788 37
837 150 99
61 880 29
982 266 43
585 727 35
82 785 81
829 402 58
522 252 22
130 184 91
586 620 12
936 145 27
629 923 27
395 756 21
360 691 60
473 57 33
968 9 53
7 412 26
514 968 71
928 363 44
129 998 63
317 286 80
524 797 76
354 588 79
153 932 59
969 815 59
538 590 37
811 552 85
761 246 35
960 329 33
308 742 74
276 579 82
720 668 81
606 237 90
772 76 8
489 889 97
940 251 77
618 991 14
684 0 86
449 279 32
244 198 90
468 857 43
105 136 71
247 33 72
33 678 38
596 289 55
909 535 50
368 314 8
276 579 40
690 575 67
837 62 99
323 824 78
809 198 41
799 114 93
223 319 46
427 203 8
702 268 35
982 978 90
465 211 72
425 523 17
259 756 81
261 642 13
423 742 19
60 479 100
534 769 71
895 163 33
574 370 26
249 556 67
18 575 55
400 957 29
320 537 24
750 762 26
650 613 51
480 88 95
375 619 81
725 266 45
980 891 48
64 341 48
70 166 84
692 797 88
583 792 45
343 46 33
269 199 1
163 815 44
966 244 25
470 34 94
899 594 41
336 598 73
942 405 2
200 547 62
520 599 13
345 857 3
542 326 60
745 266 79
4 937 88
470 729 69
522 903 30
574 61 66
660 253 50
827 667 49
336 661 40
253 564 69
688 578 30
192 971 66
480 572 5
471 382 90
496 825 87
727 558 38
334 927 54
656 42 50
649 759 87
689 470 15
82 429 15
824 994 63
800 661 36
362 685 90
731 508 56
546 563 22
746 255 12
450 525 11
264 574 76
874 846 9
446 81 39
219 553 54
104 344 76
798 187 14
349 749 92
199 520 27
457 115 88
644 248 65
28 242 33
333 422 50
925 953 2
128 75 86
151 598 99
31 399 83
430 597 82
380 110 45
70 455 6
839 809 53
222 886 37
396 815 95
677 190 13
276 234 23
321 172 6
595 872 55
105 366 12
33 111 97
201 539 9
23 900 32
129 968 10
913 505 34
236 985 29
423 359 62
456 863 12
740 396 30
121 73 54
880 623 89
768 760 69
243 975 11
385 335 35
539 41 90
898 341 94
323 372 63
51 252 79
961 701 72
174 292 42
348 412 56
155 395 20
60 903 98
396 74 36
73 74 46
510 370 20
628 456 31
178 637 83
273 644 19
714 466 52
402 700 44
249 260 14
638 295 94
337 335 24
111 60 71
475 183 89
956 358 72
777 317 71
97 589 63
262 569 65
404 100 68
282 222 32
667 833 85
122 162 87
87 219 58
538 668 16
827 777 49
801 948 19
642 9 28
265 398 57
863 219 62
882 939 86
918 586 45
142 572 55
561 158 89
20 203 23
657 106 85
965 825 62
520 8 81
647 897 32
288 418 71
857 179 70
966 705 97
679 456 99
67 6 1
200 253 64
998 797 92
799 288 78
602 943 78
462 964 23
868 378 31
209 131 13
28 485 88
608 563 45
119 970 68
824 869 94
26 256 95
518 133 98
322 122 85
499 504 9
24 56 94
551 211 22
586 537 84
271 435 63
658 816 42
327 973 94
942 21 83
519 376 73
918 227 43
414 971 36
693 499 64
810 451 23
848 311 69
316 172 87
286 540 19
18 446 52
196 773 71
507 906 75
352 594 62
722 204 100
131 594 80
991 679 25
326 249 91
352 251 74
427 283 1
460 472 42
179 588 36
206 654 90
706 18 73
204 780 12
396 257 34
93 856 10
191 841 84
83 585 4
525 432 38
302 898 37
629 332 48
816 773 42
248 770 85
259 435 56
896 221 33
452 602 70
890 910 35
533 788 14
830 737 34
804 530 89
555 630 66
362 574 58
559 935 40
520 264 41
687 853 62
960 849 83
883 707 75
503 981 19
609 794 15
991 64 93
438 380 32
439 883 16
794 855 46
499 922 29
439 289 75
845 349 41
693 741 42
489 527 55
989 662 19
89 828 36
534 956 16
513 224 83
658 380 57
31 767 79
932 484 76
166 130 19
248 484 54
486 557 95
65 585 18
514 589 56
255 181 14
856 399 81
247 204 86
541 41 81
276 877 6
608 59 87
238 328 50
412 155 78
273 920 59
778 716 66
716 936 60
11 107 88
305 967 9
520 581 80
849 966 47
102 695 30
504 225 74
227 429 74
680 408 1
15 816 11
306 107 67
453 478 94
362 781 83
388 655 4
135 103 1
822 621 51
948 514 2
691 198 70
681 81 8
43 931 18
756 10 55
356 744 2
276 406 81
853 329 48
301 735 80
479 992 14
841 876 71
686 980 1
968 984 28
458 458 14
661 834 5
760 961 73
981 504 96
292 415 16
79 723 77
19 690 84
870 335 72
782 364 53
527 421 40
348 295 89
623 702 8
486 568 95
201 775 90
678 423 19
770 623 50
718 995 82
986 260 50
438 944 12
183 880 48
293 195 83
204 340 72
497 898 32
695 750 5
285 423 15
503 572 72
575 763 82
724 857 33
722 388 23
781 308 71
193 640 54
13 200 30
484 383 42
139 262 16
552 531 18
326 67 16
9 33 82
940 28 97
854 452 55
745 602 85
696 275 3
996 352 22
61 910 42
564 887 31
638 173 37
247 861 92
60 571 5
34 447 75
269 822 4
548 868 26
239 921 84
186 571 33
842 872 97
823 384 1
957 549 4
882 161 5
115 432 9
491 600 6
367 835 14
13 94 90
751 6 42
676 40 98
734 828 64
777 700 19
580 508 27
276 338 41
902 632 42
942 745 5
196 844 57
977 283 19
380 913 62
170 192 85
549 277 35
966 28 59
303 701 98
903 896 21
303 253 76
904 759 85
150 239 99
9 806 62
63 686 66
966 876 20
58 613 55
505 198 36
897 594 80
934 338 97
709 332 33
975 600 47
656 694 94
358 860 51
543 343 17
238 655 74
472 366 78
248 518 35
105 301 61
855 881 25
625 260 38
240 653 78
623 976 49
990 2 38
483 225 100
994 839 21
370 879 43
653 358 89
571 803 50
896 725 5
226 22 50
345 471 29
769 74 96
201 982 92
718 762 21
993 450 20
766 503 72
865 859 5
715 852 46
222 271 59
207 588 23
533 956 56
158 715 83
475 399 65
224 279 59
120 186 85
483 252 73
400 73 7
111 554 63
796 686 30
825 898 88
570 760 1
233 606 33
276 423 36
857 57 82
865 406 73
67 734 1
2 302 69
403 901 58
960 567 75
511 276 52
680 79 47
269 87 45
945 987 38
732 879 84
866 788 24
381 141 57
896 604 69
248 475 33
504 801 97
236 525 69
532 732 71
161 988 88
928 709 56
610 703 90
748 483 40
555 781 55
155 614 11
877 281 46
495 918 10
733 80 11
227 859 31
519 885 91
64 116 15
89 560 83
622 366 9
335 566 96
938 8 51
401 768 57
373 755 53
646 36 90
693 79 93
257 17 38
494 346 69
197 354 52
3 517 31
381 812 56
967 33 4
526 300 68
161 381 70
12 394 82
942 576 64
769 296 74
100 225 76
540 135 77
344 248 45
706 543 76
476 890 41
643 715 31
518 40 75
332 958 35
703 251 48
495 98 97
748 956 24
490 197 10
546 195 60
990 735 6
290 204 83
122 554 38
29 577 98
601 254 46
557 495 2
6 887 57
56 895 43
83 819 18
241 927 43
988 763 30
499 886 90
789 888 32
953 474 70
80 765 70
694 410 78
36 265 16
760 822 47
609 702 81
262 739 75
753 600 71
565 709 34
470 304 19
858 982 1
460 487 83
794 293 51
499 146 81
104 889 29
390 150 5
368 474 61
720 191 19
377 978 43
16 525 84
86 895 69
130 500 61
77 583 2
553 778 44
901 310 19
679 590 83
929 322 94
988 541 59
50 350 22
383 801 70
930 697 44
491 260 26
11 508 2
827 194 68
176 857 6
202 105 32
839 600 66
323 441 95
400 208 22
99 647 97
270 169 31
816 954 63
977 920 79
813 818 80
217 995 20
708 769 79
505 452 27
583 802 48
538 355 94
83 598 71
228 943 57
263 342 82
2 501 24
469 28 38
222 170 98
217 828 31
525 401 94
432 556 38
258 532 2
499 279 40
991 968 99
661 904 8
226 369 93
360 321 87
648 995 56
920 491 19
323 869 95
243 636 19
5 332 58
606 778 68
459 140 32
259 101 8
237 626 24
60 673 62
227 808 25
505 901 72
827 439 23
842 904 81
883 788 91
958 647 15
531 935 80
889 60 99
566 58 65
687 126 82
916 149 54
567 516 84
811 614 36
257 744 85
37 823 11
947 354 29
609 768 74
328 537 54
856 174 56
257 767 88
549 677 40
50 335 19
397 18 32
436 402 41
393 692 94
108 723 76
628 870 32
319 194 96
863 360 8
482 915 73
676 395 79
629 940 43
351 859 57
72 834 73
440 849 12
979 763 49
766 6 41
115 338 24
338 194 32
510 836 42
751 188 97
848 585 56
434 101 72
873 966 57
989 54 74
138 805 63
861 160 81
340 509 40
814 210 6
86 649 29
531 852 64
27 119 99
951 251 94
689 703 47
766 759 54
707 831 6
122 851 3
941 498 51
823 610 46
671 541 18
195 429 41
644 439 77
599 705 75
371 518 63
464 852 3
287 683 35
860 130 80
197 178 23
554 922 82
179 359 53
464 285 54
595 188 70
641 759 35
901 542 70
587 623 51
808 495 87
675 699 12
983 15 82
24 710 34
113 597 6
240 916 36
784 244 96
61 832 90
529 948 50
902 711 55
467 369 83
926 980 43
863 946 19
599 908 11
791 687 79
355 428 26
544 800 93
487 753 49
758 261 25
282 721 75
272 898 44
983 43 6
160 140 50
383 778 41
598 414 67
783 571 47
765 571 14
319 600 1
343 295 4
874 678 61
798 293 37
556 522 81
588 272 41
786 169 79
157 514 78
910 981 54
131 312 2
195 997 26
163 369 89
610 12 61
625 626 46
549 84 28
405 977 61
463 664 20
655 575 11
749 401 98
545 445 87
406 794 18
976 278 35
726 400 56
894 829 5
318 856 25
82 710 83
745 789 45
889 257 7
41 977 12
734 870 46
906 403 56
483 815 87
619 374 49
509 916 16
180 608 96
82 757 25
514 980 17
390 177 58
405 63 5
891 996 31
662 919 3
969 399 6
547 552 87
368 838 47
981 835 51
835 744 61
133 949 61
925 220 41
586 508 59
42 276 26
20 814 24
842 908 16
28 597 36
348 716 45
75 702 65
521 66 1
795 773 74
55 609 86
40 748 76
819 29 86
973 30 68
534 980 31
706 850 43
950 334 76
371 156 1
498 818 83
666 69 87
304 755 42
22 543 52
374 861 3
149 506 82
557 379 98
15 526 9
952 297 41
403 399 59
937 175 15
866 69 53
192 886 49
759 814 44
211 770 65
404 774 35
739 534 79
90 232 87
14 996 90
604 500 21
878 245 57
244 631 25
901 890 34
766 182 85
54 79 31
683 757 30
448 160 53
37 731 38
397 60 12
604 802 38
110 528 3
613 124 16
517 139 3
295 559 90
428 740 18
594 258 69
112 235 31
24 712 16
592 260 10
766 226 91
195 145 79
53 143 81
107 620 86
887 327 23
275 161 1
155 333 63
949 51 35
418 475 45
872 359 27
476 54 27
905 425 3
121 585 73
550 375 69
598 334 75
408 303 63
628 553 35
516 641 62
699 945 53
206 370 86
192 254 18
220 755 85
799 973 13
47 217 34
974 572 67
451 606 48
571 444 88
126 805 37
355 166 73
896 695 85
684 431 65
241 153 9
996 282 7
909 28 14
79 868 21
151 63 77
788 354 59
173 341 82
553 748 97
925 978 48
49 465 4
264 478 64
917 218 2
685 322 19
756 334 6
54 750 18
108 190 78
733 958 76
277 954 85
876 766 12
942 971 42
479 596 77
570 579 77
36 183 40
231 461 64
828 810 89
116 196 20
370 696 4
227 667 18
963 257 75
357 309 94
971 897 96
308 785 92
256 987 82
873 865 12
125 330 78
122 865 92
840 85 60
477 484 1
940 599 9
908 684 29
693 10 59
868 787 38
82 729 77
187 347 48
244 796 90
38 480 43
830 570 5
886 476 29
186 790 92
477 429 57
276 599 12
549 338 72
520 868 33
662 240 15
806 291 24
871 542 31
68 277 46
121 282 67
925 839 34
671 915 60
71 927 17
990 722 68
867 85 28
473 90 24
961 454 25
253 804 94
493 810 74
403 958 88
236 224 9
535 587 100
268 332 67
180 159 17
368 224 88
411 43 77
848 423 27
707 545 51
320 687 6
806 956 72
338 521 39
754 671 19
879 945 77
555 178 41
276 136 79
918 991 44
663 589 83
794 566 35
395 463 35
205 364 13
47 42 63
432 456 72
615 361 81
767 555 30
824 426 34
814 787 86
425 525 31
218 389 54
224 104 52
764 34 95
305 391 94
327 51 88
802 430 51
769 239 71
93 1 40
914 928 91
643 430 27
402 679 59
311 510 64
242 811 72
670 386 90
995 600 54
196 721 40
143 848 86
235 482 88
931 148 79
981 28 70
772 216 61
55 487 83
734 795 24
289 473 92
702 509 80
313 696 89
630 642 8
204 632 6
65 736 85
576 465 67
383 943 65
473 248 79
483 878 95
165 513 10
364 443 2
977 326 51
400 487 68
758 759 29
290 763 55
988 378 50
358 846 99
409 684 19
269 179 3
803 808 92
452 83 25
735 435 85
329 631 60
415 562 15
644 498 11
742 984 45
360 19 79
403 133 33
966 691 97
946 940 12
257 55 75
655 218 66
516 631 13
82 554 31
303 155 7
649 734 30
588 963 96
631 491 92
902 435 10
919 291 54
810 102 64
161 180 29
565 807 44
31 400 7
234 975 24
790 837 68
167 700 93
876 206 35
114 212 92
948 803 54
153 589 97
704 299 53
7 240 56
834 368 46
154 903 80
853 140 81
970 179 65
153 473 63
521 331 76
903 287 70
211 547 18
381 979 93
550 10 67
24 772 71
165 144 75
895 255 98
823 555 50
523 399 49
382 113 13
436 907 52
587 163 58
523 682 13
65 724 16
618 236 69
694 334 8
858 333 74
278 667 44
556 787 4
40 839 11
593 623 45
720 246 24
155 343 80
767 166 56
337 298 50
8 504 12
994 562 31
882 212 47
554 102 66
233 742 9
814 8 63
347 831 15
190 44 4
396 459 82
400 968 77
178 284 42
891 532 44
386 76 14
117 106 75
691 733 11
312 242 16
798 161 44
473 256 7
490 37 52
133 17 44
439 889 65
87 415 33
351 587 16
515 627 31
614 795 42
40 342 93
255 428 60
509 470 30
261 334 15
919 459 56
737 463 10
743 443 89
552 554 73
229 265 81
745 401 48
533 456 33
234 673 71
975 223 40
254 371 77
154 690 2
929 366 58
91 374 17
41 779 88
650 374 19
857 271 80
823 760 22
192 38 67
790 86 67
810 629 34
811 856 96
154 298 5
872 523 51
633 54 87
813 255 80
801 122 53
679 329 43
510 248 66
339 764 14
433 512 5
855 220 31
927 723 10
384 439 79
865 563 71
628 680 95
786 151 10
170 507 12
647 802 25
372 623 12
773 690 51
666 469 46
831 369 23
620 99 74
135 450 3
65 925 32
821 609 95
369 18 81
965 165 10
965 88 3
886 261 46
104 931 48
391 883 24
47 352 34
159 853 55
887 737 55
363 996 80
878 134 21
481 803 31
129 234 68
872 553 86
373 918 54
815 558 22
187 741 3
390 933 49
43 25 5
35 85 50
781 850 61
834 264 92
675 285 7
466 982 43
701 585 72
880 539 31
113 365 75
947 686 23
388 685 8
308 239 52
839 235 15
96 569 19
144 766 97
340 458 79
799 982 4
779 306 52
505 422 57
686 805 18
118 957 50
62 350 76
109 691 56
712 193 68
994 689 61
345 159 9
123 850 20
885 468 64
100 607 62
622 554 39
309 681 74
609 489 28
599 237 3
591 20 57
437 569 14
476 352 43
188 589 91
278 830 16
591 17 38
408 13 25
87 622 49
263 483 14
936 3 43
706 37 25
816 944 56
266 951 34
719 194 22
89 700 34
683 879 14
972 64 1
30 244 8
917 477 74
185 590 70
458 39 20
103 858 62
79 179 20
532 704 57
514 899 40
13 828 59
308 471 46
863 328 15
678 508 14
206 802 99
993 807 21
243 866 35
273 738 44
781 786 95
127 67 2
289 746 37
332 93 19
308 113 44
649 692 69
549 818 21
565 646 21
277 686 68
875 445 84
121 291 87
409 452 58
713 299 29
302 835 10
838 931 87
586 397 76
203 892 54
512 525 57
943 728 69
728 194 47
453 575 30
490 983 18
598 344 51
362 761 74
270 533 18
888 7 41
8 333 75
930 614 97
189 83 5
395 707 29
686 326 94
972 908 89
815 30 95
460 133 63
310 778 59
307 931 19
8 807 8
365 575 10
372 608 53
939 491 91
310 885 17
18 526 17
221 410 97
63 947 20
526 691 28
716 835 86
975 370 36
111 859 16
55 541 26
501 543 54
238 685 51
654 521 49
841 615 13
55 548 4
128 290 13
464 381 85
378 796 40
947 644 75
340 276 9
465 819 1
605 822 72
746 917 38
936 435 21
973 670 42
981 749 28
140 965 16
224 248 84
310 640 82
299 267 29
91 591 81
236 215 90
931 273 7
761 291 39
325 561 38
584 168 48
423 20 87
639 93 5
286 626 31
698 543 43
352 624 21
329 732 71
277 909 28
928 156 43
945 233 82
730 967 35
245 257 86
578 210 36
791 76 11
811 569 96
984 877 29
355 82 45
408 291 16
320 733 10
921 150 2
268 82 37
3 44 75
508 577 97
344 38 74
652 63 70
821 712 16
768 534 52
563 671 44
778 760 75
211 976 45
461 679 52
360 62 47
488 410 45
353 646 32
660 785 79
685 697 40
930 474 34
81 349 64
281 943 17
308 941 46
335 210 41
27 418 65
221 529 87
831 574 46
681 484 88
367 832 5
25 181 14
587 796 93
962 528 57
969 847 71
235 991 12
657 804 39
919 118 66
644 888 66
273 779 74
48 379 96
274 109 16
479 359 58
142 316 43
13 733 67
709 613 17
144 695 21
869 641 45
609 894 84
619 869 58
830 997 18
657 727 99
911 856 27
957 990 15
805 464 1
53 834 12
811 373 13
932 569 24
355 342 44
336 72 29
229 300 25
835 498 86
55 245 50
705 536 97
221 882 29
246 518 41
992 57 79
528 527 95
909 293 66
188 363 55
344 273 60
487 748 59
587 456 17
244 699 52
268 697 11
593 982 68
752 776 29
958 36 22
553 457 88
809 902 99
218 670 21
472 920 21
568 932 96
496 982 12
666 19 37
786 516 88
433 802 62
425 365 74
212 974 79
350 600 56
122 892 18
138 46 39
454 487 61
257 402 68
373 128 18
972 419 95
774 704 34
619 124 13
305 719 77
585 66 48
736 666 65
512 65 99
603 253 26
877 121 19
445 350 17
867 756 22
928 593 59
64 975 33
1 466 94
914 849 62
375 918 7
588 651 40
487 315 98
509 598 100
1 998 54
266 907 77
819 343 37
168 129 95
942 478 48
541 2 18
686 282 65
917 120 8
628 502 8
176 638 42
28 877 53
827 63 34
1 842 99
908 484 6
984 156 45
36 589 27
437 705 94
775 172 77
113 329 76
101 776 44
664 537 4
151 26 17
427 287 63
224 201 39
866 872 12
744 539 46
701 397 77
329 800 13
364 84 30
665 828 12
597 196 94
661 181 51
69 706 8
417 139 15
497 178 41
181 299 20
347 138 67
177 732 32
858 8 92
647 37 60
848 14 34
880 303 39
120 706 91
956 790 14
732 236 72
413 227 21
521 466 77
239 667 21
831 136 10
604 819 96
166 130 62
462 562 61
840 702 98
944 225 98
999 459 71
202 883 97
463 245 89
557 168 100
412 307 90
399 694 38
659 285 31
89 872 61
490 114 42
22 617 6
66 443 56
743 503 67
980 366 6
82 465 51
385 257 73
789 204 69
657 335 66
977 917 15
633 336 58
202 936 9
254 162 34
245 958 10
299 873 82
340 859 29
921 24 74
711 779 80
53 277 75
829 393 27
165 829 83
537 504 72
157 364 24
653 125 67
585 23 40
25 917 70
962 796 94
771 932 81
861 261 17
570 718 33
662 599 47
170 838 19
329 662 31
70 105 65
358 476 22
129 98 56
369 94 73
414 269 100
558 902 27
144 474 67
706 489 35
87 980 94
13 577 65
917 649 62
802 868 30
123 300 16
291 910 22
644 191 15
626 571 75
644 966 100
897 133 98
518 716 3
444 62 16
142 951 32
211 269 24
829 226 55
906 436 41
806 733 17
621 896 80
79 961 37
385 79 50
850 838 26
202 238 74
156 389 75
863 632 1
192 12 23
643 52 61
889 500 31
614 496 38
363 874 77
100 129 56
140 32 22
241 257 51
889 783 58
697 22 21
507 887 100
338 928 89
342 677 10
474 409 17
331 173 45
163 607 45
743 705 25
575 143 3
551 899 60
739 406 48
708 912 83
569 541 71
332 541 49
74 905 79
731 653 62
389 764 76
618 946 92
161 327 2
77 279 8
539 48 42
237 975 21
27 870 93
605 923 18
305 469 5
435 69 6
894 395 14
613 308 47
595 533 56
648 332 36
219 480 8
788 382 87
963 989 12
141 785 70
800 994 54
604 546 24
311 583 51
135 657 41
17 181 48
744 279 94
840 248 88
333 679 22
465 346 60
266 73 23
773 571 69
602 210 92
229 451 27
376 816 14
528 621 100
49 859 17
668 644 20
713 554 3
694 781 41
394 511 51
495 465 70
907 182 100
590 130 75
511 483 20
728 946 63
337 799 41
408 298 88
798 378 85
784 429 96
971 458 43
865 982 98
897 830 7
959 625 99
219 982 97
884 287 8
593 572 10
741 429 85
306 827 36
577 635 18
740 125 45
412 424 84
623 361 32
42 142 44
478 836 38
615 360 25
990 385 91
751 471 81
156 27 78
810 169 18
895 87 50
941 328 37
844 174 98
337 940 91
27 373 79
746 930 12
512 937 5
179 262 52
948 596 15
165 257 21
9 810 82
373 441 11
139 75 50
446 939 82
744 739 32
797 316 34
849 427 95
583 26 23
382 806 96
357 364 70
938 19 76
649 537 62
616 554 45
932 999 28
887 128 45
525 911 32
571 405 93
472 268 37
944 929 38
275 967 69
222 725 62
955 290 14
362 512 20
860 840 21
526 1 83
513 110 25
988 267 32
878 136 3
527 442 77
762 590 14
86 856 83
230 430 51
535 158 71
139 846 97
518 597 100
918 803 71
871 98 11
131 780 16
278 141 32
569 86 63
175 949 4
555 396 28
681 838 94
172 897 30
540 416 50
161 345 11
363 809 99
60 467 66
591 852 14
684 23 40
952 530 12
512 503 93
755 970 25
976 359 74
264 39 85
58 435 74
398 761 53
332 621 23
112 475 39
996 877 14
212 556 98
455 887 81
526 441 33
987 597 18
73 545 25
526 129 97
138 922 44
449 954 5
516 844 5
348 492 38
780 346 33
504 34 100
183 345 10
424 74 31
244 182 86
50 289 68
282 338 70
96 893 66
32 853 71
765 104 16
837 338 74
689 495 1
920 585 45
739 937 36
57 54 80
860 304 75
760 22 47
652 895 23
700 3 89
246 379 31
236 662 85
136 103 31
187 728 86
603 930 36
79 845 79
958 301 10
763 111 23
470 409 61
419 465 14
717 730 65
662 378 93
644 46 9
125 593 25
577 412 37
431 986 12
94 72 54
273 603 38
692 404 30
259 765 21
95 76 78
988 580 47
328 8 92
860 586 50
565 266 80
825 291 30
954 190 62
585 924 3
136 271 91
953 763 28
639 281 83
852 42 8
694 43 37
939 430 47
197 798 75
375 168 44
652 927 84
929 931 51
398 438 60
504 665 39
971 889 94
998 926 54
974 435 40
461 962 15
843 73 62
284 856 6
378 152 81
249 44 59
903 14 43
457 772 68
309 157 16
181 744 86
771 526 21
595 840 58
314 567 40
605 981 7
76 664 100
825 699 2
360 66 42
143 654 85
768 631 3
158 310 85
911 881 24
287 285 75
55 615 11
467 27 40
63 447 28
562 428 94
861 857 67
847 29 61
740 555 51
438 11 80
31 785 18
802 708 97
565 206 84
546 340 55
303 322 73
104 144 22
666 470 57
306 337 97
857 674 82
648 552 75
982 646 52
356 141 18
0 799 71
853 372 71
442 454 55
100 741 37
571 599 48
124 684 97
520 47 30
339 351 92
106 960 9
154 581 13
349 369 76
607 888 10
580 943 19
643 17 70
4 38 46
841 637 60
39 705 81
247 304 67
880 672 50
967 744 98
986 901 2
827 287 11
299 203 44
262 250 80
673 128 34
799 906 78
391 222 88
832 730 55
268 51 76
630 487 96
440 11 38
603 841 29
457 877 16
918 959 20
517 284 83
209 591 24
416 985 83
322 272 27
208 215 99
950 876 29
39 949 100
759 408 45
950 518 7
643 70 97
577 117 56
914 532 79
285 684 18
556 729 36
598 235 17
655 762 17
505 706 25
738 365 71
830 350 65
329 295 40
124 688 7
718 56 3
945 586 25
315 39 35
964 334 37
754 588 58
463 820 47
640 367 7
169 454 91
680 9 3
312 152 54
766 117 47
95 524 53
930 297 3
610 392 19
910 135 35
366 139 59
853 461 52
435 953 36
92 569 35
325 540 75
496 220 73
96 964 34
293 141 72
188 67 31
985 563 13
762 898 85
803 70 9
503 614 83
845 715 69
759 858 44
845 579 67
102 793 90
173 404 34
173 791 66
151 901 88
907 449 80
419 593 70
169 953 29
43 460 72
418 319 84
542 680 21
300 140 2
83 769 39
667 551 90
912 404 99
219 684 85
977 768 54
725 412 16
181 583 1
240 362 51
743 141 21
595 271 91
44 750 29
74 306 23
118 652 16
501 571 17
972 940 64
663 656 49
15 853 34
143 861 6
298 312 61
892 373 59
481 74 46
949 170 95
463 672 48
356 966 52
14 113 62
838 74 56
397 115 8
5 703 45
141 205 70
324 435 88
24 579 42
178 174 44
968 853 57
541 168 40
241 152 67
736 875 8
162 791 52
299 727 73
216 78 52
66 17 56
813 258 30
864 544 8
324 900 87
510 553 92
798 428 92
939 946 39
40 275 62
677 629 81
731 373 98
738 713 50
241 871 17
766 96 99
650 945 61
389 69 96
505 114 27
645 371 7
749 42 58
561 47 61
768 278 65
849 626 11
817 717 71
147 72 81
445 217 69
806 26 27
207 852 59
275 579 15
180 237 7
311 616 7
10 938 1
400 929 44
948 171 61
450 941 56
924 572 66
716 440 79
552 961 94
787 559 49
992 390 28
545 517 33
959 206 36
50 570 96
327 352 14
707 842 10
253 75 34
955 231 54
758 274 24
41 831 70
872 419 51
27 909 45
210 631 70
259 620 93
585 749 31
865 711 81
137 521 51
624 453 57
379 320 76
870 645 19
120 825 50
4 48 100
893 511 88
30 368 24
166 196 99
415 371 50
57 692 2
244 942 74
591 502 24
883 893 9
261 572 3
982 267 60
624 632 26
142 461 92
786 203 81
112 716 37
299 592 81
21 729 26
776 205 82
138 412 69
17 554 88
894 550 22
127 282 62
360 481 14
981 843 100
661 76 61
379 276 84
201 703 38
927 65 22
414 486 56
377 844 14
431 134 44
659 760 100
758 66 23
78 120 25
102 30 46
13 149 49
275 281 50
265 530 45
252 503 50
644 505 92
367 609 26
950 626 92
352 694 2
833 84 21
304 741 98
379 213 2
283 514 50
484 270 28
301 298 94
738 665 61
761 812 55
451 541 97
250 572 86
303 189 37
985 904 17
912 527 12
355 726 64
671 166 7
436 793 88
919 329 24
710 967 69
491 16 81
290 609 69
941 795 26
938 493 18
980 419 46
287 259 52
406 839 99
29 628 95
358 477 28
798 246 90
205 0 67
449 378 6
459 756 62
651 896 7
281 465 13
615 316 70
465 309 62
496 185 17
58 500 19
682 979 91
187 445 98
429 882 93
256 469 33
71 393 50
568 126 86
251 513 38
205 850 31
294 269 30
316 468 85
995 449 18
904 503 85
931 393 63
849 295 38
211 998 1
545 5 25
888 480 100
944 765 73
433 739 90
768 902 78
364 473 30
302 296 56
743 375 33
366 61 44
149 547 77
474 301 98
413 946 83
775 810 58
495 630 25
361 128 66
845 258 48
542 658 99
683 501 38
949 656 83
115 622 49
778 668 97
119 787 48
992 624 78
324 324 89
92 437 71
322 613 26
31 920 1
452 621 49
427 804 20
39 652 38
476 629 98
550 971 24
406 721 60
21 620 13
450 989 42
846 703 29
108 595 44
261 661 77
933 46 31
437 120 55
830 50 34
909 392 63
519 925 78
115 440 19
39 412 30
900 700 50
663 728 6
380 612 36
331 193 96
128 643 80
423 931 11
984 515 20
675 733 40
823 243 29
141 15 72
704 155 96
379 96 60
102 56 6
832 29 62
871 778 18
530 630 21
115 618 52
129 634 13
937 847 63
37 450 14
752 308 95
602 974 30
331 616 44
964 281 89
2 35 85
470 593 10
559 179 50
908 18 99
307 243 26
251 538 29
472 717 58
108 766 68
941 615 83
54 911 99
291 768 7
994 862 44
581 768 62
136 686 75
42 331 95
8 779 11
345 952 36
719 230 1
438 646 100
0 521 67
8 764 23
348 582 1
902 625 45
360 623 31
995 792 15
107 411 9
765 985 89
665 953 45
722 440 43
782 795 55
732 372 93
405 834 45
795 515 68
305 874 3
659 987 48
30 462 14
749 570 75
981 268 77
462 286 94
311 673 8
450 817 63
477 876 59
58 13 8
785 285 81
853 555 25
226 319 42
118 828 85
48 52 23
852 776 2
643 222 52
789 295 34
468 350 100
929 378 3
279 5 85
466 457 18
711 47 60
20 528 67
576 234 71
942 522 99
484 656 29
555 46 67
812 557 33
812 573 84
376 140 94
68 358 82
845 768 89
164 210 99
418 914 73
722 750 77
860 915 43
452 770 60
238 948 34
155 653 61
962 959 71
598 741 50
736 704 82
318 792 18
496 328 85
747 737 7
124 37 71
929 952 8
97 608 11
82 670 97
351 444 86
90 386 58
992 810 39
905 343 82
634 411 72
183 890 15
151 713 97
625 105 100
383 895 79
7 878 2
833 792 30
257 330 100
689 352 2
819 999 9
215 775 8
821 681 72
336 379 7
452 278 56
612 932 51
738 84 42
824 760 16
714 633 29
767 697 20
489 708 66
293 265 80
849 415 48
310 491 61
998 883 20
717 876 11
685 346 88
221 4 37
761 532 79
690 155 67
661 378 46
261 67 1
828 110 81
614 253 88
478 513 88
580 452 30
355 483 31
554 946 72
254 754 49
18 307 86
15 638 47
869 398 13
322 214 94
304 707 7
664 300 67
66 359 49
122 750 4
209 527 38
13 133 18
212 205 3
428 351 77
674 552 44
544 928 67
174 202 87
290 514 7
122 773 76
857 749 53
171 194 83
687 141 41
370 374 73
72 824 82
972 179 4
709 27 7
530 400 79
49 257 36
831 854 81
2 877 29
504 224 89
304 100 98
809 746 57
976 760 41
858 624 85
877 382 39
123 741 89
837 761 82
504 133 39
45 531 17
188 959 7
888 270 70
892 429 31
447 884 96
925 874 16
656 159 58
50 468 74
542 205 40
304 668 94
880 206 24
157 337 86
452 699 20
138 934 78
219 889 27
167 967 80
197 275 33
423 523 49
857 551 79
155 309 45
273 58 17
329 311 20
322 302 59
461 949 31
843 232 21
676 355 30
461 720 54
986 323 50
979 15 7
275 758 44
44 603 64
550 808 66
667 900 34
57 288 47
121 954 90
658 471 33
194 355 15
987 613 13
717 787 95
917 848 89
906 134 14
906 155 100
275 525 88
551 484 91
468 435 93
6 52 62
479 953 60
338 728 5
271 139 42
481 349 97
40 889 52
780 410 92
473 968 29
540 458 36
621 9 79
729 34 4
884 690 48
313 944 21
301 730 49
134 809 56
742 716 72
671 143 16
590 162 88
296 712 11
347 78 85
984 75 37
34 837 70
961 558 48
239 452 37
165 309 2
36 899 37
293 656 41
178 28 54
944 156 25
291 138 18
620 415 24
654 881 85
536 248 61
28 103 6
756 885 16
884 445 25
709 255 60
949 162 80
959 162 47
644 881 49
939 690 70
426 214 60
597 651 38
471 861 41
97 933 26
145 165 47
999 290 3
341 952 8
488 856 19
132 743 77
360 214 80
960 378 25
81 777 1
659 86 55
100 520 40
384 719 59
619 706 65
610 31 16
164 549 80
80 242 96
952 330 6
499 184 26
52 873 50
829 34 68
785 818 25
244 474 70
361 222 72
485 463 35
568 962 68
47 109 70
871 523 95
410 340 42
850 635 48
929 162 93
159 275 18
511 133 63
33 315 68
316 55 30
294 178 13
905 461 66
594 101 61
349 813 88
262 530 10
214 791 75
420 204 77
407 96 2
220 424 60
627 579 79
648 381 59
147 445 7
936 740 19
480 153 14
650 455 88
265 570 56
592 534 3
39 253 70
505 878 28
889 964 50
390 914 92
46 522 69
838 352 16
251 683 49
880 502 89
52 322 80
380 355 30
28 332 48
736 260 20
855 1 2
986 314 19
783 479 4
261 657 4
177 67 24
571 660 63
48 207 68
884 660 29
529 292 69
402 799 32
660 123 7
591 676 5
788 924 54
479 401 32
740 987 98
510 412 55
265 30 53
478 531 57
560 742 92
237 395 88
963 839 91
653 732 84
50 755 32
130 278 64
824 906 63
747 453 63
810 542 71
886 187 33
501 717 65
719 121 19
704 653 32
556 264 62
654 428 66
281 69 82
894 589 43
941 821 27
518 412 86
768 725 33
454 199 27
618 3 92
514 799 16
215 469 9
987 809 31
523 57 40
947 706 23
810 628 79
359 34 49
834 839 53
282 304 92
753 412 90
860 341 24
59 950 3
140 663 33
371 931 53
996 514 98
169 907 27
57 892 100
491 681 14
923 695 3
305 317 3
708 437 64
219 282 62
515 579 39
483 198 23
278 739 24
389 610 1
376 748 27
130 607 56
859 755 84
797 288 66
244 803 94
498 763 42
882 648 6
586 61 90
854 838 72
949 732 4
308 159 84
629 192 46
782 251 22
282 296 48
234 594 43
947 474 71
300 215 59
531 535 91
972 959 68
131 896 64
625 128 7
231 295 32
387 222 19
138 96 75
131 516 13
324 694 46
345 700 69
331 792 18
717 91 20
985 966 48
454 521 91
34 944 39
546 626 24
798 835 84
439 482 27
304 473 34
287 298 35
203 741 72
750 40 85
672 344 28
606 174 53
917 883 90
226 42 25
802 11 58
487 985 67
868 649 69
442 585 47
600 66 1
985 643 22
1 915 35
939 266 37
553 830 18
5 7 28
210 859 7
592 109 23
427 879 58
927 915 100
549 945 28
840 28 40
581 468 76
143 959 26
56 81 81
807 134 23
680 907 33
245 926 55
923 947 54
126 950 41
578 724 26
578 683 12
91 954 43
97 252 70
517 88 84
936 14 63
822 751 84
392 71 60
65 527 78
478 916 16
972 964 17
474 22 94
509 747 22
769 238 10
379 77 67
154 448 84
839 963 34
18 427 74
199 966 83
461 850 48
702 97 3
654 482 38
15 543 91
84 459 81
74 910 21
5 27 88
237 790 11
453 766 65
993 6 36
255 730 87
509 199 47
103 235 89
329 197 41
736 397 20
298 775 45
421 60 14
555 61 8
404 951 22
731 175 46
711 329 4
602 325 58
239 461 42
124 284 44
791 729 25
449 790 38
621 720 28
743 814 11
225 538 81
936 197 44
670 73 42
576 460 22
92 54 76
510 261 51
600 533 53
248 948 17
22 405 57
790 85 87
140 66 54
331 806 69
198 206 47
378 21 63
188 481 38
136 260 63
516 972 37
974 595 59
183 175 50
812 536 35
390 341 50
622 980 21
980 285 1
467 395 32
623 813 61
841 141 41
992 284 27
321 983 15
675 89 66
525 930 56
427 125 22
421 324 92
842 134 89
132 108 97
124 992 21
228 928 42
989 582 57
418 299 37
998 437 87
415 519 38
666 696 68
477 22 45
885 98 67
282 855 49
238 950 43
890 402 94
179 596 88
766 454 63
963 747 64
204 889 2
918 607 75
147 912 17
473 152 74
205 187 74
531 107 25
90 502 96
902 4 54
781 908 32
670 173 2
823 562 20
407 168 80
14 713 33
948 953 82
935 389 18
935 638 40
196 681 5
498 71 44
795 680 46
106 720 69
193 345 70
982 533 78
19 795 69
535 12 3
235 515 16
516 492 25
367 118 91
315 65 35
166 822 51
86 843 16
947 762 90
387 970 8
328 847 21
733 236 81
382 235 80
361 295 79
257 599 99
2 417 2
856 106 33
270 340 70
129 415 21
454 642 71
641 453 84
1 15 100
712 785 61
422 151 74
355 621 20
590 308 45
511 767 10
792 911 20
119 687 56
559 163 73
372 290 92
624 271 39
394 141 51
273 685 86
242 388 72
282 895 97
153 384 16
319 400 3
102 588 33
381 892 68
609 405 88
155 5 23
823 551 4
775 653 31
136 908 63
