1000 5000
492 215 97
138 544 14
941 607 19
709 253 99
676 597 33
537 710 10
825 973 87
516 398 82
329 671 83
435 975 13
343 626 36
961 334 44
435 510 65
275 346 58
117 752 77
255 339 69
208 434 49
483 230 82
469 11 16
582 443 33
994 430 68
287 12 14
62 590 20
153 318 4
655 147 59
354 982 33
874 159 63
217 960 67
598 879 93
458 604 64
137 760 56
65 462 8
865 365 53
67 554 31
91 124 99
673 308 3
754 588 62
114 618 3
256 834 11
842 695 25
259 518 99
158 719 77
369 239 80
271 708 58
239 619 62
774 650 69
300 89 25
312 366 70
19 150 79
928 693 69
662 385 22
479 639 41
7 643 31
165 658 96
218 546 1
193 690 86
28 881 1
293 973 86
484 20 53
471 732 16
506 937 18
795 856 19
0 0 20
423 150 79
731 726 93
149 466 33
826 135 1
650 937 71
253 386 87
734 267 47
20 307 35
226 745 23
828 242 88
875 3 86
5 456 45
305 506 66
835 456 95
282 744 58
556 813 71
498 526 22
113 703 70
86 515 60
547 287 70
749 92 42
276 245 88
45 963 65
837 631 50
81 265 20
707 515 50
393 637 73
389 28 59
601 32 92
642 483 78
598 161 38
793 322 43
508 694 72
433 897 79
821 575 82
750 513 28
449 987 98
608 74 11
525 626 78
838 950 62
269 276 92
405 979 51
531 685 50
939 42 79
856 329 33
651 30 37
215 373 80
362 364 65
767 549 65
127 634 50
164 743 83
559 34 93
9 882 12
790 502 55
293 255 53
810 171 51
115 411 95
17 730 10
291 443 57
886 928 14
68 771 50
635 603 49
726 378 67
205 347 99
992 912 17
291 806 87
37 697 40
504 361 27
448 495 24
15 727 10
606 672 95
613 435 95
315 644 99
701 999 52
857 440 83
485 146 21
437 570 5
71 653 4
703 239 92
881 150 8
647 820 89
794 438 16
761 941 5
756 304 23
386 643 50
218 833 25
149 229 66
74 423 4
60 537 39
331 132 80
251 714 37
341 564 63
214 139 17
71 768 97
585 91 35
328 295 91
339 329 15
731 131 55
563 87 42
284 786 41
556 988 63
200 186 4
140 201 39
906 612 5
76 356 10
748 399 89
744 822 26
530 254 87
914 948 83
339 415 33
939 397 45
848 810 17
180 363 34
720 672 81
16 309 82
559 532 83
787 871 3
91 319 46
947 645 10
624 398 51
573 5 67
93 762 37
707 904 61
597 581 74
519 704 17
660 276 28
925 743 6
606 215 85
500 331 90
397 280 53
522 155 45
364 300 24
484 699 97
734 987 69
797 770 51
435 61 60
459 198 18
11 628 80
805 826 8
625 729 28
591 471 11
227 154 15
148 653 83
864 46 100
93 401 61
355 239 77
572 91 13
914 809 16
809 896 43
332 722 77
54 229 22
928 864 17
72 103 98
74 656 1
548 222 37
988 979 9
226 490 10
544 542 96
531 193 81
362 872 28
353 601 94
580 292 87
11 468 86
119 266 82
589 121 72
941 557 59
642 237 95
373 548 8
263 205 77
365 717 39
795 544 20
633 513 36
582 5 17
439 127 3
602 274 76
477 636 72
690 41 19
754 526 72
888 178 93
650 772 56
724 558 97
951 769 16
77 166 13
714 464 64
765 715 68
20 489 6
718 881 29
134 571 67
737 494 7
746 28 20
572 704 89
829 646 20
942 126 77
537 767 98
457 721 35
854 365 70
279 502 13
929 20 15
775 255 81
0 351 27
57 111 27
160 439 22
116 373 8
460 654 73
54 471 56
134 330 36
888 617 77
736 125 94
83 337 68
425 184 35
454 627 34
200 547 36
188 721 16
913 473 35
692 13 57
474 23 74
640 2 47
0 798 50
289 897 64
528 456 10
364 28 82
954 538 43
587 149 54
371 451 43
833 510 52
39 544 61
480 970 66
421 479 90
299 486 44
169 345 43
248 166 55
865 514 89
564 211 62
303 700 16
14 169 82
930 379 45
292 220 72
932 433 17
464 636 32
531 29 17
897 984 51
102 208 78
722 837 22
334 995 38
769 883 16
323 65 48
698 796 15
237 597 9
800 602 60
749 762 55
59 760 97
605 112 95
862 296 90
305 111 10
999 210 60
275 289 84
451 763 55
545 711 16
542 656 20
275 550 35
167 129 47
870 406 98
618 108 98
646 44 60
38 136 84
927 592 27
256 430 9
296 237 29
734 181 75
291 302 73
678 412 33
663 287 84
614 522 28
204 540 95
408 518 73
951 719 20
235 257 48
635 822 27
238 776 8
917 864 67
736 77 27
541 121 94
275 735 58
457 642 55
820 501 93
17 638 50
173 773 33
461 407 47
63 282 56
338 523 28
487 770 38
235 603 16
419 369 9
549 317 38
808 723 7
936 136 8
950 898 83
378 523 23
532 523 81
352 283 98
804 13 97
12 472 82
334 477 72
832 288 4
375 992 28
204 157 55
579 803 95
175 812 22
797 96 48
361 662 96
392 346 24
559 831 76
170 440 74
582 313 95
652 868 44
79 683 1
107 996 90
367 833 93
133 506 48
282 425 44
227 744 2
582 595 20
2 286 48
847 665 2
971 467 14
877 921 89
801 723 29
685 649 86
565 268 21
409 325 39
265 77 58
96 842 81
669 759 43
681 835 93
677 981 23
512 137 33
832 224 33
964 479 24
465 240 25
743 195 14
753 566 85
460 325 38
632 175 47
183 570 60
765 635 53
603 538 51
338 808 44
372 844 62
442 512 91
826 835 23
749 147 8
303 481 33
924 213 88
77 915 43
597 567 95
584 184 39
890 750 70
230 949 41
535 720 69
716 261 90
497 344 45
952 8 22
800 226 57
24 526 12
539 310 75
971 433 42
67 287 14
20 574 54
736 175 3
454 57 79
537 677 91
881 866 36
878 19 41
157 498 91
572 270 84
890 45 50
121 61 3
338 515 66
346 592 89
569 385 70
888 625 22
478 923 20
99 353 12
337 864 5
346 415 4
441 479 91
72 773 31
950 970 15
749 794 66
532 985 96
932 271 64
437 708 58
834 397 69
371 923 46
895 95 6
361 735 84
243 700 7
406 278 46
369 412 43
782 734 96
605 121 81
663 734 6
763 124 79
898 452 99
19 333 64
341 144 65
758 793 59
253 793 40
531 416 96
417 354 10
69 825 7
281 398 6
102 222 60
380 479 51
702 787 41
671 936 28
88 260 77
297 274 14
599 841 6
152 198 10
794 545 56
434 741 80
845 41 85
509 555 89
435 504 90
216 842 24
441 406 45
14 619 6
991 883 7
739 394 85
543 548 14
561 283 45
234 766 40
987 544 66
696 953 9
142 234 38
929 858 42
100 513 17
285 660 34
654 873 34
764 101 53
838 471 62
61 96 48
606 916 100
173 285 6
538 19 88
742 606 53
567 498 8
857 326 19
7 37 88
577 646 24
251 842 22
367 410 88
365 388 74
657 569 26
3 612 98
874 175 74
750 582 53
967 372 44
577 671 70
622 345 75
85 679 97
711 481 10
831 283 92
898 375 19
161 758 27
730 50 58
705 310 80
936 540 95
921 306 100
613 266 40
954 569 32
838 331 77
966 332 15
953 838 95
61 543 88
343 997 38
610 488 65
270 758 7
794 657 18
246 76 65
22 53 42
667 481 96
764 46 56
162 369 54
809 746 97
496 201 27
327 97 22
0 710 9
140 190 95
89 15 39
682 199 42
261 81 98
527 564 20
91 229 38
943 597 4
37 532 88
895 816 31
378 822 79
288 910 27
750 242 8
877 725 62
153 446 84
813 713 33
766 212 76
478 761 83
801 813 43
215 603 29
996 718 44
191 198 21
532 551 13
24 863 38
792 236 68
761 944 61
252 941 91
157 329 27
445 609 63
489 154 34
644 786 31
691 84 7
126 923 83
142 838 91
577 480 19
456 855 1
876 754 36
991 129 88
773 37 56
13 203 40
429 154 98
77 52 4
687 161 92
890 401 66
777 833 3
308 724 25
494 679 2
537 765 76
205 687 24
856 168 10
226 229 94
258 382 71
759 390 98
713 704 23
43 629 99
738 204 86
143 833 62
586 548 65
384 399 74
532 435 89
63 813 60
406 13 66
474 984 7
678 879 77
262 640 81
706 527 43
922 655 100
533 223 12
716 975 44
901 36 41
571 481 88
765 171 86
463 12 6
700 591 49
646 380 83
822 234 76
533 765 37
727 971 5
410 656 98
147 737 30
373 765 65
648 597 8
232 913 37
257 867 95
247 458 73
824 50 7
571 214 19
949 557 65
6 665 76
653 25 48
420 860 82
95 823 87
872 14 6
36 817 20
835 581 43
619 354 38
573 240 26
475 966 8
784 446 87
546 990 98
545 988 24
641 331 29
350 204 28
169 961 14
821 203 12
19 14 10
286 583 57
269 624 88
817 193 24
585 39 77
892 425 34
901 942 21
564 636 4
722 635 95
107 419 84
652 988 50
716 561 1
456 373 15
680 257 78
148 780 37
666 567 8
886 625 76
476 624 36
870 671 72
212 223 56
621 32 21
69 970 50
253 712 51
701 387 7
136 405 77
556 368 6
593 481 16
988 204 38
379 294 41
608 258 4
142 512 98
445 942 64
850 857 80
542 626 79
565 238 24
936 456 6
911 118 13
484 408 88
935 941 87
773 605 60
449 92 55
142 465 72
633 854 82
545 312 8
136 72 24
272 576 85
421 745 38
817 299 48
399 753 33
546 718 92
744 175 25
994 4 37
21 152 8
210 947 63
686 601 73
506 577 26
460 423 28
540 846 28
951 55 27
568 932 50
654 513 56
445 777 54
282 666 62
660 474 33
113 682 100
607 478 89
995 475 99
210 944 22
448 208 55
67 139 16
48 730 86
342 737 22
67 926 12
857 433 56
15 136 12
101 600 45
805 224 40
976 823 46
782 627 39
417 191 62
118 243 6
302 909 16
882 180 94
381 365 24
783 718 20
361 81 13
10 491 34
846 37 82
101 948 11
116 844 38
79 281 16
818 388 96
498 775 87
6 638 73
731 549 25
277 697 35
857 598 50
528 32 91
112 800 50
289 715 35
794 565 22
69 16 33
701 254 43
793 931 39
547 638 57
837 308 4
967 896 4
804 550 43
299 62 96
702 27 23
664 882 45
529 531 41
504 539 5
476 982 39
191 671 96
395 902 66
702 385 70
717 583 70
393 222 49
6 454 44
302 784 20
237 29 58
254 347 77
276 383 6
598 794 74
734 366 90
657 53 37
141 459 86
208 77 67
98 354 61
550 283 67
225 644 96
273 751 92
548 816 29
62 261 66
735 877 2
307 756 2
519 934 42
840 925 66
542 764 14
910 945 38
811 899 26
670 975 58
505 888 81
816 981 82
567 134 34
522 252 69
249 481 81
70 104 81
334 966 57
825 555 18
379 324 55
143 409 75
834 899 39
797 250 79
627 109 59
735 466 21
503 121 40
171 523 70
633 394 63
687 154 36
82 882 19
304 92 78
348 740 90
360 22 43
953 797 60
289 876 89
678 842 5
79 501 77
643 160 46
709 305 76
65 547 42
655 890 82
690 955 39
511 766 76
905 58 76
664 302 57
182 631 86
140 662 55
784 650 27
93 853 29
624 99 62
891 834 51
223 813 49
983 469 82
852 525 79
227 601 44
794 414 49
940 866 23
680 427 34
337 618 50
715 738 45
681 826 59
623 183 32
77 117 75
202 926 71
906 47 72
83 689 11
866 966 100
689 538 54
724 459 9
77 343 48
418 893 2
476 858 58
112 845 13
577 629 27
543 476 14
275 175 41
979 61 90
452 449 59
442 509 68
847 269 44
923 332 15
854 449 69
77 881 38
782 715 85
323 489 7
410 177 22
367 638 69
407 799 91
1 682 30
370 149 43
414 743 4
567 369 28
810 659 58
922 199 83
38 839 56
580 989 77
634 198 79
298 377 49
952 987 68
427 635 57
665 268 24
407 782 68
460 538 43
616 641 21
545 803 31
657 348 68
279 801 97
39 88 57
381 977 43
756 311 51
365 443 77
936 412 41
65 587 37
745 117 77
194 824 85
933 90 15
407 196 40
305 938 71
639 901 90
906 288 63
875 675 45
346 286 82
792 84 48
553 784 17
556 217 60
810 950 61
95 421 27
723 460 35
456 408 9
454 232 20
424 519 27
542 776 72
897 165 44
630 715 81
630 761 31
755 402 67
65 456 55
296 454 43
889 956 53
495 336 43
135 673 35
522 871 79
22 16 50
60 153 37
415 749 63
671 259 79
813 745 5
177 328 54
87 666 56
543 349 40
394 520 6
785 837 12
314 153 100
242 865 42
442 499 73
439 522 62
593 972 20
937 107 79
299 32 89
834 391 62
380 556 58
386 682 93
60 451 3
724 577 36
557 314 7
865 2 73
211 106 93
330 464 29
822 297 64
909 329 2
76 186 78
377 774 46
698 683 77
135 377 72
451 356 100
807 55 20
114 724 21
715 988 19
418 607 97
682 644 25
684 354 99
37 286 54
605 176 84
613 366 63
607 157 67
566 760 23
377 626 36
289 156 64
989 682 96
277 741 26
244 572 29
941 541 5
233 84 50
974 491 97
555 683 13
686 22 23
795 670 90
30 129 6
664 654 15
581 137 57
328 867 42
581 743 28
561 691 43
120 411 81
561 290 60
389 944 99
306 503 19
717 306 23
138 404 23
215 306 26
412 168 20
366 574 94
593 259 92
475 223 6
838 995 84
870 440 58
277 6 30
732 63 67
568 673 95
496 863 35
857 653 10
266 826 68
185 843 37
17 377 23
940 888 44
622 610 78
744 809 72
36 891 23
302 868 25
834 380 96
289 641 76
369 917 74
935 310 23
847 468 7
243 142 99
826 750 58
138 521 61
676 876 57
760 842 62
244 711 81
619 465 61
353 959 60
82 10 59
288 603 42
450 504 35
727 157 79
94 183 84
658 65 73
354 339 12
784 732 65
42 393 35
396 752 43
494 806 99
559 526 31
801 380 40
272 910 51
12 59 11
258 778 42
454 102 95
98 198 12
32 499 6
123 290 97
461 727 54
812 921 82
282 363 49
457 772 67
537 744 51
732 90 56
695 809 71
267 208 90
820 411 98
2 736 14
581 229 52
651 169 78
890 539 64
304 1 50
497 638 13
507 529 78
747 457 27
993 155 13
747 338 11
177 378 9
548 902 36
636 598 87
401 637 33
154 273 81
216 943 67
27 367 58
149 566 12
576 948 11
106 512 83
274 467 59
214 731 68
514 867 41
278 633 37
741 773 2
568 639 38
896 517 15
393 978 48
244 248 29
373 364 88
494 409 50
420 201 50
929 253 16
808 208 33
439 169 16
301 595 90
430 473 20
154 412 66
39 966 78
362 304 50
169 371 94
819 837 90
563 64 72
470 924 19
459 564 3
214 775 45
443 923 80
243 900 68
676 679 38
204 366 13
150 512 89
126 403 56
865 709 97
325 255 25
346 533 47
647 425 85
258 631 85
959 665 14
437 388 76
359 206 70
512 217 91
287 532 64
142 360 58
595 215 96
136 869 20
982 924 19
524 535 84
370 727 36
943 22 36
211 701 66
988 191 70
905 770 4
421 90 70
39 852 81
215 458 73
421 318 3
247 406 93
131 171 35
861 209 85
118 701 26
711 236 25
77 201 39
58 275 1
972 331 75
977 660 100
967 43 26
272 753 43
595 342 3
539 96 36
879 835 88
622 208 18
532 901 23
390 318 74
885 356 99
74 925 84
995 761 65
276 190 76
913 57 8
530 345 94
631 906 59
256 490 52
733 588 64
665 345 73
309 291 94
881 623 37
700 443 82
723 504 69
582 600 80
308 46 25
627 129 88
777 326 13
996 372 2
59 681 37
239 731 38
460 580 32
920 888 9
865 961 39
685 89 64
690 394 3
383 976 65
23 630 72
512 437 54
504 208 98
206 100 7
477 518 72
282 615 84
663 733 32
713 550 56
242 377 46
773 428 76
33 632 89
728 183 88
990 849 86
711 830 12
803 831 16
744 837 42
662 786 54
994 226 57
547 706 72
267 810 41
585 979 47
591 30 24
338 650 98
683 33 65
621 984 18
82 714 89
14 912 76
230 640 86
851 293 96
230 145 19
305 117 41
261 935 90
309 486 49
536 648 57
752 601 70
311 703 24
982 98 6
422 443 33
148 468 52
200 605 32
286 349 15
786 794 4
275 828 8
514 215 22
788 110 97
146 803 64
978 713 21
641 849 53
247 628 34
310 110 17
208 571 51
443 436 100
209 606 28
143 445 66
843 759 49
945 222 10
208 208 22
49 120 79
383 181 25
949 910 72
749 429 84
449 866 93
554 451 71
632 90 7
393 313 55
486 516 36
28 763 96
405 263 61
764 635 11
746 588 100
99 780 26
81 50 91
974 346 66
1 544 33
982 724 7
484 246 71
846 29 48
71 988 7
985 982 1
310 652 58
104 353 11
955 137 58
524 526 30
553 831 32
895 794 4
477 284 35
346 252 90
78 587 57
15 337 1
594 984 33
38 450 26
257 616 88
810 770 56
68 343 1
512 328 39
266 540 21
628 791 76
416 182 68
874 98 91
83 245 94
982 642 69
953 807 25
875 8 18
143 396 77
219 219 13
686 806 82
835 193 38
455 453 28
694 590 9
758 333 27
967 832 5
134 139 80
803 560 51
915 978 48
624 85 25
688 405 59
64 78 56
878 309 68
97 612 19
69 341 99
934 85 3
299 453 27
503 819 41
911 37 86
543 309 16
395 691 37
888 791 51
216 451 58
872 240 76
150 471 90
302 982 84
906 94 68
710 225 61
971 77 91
182 720 68
703 318 12
840 969 93
905 57 7
254 288 23
906 811 34
789 91 35
758 389 68
184 446 76
168 532 81
806 706 49
437 271 6
607 360 81
81 116 26
65 110 3
249 10 95
60 915 99
182 659 30
981 693 56
653 667 10
201 325 56
214 691 83
702 521 44
414 234 24
126 752 92
288 627 90
101 155 82
212 474 84
633 966 95
475 96 70
229 778 98
781 799 9
457 558 95
948 104 19
54 468 53
541 302 47
169 716 53
872 718 7
570 478 28
605 34 64
148 46 48
92 454 42
752 431 46
37 707 23
688 843 5
483 500 81
447 172 27
93 7 38
362 498 1
119 361 78
952 229 53
710 764 37
330 115 19
968 293 98
760 29 70
925 609 80
27 548 63
525 181 64
571 610 9
76 270 17
305 839 77
660 364 24
494 78 56
727 847 28
807 487 9
140 71 26
607 629 95
693 782 39
140 781 77
966 939 10
474 18 35
187 48 65
851 474 38
42 31 99
147 550 98
927 905 100
727 454 95
506 581 65
643 377 6
404 601 21
652 708 40
927 65 74
238 33 69
221 258 84
451 907 2
831 404 82
910 716 94
190 582 38
574 650 94
487 925 27
236 766 27
919 925 52
523 354 3
233 407 95
784 58 48
887 969 84
968 931 33
903 462 94
275 729 25
166 453 55
227 395 33
656 188 11
463 289 88
160 300 83
222 171 69
972 876 10
519 994 12
74 781 11
686 228 52
575 359 34
336 446 33
198 213 16
733 245 45
342 276 55
253 954 60
793 707 4
741 845 99
864 440 91
379 495 31
433 727 65
89 393 3
686 866 19
173 992 89
962 244 11
927 849 44
479 547 85
692 298 83
743 899 91
475 806 98
681 991 84
929 77 67
443 244 56
605 442 92
764 856 50
716 326 28
711 320 65
297 910 95
496 212 38
867 906 3
51 106 41
57 646 31
814 935 4
587 90 28
329 260 25
207 381 65
404 687 11
533 738 24
563 262 84
535 469 84
93 342 72
694 770 99
571 256 44
939 832 60
738 906 49
965 264 36
289 105 69
565 76 16
726 384 39
190 55 93
520 346 67
825 243 58
149 228 19
644 438 40
316 369 95
943 198 2
77 928 46
412 294 7
36 93 98
551 613 64
458 456 10
837 539 8
328 399 31
568 639 79
594 910 63
138 462 99
192 319 16
78 450 94
877 897 44
23 931 48
927 776 96
525 501 22
699 553 20
222 178 52
346 999 83
138 108 14
712 685 78
430 595 56
17 960 91
305 419 42
362 432 68
615 237 77
419 447 21
891 343 8
376 157 98
898 804 88
174 899 86
248 854 63
425 293 94
199 592 29
757 641 9
258 183 57
987 455 53
215 653 49
17 719 49
233 650 55
28 790 100
164 758 75
190 338 88
796 840 12
611 281 91
976 14 75
30 160 51
893 793 62
815 637 49
532 510 93
361 836 65
865 740 63
483 127 16
141 684 12
642 463 40
853 44 88
982 769 55
798 736 58
217 523 77
448 837 60
303 219 23
859 162 31
227 480 79
19 550 1
80 724 86
862 257 56
542 711 67
829 55 94
891 953 75
243 37 56
242 563 95
639 443 85
839 239 45
231 584 3
751 745 72
375 27 59
563 756 56
241 463 4
338 715 38
188 744 99
261 578 21
719 170 87
920 420 13
78 51 68
936 308 33
453 464 19
657 750 21
189 620 21
204 141 85
748 674 78
284 411 10
726 781 26
141 748 86
675 258 5
873 673 7
167 510 94
273 163 8
245 278 84
614 314 32
226 865 76
111 153 63
480 514 31
453 460 11
336 340 33
701 980 61
506 794 63
188 822 37
191 908 60
660 826 16
493 937 30
136 779 42
808 315 43
208 68 56
975 140 9
229 490 68
21 914 11
212 304 35
167 191 3
294 300 10
574 150 14
367 89 89
798 739 68
689 54 55
124 545 37
453 491 68
441 477 83
662 342 77
927 339 7
730 276 32
668 481 87
729 21 92
434 393 16
751 711 65
568 884 2
462 570 58
762 760 23
182 164 87
415 806 74
407 852 5
299 123 87
245 662 82
41 700 58
409 742 48
358 907 84
744 696 41
80 262 63
661 674 20
570 781 63
647 808 85
416 392 96
654 136 90
583 554 50
95 312 60
657 918 79
754 470 61
250 912 43
458 185 87
344 175 21
812 717 30
233 358 80
545 232 48
814 101 87
229 489 68
370 220 17
674 232 10
887 891 27
906 86 11
169 758 73
625 887 61
3 122 73
406 213 88
328 412 71
724 874 64
241 42 41
194 802 36
416 965 47
789 536 10
964 985 84
637 606 98
998 376 28
106 658 97
778 838 25
723 722 27
472 803 65
564 366 6
675 367 27
830 398 50
478 740 56
992 565 93
987 263 7
999 733 29
437 754 26
752 431 87
418 356 54
236 72 41
896 410 53
21 79 89
425 705 51
671 22 67
776 531 26
698 825 3
254 618 12
321 246 57
462 646 86
230 312 82
777 247 29
164 242 80
957 251 23
904 242 72
213 688 52
322 926 59
649 898 38
485 754 68
674 697 89
285 119 98
249 252 75
431 139 64
859 265 34
538 48 26
825 79 49
796 748 32
837 859 36
871 89 88
412 19 10
435 801 55
98 319 87
261 385 75
757 693 3
390 239 85
84 155 86
808 4 67
948 448 56
30 35 77
588 31 5
941 871 86
366 819 70
553 685 43
607 958 42
174 147 72
195 484 57
802 765 51
548 675 62
357 10 36
275 160 43
873 819 27
405 53 20
631 245 26
505 610 87
474 941 27
935 484 20
340 913 78
951 742 30
93 123 59
577 62 77
262 325 95
965 994 2
421 382 59
380 345 44
534 397 59
162 43 100
465 974 53
603 218 27
701 622 35
325 842 61
46 465 92
394 246 74
110 954 15
2 126 80
484 711 43
886 99 80
171 984 91
878 893 35
695 917 27
529 323 79
998 918 8
426 832 7
461 603 96
107 791 2
983 861 52
973 245 72
200 983 14
266 442 8
513 464 51
544 882 25
414 267 52
673 483 82
498 803 81
348 313 84
28 627 29
461 119 39
956 394 61
771 406 9
698 200 6
733 822 69
224 752 25
246 656 31
719 861 69
309 884 100
436 62 89
891 452 95
721 437 83
561 162 81
643 37 69
917 751 69
531 846 14
118 912 69
511 723 87
47 480 99
609 910 10
260 835 37
725 409 66
183 875 46
895 798 12
264 990 91
515 57 68
281 214 22
187 403 67
471 32 48
543 226 95
555 182 42
942 547 37
141 763 14
944 89 37
532 362 37
969 99 19
762 348 72
994 462 45
496 891 86
158 644 84
988 673 95
832 365 8
169 566 62
415 570 41
517 482 32
552 899 79
482 571 67
435 903 36
579 557 56
923 373 68
392 259 78
877 852 15
522 90 93
458 323 38
664 893 80
955 154 30
548 224 76
531 521 32
537 400 100
565 381 3
279 922 63
11 515 56
925 374 57
789 314 97
641 257 78
985 9 14
709 220 23
438 361 73
566 866 47
867 131 46
19 625 14
450 381 91
683 569 24
992 982 19
37 27 30
779 208 68
354 740 38
887 56 17
158 286 75
295 248 85
414 274 95
61 782 19
834 722 88
4 433 21
433 519 65
11 267 79
96 486 42
400 859 72
9 523 99
996 511 94
281 48 60
189 739 98
886 346 71
972 995 82
490 415 16
920 956 35
865 827 20
488 768 45
986 389 4
393 772 83
501 829 78
519 221 28
688 271 70
446 171 3
817 585 55
431 48 89
119 198 18
539 65 82
404 937 5
557 814 85
239 459 65
277 911 89
773 504 33
949 88 1
554 555 2
515 142 72
297 977 35
973 531 89
597 328 67
107 823 98
746 777 25
438 671 71
825 221 24
82 689 84
529 627 91
879 528 27
914 839 44
204 987 52
869 783 40
119 251 25
768 509 53
822 697 34
128 988 61
51 579 40
252 311 95
67 979 41
421 799 2
551 681 7
54 105 83
688 622 51
626 392 60
95 326 99
669 553 28
992 536 97
128 64 67
957 539 80
532 369 24
929 124 84
152 669 7
417 559 78
323 289 78
152 746 74
91 323 53
602 957 55
792 760 5
650 463 17
388 184 67
261 733 18
63 251 12
418 25 42
251 867 22
969 128 91
485 427 34
973 259 71
77 165 64
537 360 59
174 167 74
16 487 94
222 542 53
663 61 88
306 649 35
315 715 6
57 183 32
898 50 23
714 694 37
971 95 20
379 917 66
634 753 79
780 700 39
491 68 95
616 587 85
700 43 71
191 781 41
112 473 84
102 864 67
269 26 62
861 971 48
608 395 15
696 141 74
877 130 42
392 965 34
153 30 70
382 901 25
756 559 39
664 204 94
559 689 48
522 420 20
947 781 15
269 773 62
792 561 13
435 142 53
886 716 51
375 638 17
713 903 87
222 315 33
696 32 31
113 946 50
396 602 61
155 315 6
426 512 8
109 431 49
639 216 58
489 640 19
857 218 96
917 855 99
486 928 32
441 88 47
803 153 30
330 741 84
77 546 5
95 664 64
303 308 21
764 721 91
768 21 67
496 325 37
271 667 10
483 989 50
260 663 24
34 576 14
107 188 9
692 321 4
143 192 61
196 816 93
651 742 85
845 90 7
170 213 48
925 235 10
487 852 2
134 105 83
637 234 80
973 767 55
398 293 60
592 218 1
358 635 73
640 670 35
797 861 50
622 794 7
933 323 9
829 418 77
585 579 98
871 361 58
294 488 10
151 523 3
799 842 30
51 829 4
444 734 49
148 475 35
592 776 93
23 52 27
914 743 96
922 181 13
648 606 71
840 665 72
47 851 3
986 503 6
328 60 91
964 88 20
103 905 66
427 964 100
592 408 95
131 117 10
866 11 76
174 56 49
998 398 37
359 955 42
897 935 64
159 512 90
19 332 22
484 295 31
19 363 35
996 20 23
964 171 97
343 244 51
83 848 92
477 907 87
828 412 75
393 350 75
405 25 42
132 984 4
635 204 17
348 424 61
930 823 6
305 429 98
40 978 28
946 130 24
852 725 39
851 122 58
42 873 97
220 558 77
590 927 53
774 333 71
737 363 77
982 979 95
407 588 21
911 485 71
117 692 99
758 693 11
956 58 24
924 534 31
513 67 37
146 123 13
815 104 53
993 684 45
247 776 71
874 741 40
12 32 9
516 785 8
333 434 12
167 421 55
901 333 98
525 993 57
545 343 43
351 222 66
543 580 99
186 761 18
404 858 30
825 661 52
309 327 45
854 974 24
176 66 82
401 389 5
53 970 55
44 1 100
403 695 27
899 376 63
763 509 1
999 544 54
344 913 25
78 182 84
962 491 30
575 624 11
100 930 69
265 958 16
697 30 74
589 342 17
205 662 87
469 726 23
8 893 69
399 912 71
37 348 13
54 93 4
231 722 34
853 983 77
604 715 93
881 691 67
753 434 65
859 90 73
961 283 14
517 557 8
42 644 92
549 268 20
304 576 92
245 755 1
772 891 80
395 658 71
575 907 45
567 217 60
726 944 32
466 130 67
217 200 11
719 540 30
528 858 26
668 297 10
348 917 3
361 626 29
596 450 39
818 860 22
466 755 67
920 760 43
266 833 62
179 350 97
624 323 15
290 877 14
336 137 60
671 157 8
440 590 27
286 819 27
423 357 36
339 210 1
367 986 88
302 371 35
182 204 71
551 473 86
563 322 16
8 908 27
590 48 20
261 721 47
792 830 35
228 481 83
485 147 95
690 408 22
72 180 95
431 295 30
937 736 22
39 0 63
611 99 85
256 570 89
831 411 59
229 338 91
996 432 13
761 60 69
799 684 21
952 853 47
582 429 23
327 980 68
828 123 28
227 157 89
913 469 6
812 97 100
380 764 21
897 127 88
291 702 38
129 576 26
442 75 18
402 811 62
359 77 98
8 66 14
875 647 12
83 671 36
775 396 61
162 30 94
876 649 28
940 895 64
631 78 36
53 451 17
538 629 21
73 836 100
972 337 1
672 446 70
685 212 38
69 382 73
682 929 100
422 983 100
764 112 84
591 641 53
677 85 34
338 270 98
487 29 96
917 266 65
757 322 35
564 64 46
50 27 22
964 740 14
719 204 97
906 149 83
652 670 43
906 477 84
593 454 65
685 827 52
134 685 1
402 318 100
172 239 52
21 93 29
719 762 11
991 940 92
126 499 20
968 431 88
388 722 41
648 497 100
791 572 8
638 574 35
649 581 53
41 676 85
665 294 21
777 56 23
950 374 18
468 425 51
829 811 32
387 767 84
811 198 11
133 303 63
622 158 64
777 807 52
918 919 19
721 661 31
658 421 4
146 941 30
626 582 17
530 968 57
571 361 50
14 864 50
469 141 79
492 934 82
991 234 29
205 97 64
942 737 36
924 965 85
423 253 56
549 369 52
341 129 44
100 393 13
390 368 35
303 994 65
750 371 42
97 795 77
709 936 83
783 785 74
427 507 86
222 288 51
791 557 55
841 20 9
615 457 46
572 460 94
605 435 95
115 767 68
793 64 65
247 308 64
482 201 32
74 798 77
945 635 86
420 998 25
827 387 60
394 241 28
791 850 65
70 670 35
784 219 21
410 205 30
136 611 52
577 42 42
651 814 93
765 914 29
235 292 80
121 987 30
87 809 68
35 363 51
960 739 97
462 229 83
388 762 10
758 719 18
973 651 8
886 651 80
98 884 28
18 363 46
704 667 36
386 333 79
972 476 59
476 693 11
732 347 93
211 283 97
411 309 5
540 892 9
177 187 43
34 959 56
530 857 61
587 99 7
856 413 22
255 347 30
925 697 87
569 907 7
411 929 79
460 757 58
367 484 96
855 742 14
453 557 34
548 237 38
324 493 53
197 298 61
633 4 22
964 733 38
152 482 6
962 107 68
11 472 33
492 346 23
596 437 44
890 369 18
561 507 41
999 457 100
361 369 83
332 806 20
34 60 93
811 447 94
473 910 90
243 807 55
637 394 45
477 240 51
203 685 37
244 261 9
255 626 83
760 494 28
998 166 40
243 859 65
883 365 85
958 672 35
192 615 49
160 282 56
333 4 17
613 667 37
556 740 30
197 178 100
900 956 99
149 604 93
321 790 54
430 800 70
627 116 42
316 514 46
81 154 86
992 905 78
562 895 48
652 857 32
99 146 34
855 28 13
57 210 31
694 972 94
648 42 92
681 494 31
920 282 79
49 256 44
402 355 98
46 313 35
596 447 9
895 66 45
669 1 57
873 501 95
469 533 10
467 771 2
440 656 43
627 185 52
574 16 93
948 272 31
45 108 76
288 81 69
152 192 94
682 409 38
20 912 76
984 143 50
567 659 32
195 875 49
935 167 38
985 121 89
193 832 11
728 285 17
899 949 23
816 836 89
638 883 17
414 574 90
517 290 14
702 755 39
929 988 12
812 83 12
209 472 85
421 937 61
935 130 18
930 936 31
123 47 54
273 857 71
566 226 82
691 105 17
174 262 88
281 83 20
419 919 50
283 37 69
493 469 11
389 573 47
321 749 37
873 659 67
423 797 67
806 175 71
851 912 89
149 925 96
639 600 88
537 999 33
98 489 30
329 524 28
800 560 89
46 748 64
871 501 92
184 112 6
199 571 99
252 414 23
244 891 87
664 445 81
932 168 64
183 992 77
984 20 68
7 902 26
362 345 91
368 36 41
101 545 66
129 216 80
399 862 61
59 338 93
375 67 88
657 922 60
38 276 80
935 252 98
106 466 7
698 120 14
813 782 65
435 215 3
119 86 79
908 452 28
718 915 20
142 818 46
566 969 8
676 223 34
546 364 20
272 108 88
651 848 56
861 752 26
218 130 35
918 175 56
937 313 4
627 571 37
53 925 98
600 769 67
129 417 26
950 851 81
712 118 22
197 92 93
338 933 26
499 968 89
287 884 39
59 251 13
351 855 13
600 704 53
791 529 94
935 839 70
534 916 57
298 422 76
939 650 47
430 91 54
687 594 9
889 371 63
375 57 43
58 411 2
238 580 34
314 987 70
46 673 26
805 659 45
556 382 35
594 273 35
726 365 39
59 814 95
615 582 33
267 21 62
6 722 48
32 984 88
619 25 84
774 578 47
261 691 29
14 990 64
238 581 31
569 24 99
296 657 9
456 478 43
881 319 36
734 322 87
433 215 7
909 379 60
834 696 98
469 592 50
132 698 79
593 57 10
388 179 51
513 41 46
206 156 98
357 587 86
932 827 31
839 760 16
802 834 85
973 410 99
878 710 50
81 303 8
947 644 87
23 912 71
677 770 83
417 104 8
265 657 18
715 239 2
503 939 57
419 973 15
251 557 54
271 336 96
491 121 62
18 859 62
69 231 34
55 946 23
870 741 1
632 588 15
844 80 99
595 509 62
591 586 53
380 987 32
865 361 92
237 767 91
938 795 22
583 51 28
330 730 28
728 248 81
262 489 61
914 104 1
971 407 39
770 485 27
617 355 25
297 604 26
94 451 56
911 432 47
3 88 77
60 415 90
83 893 4
752 255 25
846 584 29
984 9 36
544 385 79
733 394 62
442 241 19
355 335 72
273 234 58
280 284 11
905 255 63
286 475 31
794 440 18
596 727 4
926 21 77
372 738 94
790 533 31
198 420 98
52 140 82
753 243 78
293 876 79
435 485 93
997 55 16
367 400 59
384 607 79
998 428 74
587 126 56
508 914 92
550 803 79
351 577 88
675 701 37
297 900 93
631 282 59
581 802 42
677 147 74
798 418 95
300 570 62
419 656 34
761 875 95
45 746 56
528 308 81
283 771 37
636 305 91
959 462 18
972 693 30
23 523 33
578 705 36
305 203 99
391 472 6
789 983 78
48 766 4
829 841 83
39 295 76
399 919 24
971 966 62
637 968 23
660 272 20
128 971 63
80 286 21
940 423 52
913 31 95
360 715 92
94 675 1
655 284 73
889 630 47
663 855 86
926 29 15
359 651 23
860 86 77
650 232 11
569 940 41
447 564 14
781 485 93
562 313 31
140 34 23
222 676 74
405 509 6
840 383 46
900 338 15
75 374 31
812 627 93
402 863 3
184 460 3
353 428 58
545 856 8
50 240 22
270 643 45
582 435 34
834 223 48
570 126 20
721 156 74
450 537 48
754 565 31
891 498 58
922 94 63
701 958 53
476 891 53
931 470 89
1 806 14
957 959 22
262 86 34
94 656 17
814 75 35
243 132 6
290 648 36
656 435 90
737 953 78
661 183 7
345 47 2
553 446 48
277 987 63
994 331 20
200 872 17
531 531 79
28 846 6
460 735 47
546 857 98
558 559 82
376 159 12
358 17 60
765 276 38
182 659 1
319 298 17
886 511 23
726 502 91
486 367 32
45 267 28
488 174 71
609 345 66
223 792 39
846 917 49
712 918 55
635 391 57
30 952 31
351 626 41
455 647 89
635 881 89
690 251 61
615 857 99
748 231 13
95 526 3
781 277 14
670 468 74
862 259 40
80 508 24
649 413 88
887 941 22
796 361 63
375 372 47
137 752 72
97 477 82
980 276 28
779 471 31
412 24 93
735 974 90
731 179 36
677 957 9
786 119 41
35 478 44
452 654 3
306 255 35
863 419 42
369 677 11
199 840 55
416 150 64
278 966 63
787 593 98
812 589 85
628 662 66
768 869 79
35 288 89
117 460 37
396 798 38
783 192 48
732 300 79
861 926 88
999 977 74
981 33 87
766 961 73
558 758 25
357 970 74
254 216 67
542 711 33
983 126 99
180 225 30
262 448 53
606 416 99
13 682 23
289 760 24
727 714 55
41 122 9
804 198 58
584 979 89
520 187 46
190 785 22
818 121 35
810 487 30
364 7 95
498 820 88
462 619 97
535 987 76
219 705 89
614 623 18
796 297 36
367 757 71
30 11 96
342 601 12
57 259 28
874 228 78
624 219 45
31 1 20
8 479 84
163 660 54
756 710 75
900 857 22
425 15 81
19 436 73
280 396 83
945 830 27
354 343 76
915 17 68
666 795 75
427 238 48
648 456 19
174 20 72
768 37 91
588 232 46
926 987 28
923 539 54
804 421 54
976 984 2
588 709 77
555 263 30
777 271 27
540 618 19
136 162 12
653 427 9
94 180 33
291 165 76
721 977 99
262 344 53
140 413 75
736 67 63
120 294 20
259 566 31
383 803 47
590 351 74
809 179 7
785 169 7
444 51 29
884 968 75
932 90 98
102 203 22
500 187 92
288 703 6
352 451 46
217 742 81
514 570 39
47 57 4
675 529 97
397 918 48
206 450 6
425 681 11
807 756 17
40 848 95
465 571 55
172 592 27
199 815 66
394 726 48
171 636 75
185 716 46
654 875 97
280 847 5
650 555 83
934 972 32
769 225 39
375 712 45
877 624 94
64 400 26
255 963 1
290 550 60
633 441 80
988 160 28
604 615 94
957 858 73
941 655 94
979 31 66
936 446 23
867 332 66
168 250 51
661 16 9
174 843 79
566 418 27
182 322 10
807 530 89
409 508 100
608 628 25
535 440 42
487 744 87
340 298 42
244 371 8
267 590 17
395 568 27
752 954 44
835 966 25
561 548 53
219 735 59
136 411 66
16 570 91
897 736 85
863 510 5
499 369 24
288 264 22
838 254 35
204 632 65
212 948 75
227 358 21
786 346 86
408 111 81
880 405 42
233 971 65
243 737 17
535 44 21
235 764 98
638 730 63
833 638 26
101 105 88
945 720 1
934 5 33
791 726 55
975 582 16
878 489 54
340 140 29
369 725 87
541 315 55
462 249 87
171 990 37
619 683 79
478 832 72
290 566 82
9 247 80
394 686 38
604 454 53
813 131 10
178 268 84
90 242 99
858 589 72
875 79 1
136 590 61
945 650 74
550 136 61
24 885 9
412 971 66
517 569 43
430 414 12
290 220 60
942 504 21
51 334 12
315 413 2
972 878 80
927 360 33
907 71 92
406 405 99
990 653 10
922 562 37
970 219 94
997 456 6
353 875 96
458 197 66
662 627 16
371 670 45
593 879 92
303 545 95
805 651 86
717 838 59
230 128 31
941 69 9
339 64 27
636 58 76
917 137 68
218 251 37
874 865 10
401 465 43
195 702 46
60 442 85
434 895 99
617 179 8
301 895 46
345 619 15
377 733 14
247 689 66
633 152 5
307 84 43
640 666 47
546 745 38
431 721 11
801 697 77
82 963 37
425 47 90
122 708 21
746 386 69
858 509 13
616 496 82
994 290 66
201 374 16
177 99 49
749 665 12
654 547 62
376 919 47
37 955 89
924 11 85
879 174 32
621 418 17
389 553 76
884 184 31
793 175 84
379 558 93
40 649 40
650 303 95
732 131 45
444 687 26
329 321 15
982 492 55
445 721 34
788 922 23
956 458 64
285 913 31
797 665 87
431 259 8
729 613 69
772 177 62
93 896 67
753 478 54
238 981 79
338 594 12
396 818 44
248 199 38
39 922 44
678 43 12
158 655 72
885 41 30
471 561 34
260 67 20
455 248 49
905 586 40
9 403 90
350 123 65
966 920 3
295 232 92
80 520 8
907 599 7
183 531 21
489 699 69
886 997 14
551 165 90
371 859 2
480 193 72
698 300 57
188 81 51
828 361 27
37 609 8
919 40 50
245 234 3
794 218 46
824 842 21
612 535 81
324 941 47
319 129 48
207 24 67
250 330 17
793 790 87
59 595 76
933 552 95
822 730 29
563 44 1
802 781 23
941 275 95
805 476 32
355 165 38
62 217 60
551 602 62
615 284 9
986 900 81
797 839 12
234 723 83
843 216 32
258 715 50
64 321 80
354 471 63
928 987 69
887 786 53
347 19 28
767 341 11
642 468 3
948 940 83
748 193 96
631 132 9
171 26 56
190 347 4
346 33 40
469 929 28
266 669 36
411 597 18
330 655 48
830 229 34
457 764 27
162 406 14
292 579 95
150 492 28
490 577 99
672 948 23
30 101 27
57 732 4
761 343 33
462 880 75
120 792 83
503 449 58
71 961 84
663 187 93
643 764 27
981 3 65
975 951 29
558 102 87
930 230 4
19 199 95
746 871 99
201 187 35
486 164 62
204 762 12
856 454 100
781 638 67
662 774 27
712 225 100
86 874 81
759 413 83
265 312 29
143 276 54
907 229 47
574 928 5
74 820 43
759 7 95
819 451 85
800 605 68
987 411 54
501 105 59
66 553 24
779 482 80
349 248 70
40 819 58
187 486 91
149 907 93
938 959 10
937 286 33
303 945 69
343 277 77
955 197 53
905 434 57
750 737 97
230 84 67
147 463 28
854 150 39
729 698 82
201 457 25
607 410 50
186 493 96
401 749 13
725 912 49
687 862 68
501 830 4
937 23 88
192 344 11
772 511 36
491 22 45
404 108 6
125 224 40
669 725 88
785 753 83
500 467 41
991 806 26
945 122 19
148 792 3
554 512 14
726 278 41
370 385 87
94 915 86
897 352 99
978 505 67
193 729 86
694 88 78
758 829 40
534 851 88
182 706 74
985 524 33
595 95 90
58 15 2
580 797 12
683 807 79
265 209 44
819 352 47
213 575 10
164 611 93
184 619 83
368 598 77
482 831 94
882 757 33
244 762 18
875 684 100
691 154 55
142 817 54
295 555 46
483 701 44
123 502 64
448 104 76
602 917 44
471 838 46
168 173 39
55 995 22
469 939 75
91 978 67
258 439 83
566 666 6
459 635 80
423 521 56
815 733 14
93 188 59
690 570 52
688 169 56
378 418 99
321 687 69
955 62 92
363 263 65
983 925 19
924 398 25
77 30 56
909 842 22
35 276 55
0 163 96
486 60 10
986 421 40
630 984 62
350 135 47
632 673 41
506 261 85
453 973 59
690 561 2
435 562 70
337 691 39
427 139 25
165 852 29
633 200 26
230 104 5
254 729 12
474 616 99
312 246 35
690 247 85
81 869 40
930 861 49
953 2 72
326 474 40
605 909 100
545 431 79
907 413 38
19 424 54
795 852 44
194 285 34
950 538 25
721 884 51
514 367 44
319 369 81
757 500 45
566 24 3
267 113 31
225 178 21
604 409 45
604 243 16
734 645 17
750 9 94
657 269 34
306 819 77
476 472 3
832 540 27
715 387 49
179 511 4
886 428 69
301 468 70
838 255 62
801 344 85
932 414 25
165 124 72
321 996 82
803 964 34
813 125 39
56 694 11
399 192 17
39 864 30
157 504 83
677 976 39
203 929 80
270 609 18
506 37 53
201 443 28
805 44 68
403 756 84
647 281 14
614 58 19
190 24 92
491 872 65
772 171 73
673 326 24
360 868 36
345 731 5
126 159 20
440 750 69
809 66 12
497 335 25
259 348 64
993 142 39
365 389 3
219 940 66
267 973 8
895 153 84
383 889 67
156 333 82
770 834 37
624 928 40
113 659 70
738 145 61
911 655 65
664 108 96
702 118 51
807 105 38
33 598 60
231 339 24
399 421 28
21 824 94
212 265 53
151 714 59
347 257 75
438 161 83
321 826 95
217 921 13
253 376 98
933 435 82
711 482 22
466 647 5
224 393 87
687 906 20
328 10 13
279 101 97
455 607 75
971 331 82
110 312 69
360 317 19
337 163 73
414 46 34
355 685 14
769 653 26
741 355 65
13 380 46
566 935 33
762 43 18
323 541 7
486 389 89
984 834 94
474 894 33
254 627 11
229 903 23
618 681 22
960 29 74
568 692 44
424 802 58
657 884 9
921 546 89
281 185 14
670 907 87
788 496 94
12 583 52
872 460 8
195 844 3
758 669 24
708 360 87
236 395 25
450 608 92
117 597 33
472 645 26
439 624 75
782 275 35
460 997 75
243 831 20
685 680 41
495 858 76
63 431 64
431 983 15
864 775 61
788 120 11
822 712 21
52 632 97
976 846 74
165 464 14
459 146 91
31 926 29
132 213 14
258 869 19
18 256 100
428 320 11
508 302 56
412 419 35
261 3 88
222 291 84
71 320 67
930 450 48
66 10 99
411 25 71
509 844 68
488 602 72
436 615 98
602 639 6
241 368 30
251 788 91
950 172 40
749 538 10
567 530 38
27 23 5
508 659 4
857 688 12
737 71 80
374 459 30
20 905 80
410 438 18
536 953 5
576 502 4
796 683 60
656 857 4
929 751 54
725 963 27
346 572 8
423 366 74
787 60 48
419 382 6
283 562 17
302 995 54
69 37 9
272 796 56
554 909 45
672 688 21
112 364 96
174 830 18
111 651 58
8 904 7
434 375 79
842 331 70
318 504 73
934 564 26
893 697 25
689 935 81
331 391 89
577 734 95
896 489 88
322 70 14
546 209 85
973 329 44
256 454 5
402 73 62
13 89 23
646 656 65
13 90 66
473 658 19
547 307 23
267 238 77
197 221 89
193 60 73
641 327 90
446 468 27
724 648 72
399 45 20
25 35 13
515 639 68
565 984 20
916 374 30
487 781 23
788 894 25
552 40 82
809 659 81
960 680 18
73 458 69
579 965 63
195 189 73
149 510 47
137 601 59
515 301 16
784 771 7
736 268 20
747 333 49
67 180 18
640 928 72
591 276 56
754 618 18
50 65 59
590 984 37
526 243 16
912 293 67
584 492 57
134 928 81
465 132 23
817 835 11
757 132 63
571 58 99
99 870 47
826 300 7
351 866 8
50 832 4
571 912 61
792 451 87
241 887 40
48 181 22
11 282 80
793 99 31
760 938 42
494 646 20
421 750 32
684 780 40
821 783 58
265 212 6
143 706 87
349 861 27
327 590 92
985 984 34
216 140 71
331 773 93
97 326 12
944 485 56
622 241 69
53 924 10
672 27 1
548 294 8
457 10 23
511 102 4
587 239 42
241 870 9
629 746 4
552 75 84
711 528 12
194 83 30
462 219 85
978 624 64
533 646 20
154 134 13
788 732 66
599 121 13
108 801 71
975 934 85
107 567 38
603 675 71
183 545 72
656 129 21
929 583 93
661 870 58
800 335 13
563 766 34
619 157 21
757 699 72
381 749 35
571 631 34
767 836 26
337 997 75
649 322 12
636 702 93
302 498 90
3 722 30
46 7 40
414 25 80
440 973 77
763 112 53
298 994 27
705 940 92
247 557 1
202 777 94
867 819 49
594 847 76
722 288 31
767 512 54
116 766 3
333 49 75
940 848 2
85 409 66
558 921 89
294 840 7
614 885 39
6 424 50
341 111 45
138 572 55
699 533 49
859 206 32
3 867 78
211 6 38
333 297 74
656 311 77
903 578 73
954 683 39
926 800 26
294 670 28
902 353 92
507 290 11
314 694 98
525 530 71
297 186 98
777 718 2
675 257 1
486 324 86
949 561 12
154 49 57
683 63 98
914 573 81
555 336 41
527 493 7
344 421 55
265 375 86
430 675 45
114 749 54
361 638 4
708 25 67
797 98 73
875 800 61
932 230 64
611 388 44
727 156 27
919 665 89
207 110 68
412 52 82
883 328 80
857 160 55
53 815 23
146 85 90
824 788 49
204 866 99
867 956 1
150 353 17
842 112 75
980 4 94
9 34 22
26 477 22
902 591 4
700 752 87
225 650 39
217 768 65
665 981 83
33 71 6
903 339 4
706 503 10
831 202 64
596 807 11
802 287 74
401 708 67
29 633 62
398 867 7
996 151 73
755 520 92
719 272 24
915 728 9
285 878 38
925 403 47
694 188 63
763 163 52
977 29 48
900 445 80
365 846 34
806 908 63
644 321 38
437 481 7
375 45 59
343 610 3
63 370 73
681 46 22
939 998 98
555 515 39
888 619 15
461 146 37
996 234 67
204 808 6
736 206 19
577 621 67
18 283 65
681 394 26
312 51 95
976 35 64
462 434 31
236 419 53
417 811 68
72 363 48
970 412 36
158 331 38
748 549 91
898 685 90
306 272 31
76 510 89
363 41 42
964 660 19
159 784 6
491 229 43
331 390 76
178 670 91
872 956 74
55 777 47
825 459 24
715 253 70
9 310 14
19 345 72
773 601 13
326 710 58
339 864 74
146 84 74
39 228 38
920 983 90
604 954 85
529 789 80
638 258 36
105 715 94
101 820 24
740 91 52
363 496 53
257 221 21
204 761 7
960 349 47
564 266 74
902 307 10
490 786 2
838 837 80
783 430 72
478 553 20
141 520 4
240 493 32
376 680 46
86 180 35
451 142 41
162 336 98
777 360 96
969 403 23
264 460 96
604 874 25
463 477 53
379 448 11
545 520 81
726 521 61
812 405 94
518 325 39
420 959 51
875 9 8
758 627 67
871 255 5
415 428 86
926 396 53
152 642 57
347 294 65
709 758 90
150 980 67
807 781 87
753 839 65
10 189 95
2 300 1
699 503 71
65 580 75
586 825 6
940 705 8
635 693 52
840 242 55
695 933 41
294 47 90
914 299 55
62 953 94
493 821 50
44 552 58
866 37 17
352 760 89
607 863 97
680 170 23
978 503 92
167 993 92
856 380 63
121 116 8
127 294 58
190 979 34
941 829 13
179 603 83
85 684 37
371 501 37
875 106 75
328 98 20
902 108 97
33 346 32
987 570 49
620 413 26
290 932 17
790 49 33
868 977 94
988 178 61
786 396 10
821 65 28
856 899 29
146 303 77
629 127 2
855 760 74
210 825 14
584 361 39
277 929 65
742 492 86
770 168 7
440 523 66
889 442 17
571 129 78
815 768 93
154 999 73
749 411 18
460 96 35
536 841 49
542 323 58
633 627 36
208 871 76
184 350 24
282 221 97
882 387 7
845 259 67
176 354 48
888 445 98
33 594 91
955 878 75
133 561 78
547 611 76
576 467 97
777 388 41
169 718 46
494 679 97
733 435 97
1 606 98
769 797 39
137 90 77
487 504 64
230 168 38
150 17 50
525 697 44
540 549 20
527 220 78
199 547 70
546 45 49
399 624 72
999 417 76
84 259 92
432 0 95
505 466 57
841 128 21
939 896 20
149 229 77
504 649 8
828 333 8
300 941 82
100 488 27
69 744 58
522 197 98
358 354 74
464 394 39
512 700 85
575 582 86
257 719 81
463 111 11
622 139 53
683 435 33
28 820 3
841 893 88
484 917 93
536 832 19
763 153 7
83 42 33
685 147 79
467 15 14
419 559 27
54 152 40
91 868 94
966 716 94
287 343 88
598 314 2
504 980 55
892 415 23
58 733 59
573 156 96
956 252 97
951 129 39
823 688 91
985 616 10
586 798 43
259 168 95
781 182 34
697 116 67
209 558 19
157 171 8
672 683 42
559 390 26
393 381 93
873 261 7
446 484 85
105 365 22
670 375 5
268 741 88
343 207 16
30 101 74
664 975 81
642 796 39
232 25 85
68 775 56
170 563 34
996 33 25
157 101 12
658 783 48
45 477 26
469 476 9
611 918 49
973 885 8
499 527 4
883 211 34
530 917 11
915 609 83
522 569 30
932 168 44
919 170 43
537 879 12
563 410 100
362 888 9
175 632 11
573 368 35
767 40 71
640 869 100
831 448 72
789 525 48
618 899 24
556 517 57
455 690 32
329 925 93
192 966 20
434 947 7
833 527 9
795 350 37
99 340 32
322 362 11
49 668 42
453 199 93
325 543 95
172 767 32
892 937 67
808 347 4
853 697 6
283 843 38
391 142 65
586 597 5
645 450 69
927 724 94
173 704 2
14 707 73
770 460 11
839 327 55
431 819 13
692 847 67
204 934 39
800 252 5
977 824 52
804 869 68
318 2 12
163 27 57
571 487 34
928 299 79
532 63 4
486 321 68
120 381 94
891 471 47
950 729 99
640 333 59
720 88 75
931 58 69
168 890 97
369 79 3
876 592 58
419 555 51
766 672 100
718 59 26
777 776 59
263 234 37
668 613 94
870 208 4
256 186 9
339 876 71
116 388 17
258 347 79
634 68 53
404 550 50
990 573 95
106 206 4
136 797 40
487 893 5
453 619 100
860 637 63
42 398 21
337 323 63
559 458 9
413 846 83
821 109 89
465 639 7
481 813 19
348 907 5
45 746 91
727 430 23
912 33 49
353 106 87
133 930 76
81 637 33
920 56 25
824 498 43
432 986 6
370 860 81
269 882 12
583 592 78
861 484 62
723 492 75
91 588 79
939 545 92
299 912 23
235 922 27
991 835 22
384 736 71
647 734 27
709 642 54
208 432 89
939 913 83
363 593 90
629 410 62
99 945 2
928 873 70
895 314 61
129 838 29
482 394 24
525 328 67
12 163 7
196 627 67
473 961 48
769 291 9
328 128 49
594 872 25
341 230 6
629 32 65
477 405 51
503 1 39
895 521 26
348 588 57
400 828 76
133 129 29
810 874 99
476 925 4
817 581 11
154 361 82
120 409 45
987 936 26
306 643 33
176 906 66
82 199 9
838 67 61
585 182 23
325 24 7
727 677 74
916 342 78
531 473 1
578 232 67
325 695 79
830 808 70
274 953 95
896 783 30
998 978 84
50 180 65
600 905 91
902 794 71
489 347 14
961 71 49
509 924 13
171 345 75
917 136 93
258 523 88
667 255 59
113 264 88
14 373 92
754 374 18
57 861 31
597 970 42
84 222 71
960 652 88
17 836 63
727 947 11
784 393 64
270 969 87
40 963 84
993 683 31
236 214 64
511 941 30
669 243 4
758 564 2
646 227 72
415 270 58
24 310 4
839 443 46
864 992 74
728 485 42
848 529 97
489 955 62
955 92 58
284 978 85
784 824 19
572 171 76
664 950 77
281 925 79
639 787 51
167 888 76
695 431 73
427 116 34
207 5 96
436 284 16
780 160 3
154 684 58
848 275 87
962 893 94
947 290 46
972 434 63
754 724 38
998 452 20
85 829 82
907 833 45
50 587 93
820 918 26
202 684 11
476 735 61
971 739 10
971 452 50
254 924 99
426 796 3
388 349 44
620 735 82
158 817 59
102 900 40
234 196 45
903 617 44
482 622 15
884 911 12
55 602 63
385 112 68
181 425 56
109 576 8
820 973 73
210 293 58
19 625 70
267 637 79
890 73 33
260 116 99
664 563 75
951 440 26
558 523 87
776 995 46
785 279 91
906 818 75
297 116 32
695 294 20
278 623 82
872 717 22
858 204 16
873 42 74
520 372 57
896 203 81
477 59 93
675 138 98
578 268 4
265 121 69
687 735 95
729 400 17
22 454 27
202 199 81
815 707 38
43 897 30
287 786 37
425 198 48
999 56 52
500 430 52
648 220 41
884 28 3
172 567 15
195 501 16
23 130 30
796 851 58
761 125 47
814 287 81
906 989 31
489 645 14
826 499 38
832 50 58
915 2 4
422 771 92
815 957 38
143 715 54
844 820 66
817 210 47
940 50 30
72 171 57
474 853 98
919 722 20
823 807 22
74 505 18
169 330 29
291 678 84
501 108 47
1 100 74
797 767 99
646 439 24
583 780 45
53 394 14
739 652 2
279 693 91
464 797 53
793 924 39
987 675 99
715 460 99
419 839 52
472 475 40
798 507 69
284 659 78
894 101 28
305 677 29
151 596 36
878 618 69
709 711 65
477 96 77
487 689 95
753 975 39
968 969 92
928 631 83
387 279 87
895 80 21
850 86 5
133 288 91
985 535 36
29 820 49
401 711 57
938 669 15
624 960 83
242 494 22
634 446 77
742 122 25
851 160 65
418 932 88
333 428 61
462 502 43
844 94 64
958 932 55
848 783 72
792 356 99
975 528 67
581 705 19
416 47 55
119 453 53
18 2 45
62 582 89
299 959 30
684 209 85
413 398 43
179 675 33
382 869 91
788 66 42
107 909 33
782 568 25
648 873 17
610 959 68
485 229 90
830 692 80
257 447 34
793 253 44
861 172 12
31 30 68
539 877 11
92 98 12
532 371 96
578 82 59
881 943 42
985 729 79
913 888 98
629 732 29
636 416 71
143 740 59
754 187 19
735 100 94
834 772 65
691 808 47
50 682 68
896 487 77
619 476 61
214 351 96
962 154 74
267 421 17
423 493 7
163 535 59
885 673 22
167 408 68
776 42 9
509 532 24
880 539 51
322 81 68
596 786 59
308 473 89
103 752 91
127 822 40
321 385 34
391 721 94
55 849 34
796 463 52
917 614 28
301 344 24
121 893 81
741 924 90
249 243 43
722 391 2
79 72 96
1 723 9
288 109 28
767 307 52
742 784 80
420 381 75
287 589 50
992 87 41
421 201 32
819 810 43
349 714 89
709 573 50
523 137 86
312 741 23
561 592 89
206 600 83
988 332 31
119 810 24
532 336 61
946 288 88
102 593 58
139 547 13
396 146 15
106 583 98
323 825 24
892 420 83
643 52 79
205 280 67
778 373 43
774 641 62
459 507 5
310 767 66
573 219 13
374 733 90
800 681 51
422 299 29
930 739 63
634 890 96
638 312 27
505 606 47
904 899 15
699 850 94
834 769 92
450 340 1
725 861 89
700 962 42
715 117 56
894 136 37
653 879 2
17 71 59
811 5 93
889 314 45
744 671 80
65 864 36
326 346 46
858 814 16
629 324 53
612 262 82
141 588 77
434 316 27
250 622 25
0 946 58
978 280 24
382 653 58
466 324 74
467 473 62
738 214 27
433 839 56
538 368 87
450 747 95
81 233 60
30 785 81
177 362 14
894 296 75
779 502 8
349 756 12
444 159 59
141 908 30
649 187 69
514 457 45
273 4 52
192 11 89
864 426 37
742 153 74
644 347 100
615 508 94
728 531 89
213 768 9
346 987 51
945 237 44
970 408 13
917 820 18
497 915 39
252 499 77
723 34 90
671 938 61
755 387 80
231 89 29
934 231 42
35 557 20
848 391 57
528 275 80
484 568 58
441 598 44
329 130 35
303 816 38
559 247 88
440 327 61
211 856 6
814 7 38
741 771 68
398 904 73
453 366 89
58 741 87
317 228 52
573 328 42
557 303 75
719 451 75
80 992 90
894 562 41
419 642 80
891 230 68
9 761 45
68 206 97
164 716 20
187 362 99
174 331 40
614 63 44
289 362 79
860 295 97
995 109 42
484 403 22
342 302 60
859 751 42
198 985 17
536 838 92
182 518 34
749 55 50
757 276 32
840 884 35
211 914 31
431 360 57
306 452 16
727 166 45
710 939 85
925 845 33
413 349 43
802 584 17
5 833 93
376 375 47
486 810 99
631 436 49
889 786 81
740 317 78
262 621 78
869 996 55
256 879 100
226 618 58
399 376 4
179 486 67
797 839 37
585 771 24
471 323 6
944 24 89
666 24 10
852 195 83
896 508 88
736 15 44
816 557 13
194 408 82
182 755 46
180 204 19
707 820 46
326 577 23
565 381 14
338 604 68
494 88 72
53 522 94
294 216 14
31 187 40
827 392 24
696 729 51
525 608 69
750 668 71
384 215 81
882 196 89
493 444 94
166 631 6
896 450 55
725 326 75
180 838 61
405 779 2
454 766 52
346 454 19
460 473 87
474 367 1
679 270 81
521 54 48
63 836 55
806 514 65
736 806 22
907 967 51
602 771 26
970 428 62
174 851 79
910 730 80
142 734 92
530 819 64
301 621 45
840 729 35
125 712 19
474 201 28
671 134 58
506 46 31
842 116 96
976 523 71
223 838 2
908 116 93
566 189 56
518 346 41
888 383 45
658 151 39
80 741 10
852 110 66
720 388 68
724 783 24
649 163 7
316 142 6
255 442 50
286 947 49
311 322 94
561 726 63
514 253 59
978 791 74
833 239 24
626 139 82
204 949 87
829 48 52
954 618 12
204 943 42
806 821 31
731 727 84
662 417 27
386 269 28
959 235 100
142 144 19
780 739 32
534 737 55
102 529 79
320 883 71
598 50 44
462 740 60
422 590 19
320 305 93
684 999 3
655 727 82
893 861 54
546 944 7
606 576 50
315 367 43
953 193 24
442 223 76
549 656 68
871 998 65
121 933 55
486 936 96
107 691 93
583 788 74
173 661 52
181 332 5
65 860 49
606 295 87
232 121 85
12 854 71
475 281 18
787 245 23
276 76 26
84 558 74
204 184 27
169 151 81
765 424 95
488 606 39
29 146 39
86 664 9
772 803 60
150 91 54
852 48 53
664 725 91
547 782 47
901 530 72
75 101 67
126 164 100
863 926 88
643 722 61
216 90 52
823 296 58
343 50 27
180 340 81
830 446 62
170 850 58
217 804 11
255 503 37
758 957 53
674 997 49
678 978 77
412 280 64
261 341 28
573 729 3
977 223 48
203 512 27
929 503 16
239 648 37
653 776 14
770 570 57
929 994 59
432 369 40
90 423 22
593 394 62
0 306 39
175 261 66
931 138 72
323 598 84
375 192 62
80 751 35
707 908 92
287 289 58
917 434 36
766 121 83
0 26 97
798 648 51
612 461 82
774 704 84
883 85 36
38 635 91
600 775 26
888 722 97
854 101 64
480 472 77
302 619 89
451 759 8
526 553 36
929 957 24
338 916 88
336 890 43
594 305 10
767 361 83
411 382 20
330 509 82
742 931 52
73 710 11
990 148 40
233 67 40
753 790 25
259 430 92
133 94 95
477 667 33
111 494 83
736 932 44
522 171 47
196 265 4
550 278 12
440 512 22
137 434 77
650 811 44
310 361 99
780 549 3
258 490 21
748 894 86
19 444 47
864 443 78
401 394 1
28 465 67
531 739 55
314 136 93
318 200 51
614 176 41
507 570 55
42 213 28
703 630 78
628 695 12
363 339 87
845 387 3
251 198 9
240 880 60
491 508 66
931 350 33
926 990 64
877 169 82
152 693 36
717 55 27
317 569 98
300 398 17
338 386 46
24 697 93
326 628 99
407 352 25
485 490 70
938 406 92
258 32 96
504 372 84
723 260 47
701 334 88
270 885 45
892 560 60
98 580 72
795 151 58
954 699 71
371 412 58
607 837 56
913 95 82
837 543 54
187 985 77
243 213 66
867 324 20
468 489 12
361 715 65
101 637 42
6 716 20
641 120 32
563 711 71
250 514 87
632 834 38
220 298 11
869 122 46
979 298 16
645 367 8
198 196 39
13 511 50
448 826 69
485 114 62
656 450 28
279 973 9
434 420 74
271 446 48
340 115 15
619 290 64
332 313 79
55 815 45
335 191 30
587 486 28
21 597 55
643 832 58
626 66 84
888 850 28
280 152 92
433 151 62
300 119 57
474 17 52
127 235 32
468 725 11
766 803 36
81 802 12
626 887 53
103 64 81
52 828 42
175 973 70
513 346 86
426 935 75
914 628 9
48 383 19
283 908 62
263 521 98
480 729 93
447 664 9
952 128 100
817 240 56
815 113 84
993 82 58
746 917 93
715 86 59
671 497 5
267 380 42
71 740 72
339 384 84
454 408 37
595 189 80
995 686 56
375 231 96
700 890 57
809 231 69
460 83 12
422 292 4
748 812 20
690 965 24
440 766 36
553 590 33
120 49 4
52 90 87
792 50 82
640 360 75
475 614 16
839 101 73
163 816 69
434 150 75
87 147 27
807 554 24
12 691 89
613 767 93
138 414 59
896 619 7
872 668 65
522 500 61
29 624 73
90 270 62
320 544 76
470 122 2
34 46 7
486 57 15
882 851 17
836 745 57
249 622 3
523 304 20
140 691 90
431 986 79
635 843 68
849 844 93
885 722 69
416 315 97
669 436 10
395 400 83
506 344 100
582 850 67
487 894 86
878 783 41
103 977 55
188 463 7
905 623 25
587 774 51
202 612 71
196 661 57
882 177 4
853 968 75
133 829 98
751 567 61
752 524 12
499 873 74
972 666 8
633 348 9
126 150 54
810 558 68
438 888 77
475 471 1
404 439 24
685 225 44
389 186 57
670 559 73
661 275 97
539 770 57
866 592 64
520 311 70
249 454 44
634 140 50
715 894 52
28 666 18
28 453 3
38 171 66
799 848 21
31 277 69
572 74 8
220 498 54
177 68 41
205 94 47
165 666 4
428 769 78
336 857 80
71 361 62
792 744 37
57 140 48
3 772 63
593 715 1
593 435 85
119 950 67
428 101 65
696 62 62
240 453 7
760 391 21
877 9 10
970 963 88
156 975 71
624 601 36
906 869 100
629 123 14
464 825 17
1 928 11
221 887 52
835 689 16
54 795 69
137 35 87
353 252 41
790 435 52
878 125 72
795 233 10
898 735 19
595 474 19
840 942 55
62 304 51
468 368 40
549 978 99
575 791 81
326 929 95
648 451 78
635 286 44
603 645 26
360 729 18
685 786 53
834 236 32
802 101 60
980 136 46
196 201 11
56 868 81
549 680 19
855 246 96
161 130 91
345 469 54
665 235 94
966 733 5
457 392 23
161 293 92
449 223 79
563 289 35
297 816 77
740 775 29
208 703 2
328 833 80
658 774 10
76 365 67
890 913 28
637 573 66
73 867 49
307 504 51
465 430 23
209 989 100
293 985 83
703 299 68
250 63 35
235 38 65
404 275 68
829 740 77
257 567 22
254 974 86
246 307 79
599 154 63
589 592 57
239 91 39
879 387 48
972 744 23
935 434 65
584 763 30
658 2 47
686 138 41
551 582 6
104 663 45
231 143 53
174 107 90
856 736 59
659 511 5
682 409 67
28 696 96
906 529 41
442 134 8
135 124 70
911 41 15
537 301 54
800 700 48
457 322 4
731 74 82
238 78 31
347 805 31
178 430 51
516 376 93
774 372 1
956 860 29
206 215 94
722 223 91
157 390 19
789 771 14
701 963 64
928 545 24
127 408 83
28 91 99
14 652 92
969 759 28
954 739 56
434 553 83
643 281 83
0 669 41
421 456 21
866 259 5
579 694 39
583 546 6
454 898 91
443 169 73
962 734 51
298 988 88
424 612 42
854 607 45
552 550 92
597 441 38
306 590 61
751 344 76
546 764 70
457 572 75
932 412 38
791 427 94
723 319 12
