1000 5000
727 465 10
67 779 12
624 866 78
562 579 35
177 928 67
775 631 50
191 768 87
787 319 66
651 894 95
224 101 48
795 339 64
466 842 23
805 826 8
145 20 59
608 593 59
70 40 73
316 824 93
465 905 57
10 792 6
312 797 61
78 648 6
341 721 57
237 583 45
849 826 53
528 765 82
766 776 15
243 307 53
124 866 12
375 786 66
494 260 86
583 112 67
400 494 18
147 556 21
638 235 65
359 524 75
76 146 88
323 266 71
397 622 63
365 872 79
620 409 17
125 326 93
685 709 51
48 153 99
135 534 26
151 61 46
487 9 68
819 990 56
375 666 79
478 100 100
869 298 51
52 391 2
883 494 44
196 561 42
203 639 34
179 761 64
988 66 70
430 496 20
74 91 37
561 218 96
655 543 42
919 196 14
836 233 25
930 343 32
233 75 45
671 925 14
83 685 93
996 119 80
375 261 69
723 646 34
242 121 52
297 764 84
661 503 7
734 73 87
521 186 60
117 195 1
235 558 91
98 419 80
919 420 31
543 929 47
998 916 96
111 138 64
936 322 34
618 523 50
89 917 53
819 583 56
731 633 26
637 230 11
24 947 93
297 171 72
588 16 84
704 648 36
85 894 90
855 217 85
694 650 55
87 309 24
391 442 46
895 464 95
979 731 52
493 436 53
864 253 87
670 408 5
214 305 25
147 690 79
485 747 97
670 312 41
738 55 9
572 624 90
748 854 32
923 470 17
313 578 94
728 994 30
184 439 69
169 561 33
971 372 97
796 506 55
432 148 52
768 616 36
286 359 35
170 735 23
753 580 41
442 724 18
417 484 19
243 674 90
139 777 28
596 977 27
947 63 29
12 230 43
96 283 50
545 105 74
105 799 98
876 766 20
934 569 10
271 690 39
2 419 99
721 243 3
832 288 68
660 889 13
894 11 99
818 337 31
799 834 20
362 474 90
523 866 86
144 132 4
241 519 12
970 430 43
118 740 91
136 301 100
189 713 70
760 10 80
783 632 59
357 331 100
896 147 100
570 897 67
18 791 13
186 227 63
768 569 60
705 917 28
225 991 54
798 587 68
984 837 100
259 361 5
968 292 41
743 392 100
592 807 1
646 997 33
318 788 53
406 162 76
323 401 42
531 174 87
411 808 48
787 141 67
443 295 61
634 26 82
426 162 33
385 226 2
613 247 95
5 502 38
269 831 60
286 883 62
814 704 29
85 237 64
515 637 65
149 262 32
967 397 81
919 785 75
568 415 59
793 632 39
165 769 5
891 509 24
431 11 71
706 302 65
263 600 64
61 212 97
628 777 11
120 609 72
532 828 46
408 626 54
292 79 62
172 765 53
616 219 23
572 885 67
58 526 71
95 91 89
221 133 99
749 493 91
876 867 2
914 634 52
565 149 6
915 88 22
474 116 77
571 937 85
662 581 5
195 502 65
656 615 8
273 636 65
928 368 21
305 721 85
808 146 67
390 162 79
250 664 68
356 225 100
617 869 35
980 657 42
796 985 82
414 709 78
104 549 54
769 541 10
319 779 32
838 688 94
174 691 13
483 934 84
543 404 78
20 369 96
788 776 95
612 320 53
619 763 10
807 437 89
352 546 50
196 444 100
87 216 18
53 831 42
727 82 45
85 349 1
184 924 73
222 73 66
670 970 25
638 1 22
444 921 58
726 7 75
266 770 15
200 192 80
909 714 77
271 229 19
678 28 18
24 294 97
941 484 2
865 554 84
900 345 37
381 37 29
855 818 75
308 94 51
892 409 55
934 139 45
278 609 22
541 553 41
816 582 8
671 754 42
510 203 10
997 919 77
294 962 37
477 757 17
617 834 13
365 165 90
856 458 32
322 494 75
166 169 17
174 927 44
247 216 37
368 183 47
721 914 41
772 663 21
404 35 22
897 417 61
738 843 54
969 840 29
951 360 38
801 582 4
515 328 78
940 188 31
590 503 67
72 156 42
751 90 80
122 719 61
184 622 66
657 18 5
415 826 72
404 333 38
522 434 84
256 483 47
140 370 35
341 33 33
717 49 54
248 764 95
771 565 28
365 646 61
169 31 1
397 19 98
666 438 83
622 284 36
727 988 13
749 715 36
727 391 51
185 116 37
805 155 99
792 694 8
967 190 48
64 582 16
72 338 13
720 137 44
548 535 71
685 233 61
966 196 50
126 274 93
916 703 28
95 307 34
93 994 91
393 197 49
166 392 55
126 371 86
720 311 44
536 284 84
288 650 53
55 739 22
232 140 94
379 646 82
202 640 37
561 258 14
439 575 19
136 394 80
770 475 74
49 774 64
955 719 100
464 993 81
307 751 37
18 230 19
136 386 4
396 383 100
670 555 9
772 467 91
53 373 11
807 787 2
661 341 48
738 98 7
126 74 32
853 525 36
867 140 40
69 34 20
969 226 82
755 944 1
936 401 24
727 53 66
989 132 84
184 191 43
409 354 52
206 785 34
9 152 73
2 69 60
217 657 88
439 916 23
699 259 13
896 238 87
860 140 65
772 365 72
436 234 15
419 850 96
837 791 5
149 272 46
34 823 34
136 249 40
555 862 96
73 175 41
281 574 55
327 743 84
702 397 85
298 253 74
289 343 4
476 662 80
752 799 85
477 161 20
234 456 75
31 856 8
892 946 95
117 635 51
537 942 94
502 62 24
18 647 18
550 505 77
746 993 43
196 595 12
816 527 21
734 704 6
651 818 33
765 613 30
652 691 74
401 421 5
118 882 13
307 407 21
919 333 89
886 908 5
969 353 36
848 625 43
54 84 54
981 6 9
777 617 100
291 283 14
235 159 1
486 275 49
570 417 72
144 590 24
552 78 87
46 783 33
781 806 91
758 983 78
396 23 40
249 13 17
343 699 69
73 214 37
271 892 72
6 519 12
40 703 72
86 359 67
697 282 1
940 551 28
53 84 69
963 482 18
426 77 33
806 697 55
110 784 28
192 643 72
347 818 22
801 570 70
722 921 93
42 802 77
701 996 58
974 827 38
473 24 92
514 209 15
854 730 17
804 279 41
454 361 35
171 433 13
867 78 87
657 292 50
639 240 71
536 287 2
459 446 2
571 172 97
414 530 66
984 566 74
392 319 76
393 869 72
906 671 78
376 82 14
289 164 5
90 940 83
589 715 69
937 290 87
845 874 75
300 763 37
756 750 57
181 530 68
415 121 88
790 740 92
688 446 61
714 682 74
182 935 43
299 79 4
6 270 99
949 384 71
472 407 90
969 826 31
91 628 92
604 190 50
13 146 17
661 149 73
395 235 39
740 300 8
144 735 86
338 189 50
7 848 18
867 86 15
850 91 51
692 792 2
761 4 33
114 750 7
178 466 81
394 412 79
704 211 53
715 937 27
717 556 91
611 711 4
923 896 87
577 728 86
168 177 44
769 393 97
777 924 12
927 138 58
826 981 27
866 886 21
981 697 79
789 422 84
441 763 23
621 270 81
178 839 94
765 94 89
617 395 99
272 388 88
615 540 53
839 29 85
624 797 24
48 182 78
737 172 49
537 941 55
540 252 35
379 928 65
603 166 29
378 142 32
234 514 82
703 718 94
136 663 64
380 625 24
71 483 36
263 946 27
914 561 31
486 121 9
860 684 6
663 285 32
828 771 96
449 505 78
63 102 22
521 222 2
91 978 92
110 506 56
107 140 77
153 270 30
711 284 52
937 54 38
822 735 7
283 834 14
858 604 29
569 903 32
778 23 88
657 235 86
340 633 51
800 505 43
840 22 35
414 908 60
598 302 66
223 956 3
385 869 67
479 527 81
82 883 8
380 743 97
885 142 62
862 268 42
531 41 43
758 553 57
923 711 95
204 830 96
151 25 94
167 823 14
738 480 25
863 671 38
325 241 25
272 203 35
123 850 99
655 39 95
98 514 48
868 352 23
840 944 97
663 990 44
101 712 99
543 313 8
942 872 46
520 907 42
301 503 60
159 756 77
577 790 21
723 878 31
103 479 75
436 559 55
67 565 71
995 315 50
850 45 41
317 507 74
709 331 84
232 998 100
127 337 30
593 155 91
955 755 76
282 840 99
758 749 58
846 309 10
462 817 29
367 853 62
752 963 59
301 492 25
220 502 64
983 948 20
943 848 49
59 838 81
231 341 29
555 745 96
839 11 69
196 805 55
565 43 69
697 943 47
922 211 98
199 23 91
549 989 41
962 142 6
202 201 68
944 608 10
403 844 44
807 18 26
474 721 79
837 752 32
48 268 37
220 396 92
802 500 22
794 317 40
980 619 76
272 431 76
632 164 59
817 729 37
37 420 88
292 112 8
661 927 11
866 431 82
431 148 29
793 712 41
524 420 82
286 645 26
35 842 77
551 858 60
393 218 96
530 827 81
182 419 53
764 809 73
86 67 9
489 401 58
644 606 48
21 860 14
752 174 60
40 959 66
773 556 86
409 39 39
274 817 95
29 556 86
584 428 21
166 749 3
23 598 96
804 398 98
442 189 79
669 557 39
456 835 37
576 405 57
732 236 26
230 39 73
366 179 36
241 195 27
102 370 52
126 392 94
433 353 36
430 447 89
356 220 1
173 358 32
820 588 6
639 145 57
47 23 11
246 390 65
915 606 5
697 487 63
350 512 45
548 30 72
421 826 1
846 569 4
43 437 49
706 757 17
381 430 76
804 897 84
630 343 5
223 965 61
280 96 22
772 697 7
387 112 3
719 332 98
386 489 36
777 999 19
364 239 55
745 222 77
558 860 10
760 487 93
389 270 90
383 858 56
916 570 42
265 200 92
430 521 89
111 831 23
600 972 59
998 602 59
824 165 87
182 8 19
951 339 21
731 281 20
929 842 15
325 333 12
602 883 7
188 514 55
145 593 74
230 230 80
961 789 95
294 674 8
133 893 61
840 407 98
111 891 50
51 328 86
96 321 98
220 693 21
94 639 59
795 592 90
931 707 19
419 741 64
67 563 92
89 819 72
22 689 29
192 923 73
754 263 14
253 683 74
562 957 86
924 113 82
733 779 17
108 234 21
100 629 21
119 98 21
71 461 59
584 221 61
368 547 43
239 714 87
479 890 66
368 283 36
556 448 2
920 104 91
371 441 23
934 249 61
567 157 30
289 334 57
903 152 56
675 511 54
402 55 89
869 461 59
414 32 52
485 686 32
326 48 65
40 135 70
744 942 54
425 107 29
615 545 96
637 639 57
290 4 67
90 691 6
452 720 100
307 226 50
499 105 70
214 187 49
116 405 31
121 457 84
594 210 65
767 897 32
967 560 17
740 141 27
297 684 69
97 991 32
328 974 58
716 955 61
331 41 11
746 965 58
465 248 28
912 40 36
543 258 85
417 73 57
456 632 30
202 460 93
868 421 19
430 194 94
766 877 38
28 176 29
439 516 61
35 272 76
113 884 9
782 594 27
245 203 70
801 425 13
683 841 83
617 820 97
126 619 72
444 717 92
664 339 57
826 902 12
895 819 28
455 478 91
78 168 52
578 540 91
716 865 90
751 588 89
403 315 17
310 593 57
503 69 96
834 483 41
365 413 93
657 11 46
832 252 70
252 910 76
376 632 12
804 749 22
769 808 28
798 766 16
979 486 47
483 699 95
172 888 82
494 220 66
359 53 46
731 652 25
22 736 55
662 391 82
978 348 59
872 691 37
965 911 69
202 934 65
768 918 67
360 199 94
976 75 39
922 912 64
604 336 40
371 916 65
976 654 74
320 645 60
247 965 100
963 432 12
327 687 3
460 965 3
218 260 97
57 249 68
343 864 61
863 495 52
147 325 75
211 833 50
359 252 11
436 179 46
305 514 11
271 620 67
44 234 40
707 282 27
781 512 19
696 911 95
271 215 68
499 260 82
417 652 86
583 426 57
656 410 81
328 949 29
916 602 56
343 449 5
242 30 38
195 681 58
216 850 13
914 733 97
231 922 91
722 836 79
678 424 89
14 934 22
906 467 87
343 514 81
887 605 33
871 388 20
793 800 31
956 686 33
311 107 89
127 708 74
776 810 64
746 473 26
484 793 3
447 976 30
990 292 79
511 829 50
705 983 54
482 36 53
46 109 70
678 12 89
820 988 89
881 939 42
482 347 29
544 247 88
248 667 65
99 783 53
735 485 23
772 822 26
308 472 2
586 658 99
865 232 11
154 215 91
382 896 96
158 627 86
338 792 52
257 714 10
710 516 32
156 533 78
58 493 25
393 42 5
292 85 90
113 284 60
26 868 31
481 827 28
201 154 93
831 970 93
208 530 26
346 576 92
185 940 98
357 179 52
105 541 13
396 7 29
709 845 51
757 989 53
915 973 18
40 592 16
183 821 61
855 993 98
485 774 47
232 494 71
972 850 97
322 128 34
898 286 68
961 235 54
139 433 73
241 691 92
372 874 62
289 778 92
507 798 63
229 832 52
929 67 76
314 835 31
854 255 95
348 406 83
402 209 19
18 96 15
207 288 11
468 836 6
870 546 66
410 199 94
320 313 45
24 296 83
97 817 28
606 954 72
92 911 70
75 749 17
562 374 16
553 11 25
377 38 58
86 914 86
989 891 33
173 920 71
7 847 100
616 39 42
305 98 10
620 365 15
723 730 45
150 206 85
606 618 47
815 652 86
466 194 54
105 408 71
853 975 44
117 233 25
456 47 89
73 997 8
240 12 86
873 975 10
784 961 20
318 220 48
469 762 12
342 490 21
885 605 52
892 407 11
190 355 6
489 590 49
523 952 54
826 999 17
109 505 21
131 286 25
438 856 28
270 29 38
112 293 23
248 870 38
902 105 23
827 638 79
319 416 29
719 367 99
438 888 87
132 324 11
496 939 67
270 525 4
427 144 59
413 24 27
58 744 90
846 479 50
984 839 47
557 46 39
913 239 52
614 136 8
183 292 69
922 266 93
600 104 48
44 570 91
503 691 19
741 720 94
666 164 41
944 272 65
200 215 83
346 189 7
436 893 92
183 29 96
491 179 68
538 952 13
683 888 54
956 753 91
738 986 84
810 782 26
539 934 63
373 228 33
113 885 54
341 994 54
396 67 62
513 514 19
33 739 46
432 498 70
15 827 57
752 183 62
624 648 26
556 189 90
389 386 91
501 236 33
302 840 59
838 525 66
430 628 76
889 544 85
163 632 17
583 662 71
814 906 90
701 368 69
101 871 58
719 236 2
727 679 81
900 394 28
930 732 93
458 520 61
22 183 57
118 464 23
496 455 94
87 459 98
753 190 66
452 657 41
225 748 48
74 529 91
114 500 99
897 788 68
403 974 16
229 68 34
915 136 30
11 919 47
350 403 96
808 288 28
313 560 92
100 349 51
411 362 70
158 307 17
733 923 75
538 87 71
582 430 1
45 812 71
200 638 97
563 178 90
485 66 81
260 209 81
646 470 76
640 305 73
504 296 20
258 235 100
600 274 16
436 293 2
65 419 100
313 26 75
918 405 29
785 872 40
749 969 69
769 560 80
337 869 83
636 699 97
667 544 96
214 260 18
426 281 17
111 165 17
957 722 25
552 551 72
575 744 71
592 963 28
918 787 33
719 669 56
724 138 91
433 819 2
755 952 91
768 185 31
803 279 33
854 596 25
159 280 6
699 598 26
742 122 68
803 79 8
703 851 91
504 476 21
542 102 66
342 548 38
18 310 6
266 720 37
846 789 62
674 483 43
996 227 26
339 987 78
976 63 20
147 269 14
817 166 54
287 46 31
599 247 55
332 472 20
394 33 1
299 502 64
858 66 2
266 194 26
620 877 36
7 873 37
658 87 24
700 132 97
218 184 1
157 774 69
781 353 21
411 870 73
190 866 7
661 801 2
280 417 91
780 465 10
741 431 73
703 813 13
922 347 66
377 303 84
704 70 11
297 757 49
819 200 99
480 448 72
108 486 38
382 343 18
188 91 29
931 453 11
790 212 26
982 210 23
85 167 20
618 505 91
460 812 1
498 532 80
957 445 29
216 501 15
711 386 74
756 181 15
264 74 14
677 36 69
526 394 35
745 203 62
516 717 79
511 210 96
581 649 40
793 42 91
634 317 13
945 80 7
758 309 48
627 835 68
823 793 81
999 644 48
656 764 100
280 676 8
221 136 45
855 422 41
649 232 60
664 477 63
840 251 29
282 778 67
657 658 33
365 524 51
392 890 73
613 915 4
866 322 14
793 757 19
964 127 52
262 817 64
378 205 46
116 498 86
945 491 25
601 883 75
860 128 1
753 483 88
856 435 34
69 738 64
710 611 28
315 902 15
555 285 91
393 387 13
630 634 11
946 422 71
194 274 36
929 411 49
111 665 54
685 112 97
682 194 28
214 410 35
462 464 83
966 974 29
534 871 87
51 14 20
638 562 88
282 30 17
630 265 69
714 670 50
424 898 80
794 477 34
116 683 85
661 4 55
988 719 70
316 291 73
1 71 9
963 119 2
704 16 6
361 627 86
501 680 68
706 71 67
950 219 5
561 597 65
443 636 79
933 812 30
196 944 32
689 832 38
665 945 71
290 775 50
341 721 20
640 929 81
318 645 46
765 765 76
341 366 33
236 490 11
652 97 22
156 332 8
433 979 83
414 821 29
78 406 65
620 269 44
252 916 5
140 915 77
603 419 15
612 322 48
522 297 49
306 730 26
603 756 65
193 344 8
823 723 15
687 837 61
545 483 96
22 434 25
954 415 28
538 602 10
625 693 28
645 969 47
76 887 48
450 877 17
424 581 47
681 918 72
67 473 58
726 367 25
973 858 15
428 921 58
747 107 75
484 782 64
346 808 38
831 387 41
369 461 51
359 575 61
58 725 68
458 554 76
211 482 1
564 411 50
217 178 13
434 626 55
970 517 56
509 576 15
94 456 64
238 226 90
133 62 32
513 183 9
615 52 89
363 539 65
294 916 48
62 675 20
847 700 10
187 495 85
138 947 63
50 221 19
822 776 83
988 157 26
80 396 96
660 801 3
37 62 79
687 382 76
158 856 94
948 136 25
21 862 99
556 63 34
200 131 66
595 875 38
499 96 37
743 916 59
120 278 50
67 821 35
632 346 25
551 872 87
65 253 45
333 703 72
908 946 73
730 283 12
114 45 71
382 61 45
336 950 94
908 560 88
264 336 20
215 103 69
117 947 75
588 816 44
106 589 27
564 990 43
674 870 74
570 717 21
617 821 48
914 964 39
826 579 5
630 768 39
154 733 89
222 788 1
266 953 76
352 559 43
346 514 63
149 126 76
159 274 33
335 427 8
708 761 90
564 352 89
802 416 79
830 978 61
201 696 54
291 671 55
194 575 81
622 157 22
818 968 34
796 651 81
751 324 9
247 232 27
438 768 34
842 271 57
319 264 89
432 755 88
614 817 38
66 527 44
280 714 10
11 429 59
22 724 48
786 807 56
631 555 46
108 643 12
610 604 12
808 18 16
480 87 43
651 314 14
344 518 43
930 150 78
675 22 87
654 37 24
752 694 62
198 541 10
570 828 37
402 612 38
411 868 70
945 685 72
871 266 55
654 216 54
565 917 29
632 843 84
539 940 30
894 317 2
132 640 32
392 992 93
673 464 72
880 45 85
25 417 94
262 832 82
481 407 36
551 787 55
83 807 63
372 763 83
999 726 18
636 456 92
884 146 87
173 290 18
30 875 41
610 342 78
341 756 12
715 921 37
931 184 58
895 354 90
785 367 62
179 266 12
304 894 89
922 281 82
53 201 46
683 283 26
991 181 38
121 889 100
912 159 11
750 679 35
423 665 97
612 133 45
558 567 13
991 809 97
736 887 16
975 540 74
440 979 63
507 930 40
743 621 100
320 797 87
147 132 30
991 707 77
146 127 78
297 415 93
949 191 53
78 632 90
506 850 35
960 307 79
714 269 44
658 837 62
742 758 5
244 218 20
712 621 59
548 651 74
712 831 45
562 109 44
652 651 84
439 896 66
137 386 6
64 155 100
790 842 34
148 956 90
383 570 52
80 311 76
856 777 11
129 55 37
120 120 13
731 402 40
763 572 69
21 614 22
112 335 7
81 121 31
78 123 99
64 958 85
755 461 40
87 781 41
509 395 22
139 933 50
349 469 64
158 671 35
430 569 44
792 248 70
862 133 38
170 157 3
313 592 81
840 138 30
290 287 59
984 814 6
593 43 10
328 640 63
284 949 11
855 762 39
354 964 22
504 29 27
531 180 58
578 650 71
927 443 86
1 581 25
339 781 56
510 144 7
746 130 94
61 246 43
802 134 25
375 538 44
879 874 54
309 240 27
912 65 82
627 95 41
924 845 63
572 133 72
836 20 48
222 500 87
487 106 81
768 148 54
458 449 58
586 488 83
60 215 82
850 135 97
551 942 10
767 788 93
975 135 41
555 895 71
4 939 67
700 279 61
682 754 11
673 52 98
878 589 85
347 550 54
833 921 18
958 851 4
892 121 25
400 419 38
471 221 84
413 89 15
869 203 72
346 700 100
768 368 77
969 758 87
424 137 5
727 750 25
315 94 79
323 757 82
818 719 46
422 505 68
316 233 11
816 983 97
27 612 56
696 74 14
104 956 61
79 114 94
856 475 7
60 627 5
875 175 66
777 201 51
249 942 20
923 524 73
406 809 36
886 839 97
641 915 56
262 650 65
62 973 5
300 887 68
421 404 9
538 388 37
271 390 59
924 207 98
169 426 68
201 363 84
25 457 90
64 14 71
942 261 17
679 602 11
850 834 64
446 848 41
582 814 30
68 168 25
623 956 58
740 667 86
559 370 7
339 412 47
632 885 26
370 175 99
842 586 62
772 875 7
693 562 67
902 614 44
639 657 58
911 969 74
243 994 5
81 140 86
901 667 9
547 700 10
871 116 47
891 533 77
802 375 73
864 339 83
532 828 7
272 492 32
994 217 47
590 194 52
62 558 68
549 344 54
312 460 18
252 472 14
511 875 33
929 109 6
690 596 94
558 888 46
292 115 65
664 361 10
486 629 42
569 968 67
357 341 92
399 988 61
14 879 51
822 923 58
955 249 64
284 206 71
580 462 68
321 893 27
599 555 96
108 603 76
714 270 21
971 937 15
697 245 53
736 854 14
73 177 67
900 905 49
81 164 94
890 582 34
653 998 73
667 146 47
430 312 12
271 581 17
807 412 73
202 70 47
11 713 23
936 999 59
28 694 96
770 926 36
282 538 64
504 801 60
469 657 3
99 521 69
584 746 85
192 610 14
875 711 43
62 384 51
244 316 52
459 327 37
491 640 80
441 961 54
2 232 19
672 565 39
127 629 16
941 157 55
222 896 80
804 772 74
577 659 32
559 517 3
539 39 79
302 117 10
25 390 59
62 581 64
151 771 71
744 958 54
71 922 42
996 113 38
175 588 88
696 18 36
572 101 53
508 375 45
101 984 37
537 829 16
621 494 27
980 84 10
593 944 14
744 293 2
558 529 62
397 62 79
769 440 37
854 201 77
120 91 96
295 161 66
532 231 53
237 121 74
857 229 76
117 70 29
710 711 11
727 559 16
991 968 68
425 216 7
779 962 60
473 489 60
319 734 71
490 599 16
611 526 73
903 126 98
955 618 74
736 712 47
290 22 65
712 441 10
805 205 14
184 53 66
537 914 10
527 727 5
229 958 92
894 115 61
643 368 42
888 702 11
812 431 24
795 895 33
980 741 70
733 662 8
416 698 70
316 718 19
353 113 45
839 608 48
617 21 7
573 992 46
97 383 31
429 823 3
374 175 65
173 429 1
425 462 44
648 275 51
341 829 87
475 103 82
938 352 39
58 850 3
359 500 8
51 631 67
130 761 93
169 159 41
333 37 21
481 48 75
269 991 72
297 548 92
526 587 74
914 47 28
57 31 54
216 912 53
5 997 43
74 716 80
936 795 20
589 916 1
848 65 91
83 749 66
326 554 15
307 543 37
976 474 8
72 817 54
303 314 5
991 134 49
925 87 57
85 859 48
683 285 19
943 590 39
494 148 36
367 552 36
456 900 67
64 982 21
471 196 95
45 632 29
944 100 33
960 533 9
380 687 25
78 43 9
290 971 15
619 565 8
423 509 1
225 274 30
862 245 61
581 908 46
280 398 24
21 863 73
471 978 41
768 287 56
106 6 81
953 50 19
841 176 32
510 330 70
375 265 61
384 392 11
809 566 99
345 784 56
348 310 64
826 631 28
483 321 93
2 925 93
669 212 18
434 670 70
404 320 64
284 384 41
348 859 44
332 700 28
565 673 14
667 666 31
745 390 53
745 447 76
291 945 4
766 335 58
343 477 81
79 502 38
529 234 79
474 943 4
396 299 34
30 352 44
274 889 95
71 900 70
856 783 27
557 957 61
196 864 90
422 589 97
479 674 1
118 753 43
559 205 48
797 846 74
637 705 65
460 609 1
759 771 95
381 200 62
272 160 8
0 98 64
155 110 14
250 444 58
260 550 39
968 392 43
177 717 56
789 182 22
140 740 79
422 758 60
921 216 75
581 981 23
724 319 74
507 626 10
766 169 22
303 977 19
945 436 97
884 356 48
778 708 34
58 370 18
229 460 89
572 948 6
578 8 85
737 498 79
930 165 36
503 509 54
45 858 8
637 203 57
584 872 42
292 68 33
756 854 48
661 381 66
62 378 56
333 84 68
539 870 11
829 323 13
747 373 18
766 917 45
797 723 70
615 960 4
359 492 15
892 892 12
868 702 41
334 644 27
869 33 20
870 967 3
481 85 91
346 898 10
932 777 29
686 580 14
273 222 1
215 502 76
491 907 94
136 580 59
904 954 36
382 566 58
236 167 20
765 981 82
282 131 21
946 147 13
435 681 6
824 751 44
499 530 70
460 282 41
525 68 86
402 592 15
865 710 14
124 487 41
237 945 17
340 394 23
199 912 45
163 449 53
818 381 3
105 900 42
410 450 100
933 60 11
332 13 71
776 707 11
869 202 26
390 571 57
954 607 48
877 776 37
838 407 25
24 255 67
780 569 49
684 983 18
146 118 55
8 142 90
211 464 42
933 832 21
286 509 39
837 86 23
363 641 44
915 987 98
376 856 5
708 959 90
750 761 21
743 322 25
208 204 11
56 460 16
273 765 93
523 243 11
645 718 67
220 218 35
581 596 95
508 605 65
446 111 87
454 742 93
450 114 2
865 648 84
775 736 78
149 424 68
200 44 10
777 145 92
193 138 36
716 723 11
713 567 91
965 43 20
765 639 1
624 954 72
618 714 86
417 927 85
473 168 76
781 141 40
61 587 8
674 583 84
742 857 81
433 126 29
966 512 86
512 600 42
954 542 13
393 78 85
848 970 6
329 504 39
849 609 44
21 566 91
833 688 25
435 352 1
31 257 61
202 395 56
164 492 47
298 151 46
941 85 42
56 998 43
968 50 23
386 57 48
332 208 31
972 497 61
215 493 24
909 478 40
113 861 36
82 592 56
300 157 44
471 103 8
800 936 93
560 897 16
358 314 42
20 717 44
696 44 11
640 344 8
196 647 3
785 901 91
225 208 99
943 122 52
534 869 40
393 553 17
515 626 8
271 403 39
596 706 75
212 374 13
365 773 76
970 76 86
346 853 79
697 451 26
225 846 46
710 407 61
799 819 58
93 739 19
286 600 75
543 419 31
80 98 99
392 492 39
927 148 68
809 775 39
709 530 94
740 875 64
99 160 23
704 840 71
185 822 37
153 358 36
238 721 69
486 124 86
299 768 21
915 669 10
405 529 71
816 874 70
580 782 83
478 958 33
987 152 17
893 657 48
688 584 57
443 700 67
720 998 51
22 927 47
855 585 58
191 339 57
388 489 24
900 71 53
777 652 82
202 290 85
127 397 79
50 847 67
312 286 13
169 677 24
350 715 65
809 400 48
620 7 71
104 350 28
74 627 47
403 304 74
748 79 66
238 760 12
839 736 100
595 711 87
672 752 22
93 779 63
755 933 77
196 756 34
845 601 60
234 510 49
76 548 72
794 811 22
338 9 51
217 898 91
400 160 15
861 930 17
673 586 72
206 761 92
511 397 8
12 848 42
691 373 33
505 573 22
805 828 72
920 257 36
109 164 75
29 669 34
884 718 5
749 953 29
716 786 48
835 846 85
740 506 17
31 715 41
945 20 91
989 615 24
107 504 24
934 389 13
48 150 34
537 664 91
550 918 5
594 188 59
656 956 66
932 722 54
382 754 58
126 225 69
144 116 5
698 508 46
554 567 73
774 594 23
907 673 72
878 410 32
343 689 88
741 81 24
611 673 34
334 521 11
781 495 32
40 464 13
516 733 40
10 299 34
835 213 76
383 569 84
400 92 87
985 503 19
926 411 71
928 363 73
510 201 11
896 248 59
699 22 77
542 391 1
100 352 87
569 458 61
926 45 51
524 847 39
981 239 8
660 831 82
158 716 61
354 253 84
270 998 65
815 533 3
469 892 35
917 187 54
638 388 48
175 95 98
864 402 41
697 10 8
238 767 63
651 83 55
671 533 30
520 282 36
697 417 60
576 178 24
93 595 100
340 32 34
32 773 77
577 552 67
180 127 64
114 493 86
538 18 9
315 497 89
747 984 24
477 715 6
689 971 2
430 591 14
117 457 41
777 654 43
690 51 87
244 347 69
953 993 75
236 700 16
309 896 93
71 588 72
12 801 12
995 33 90
748 384 51
757 966 48
662 936 42
678 905 85
408 614 64
293 400 44
106 677 84
572 24 62
330 222 95
287 2 51
524 385 10
681 169 17
921 625 77
529 508 14
883 450 52
286 755 41
28 859 78
736 476 41
410 571 39
210 344 67
134 285 26
326 649 90
384 463 78
321 997 50
333 123 75
152 73 2
660 997 29
602 207 82
569 842 61
145 134 19
533 222 52
281 952 54
279 735 54
151 299 33
816 625 56
165 981 44
169 466 40
641 366 47
724 877 67
438 588 18
121 204 56
932 434 96
867 636 57
530 733 29
395 345 35
344 413 98
78 462 62
21 125 17
294 979 68
353 520 62
36 346 48
219 616 16
48 995 57
620 35 21
498 354 17
187 719 1
715 195 5
559 530 55
727 37 14
693 739 47
536 905 78
457 953 38
237 188 8
743 805 84
377 770 69
754 49 37
678 594 2
610 837 8
318 783 42
440 222 64
611 21 37
313 136 49
495 494 34
874 433 78
139 69 84
559 212 33
808 577 51
837 511 5
930 11 82
880 96 12
987 295 91
940 809 60
948 41 48
444 721 49
210 432 68
633 62 62
764 954 17
641 380 24
79 53 36
880 814 47
112 817 54
468 777 20
728 946 82
317 516 13
199 124 88
184 547 48
594 362 11
478 805 19
764 957 83
659 204 89
243 283 67
683 969 94
469 799 50
698 950 88
872 317 9
171 9 97
925 275 36
217 188 21
275 115 35
324 106 37
113 904 34
188 906 89
196 794 2
727 470 4
762 875 19
380 976 54
226 721 91
99 241 22
195 244 97
301 923 4
431 270 67
275 81 3
96 289 46
416 745 91
116 875 25
703 330 59
585 320 29
205 954 67
178 903 61
398 285 41
328 773 71
123 217 10
254 397 51
151 332 71
790 464 55
454 807 61
176 128 94
492 188 33
329 988 21
869 903 18
157 534 8
477 912 30
583 92 38
758 776 22
65 202 17
202 450 24
565 933 42
960 152 11
29 794 21
615 231 24
992 581 42
495 32 78
647 372 35
670 21 70
822 399 41
835 147 1
195 37 97
988 485 22
55 818 18
670 61 5
105 206 66
838 293 59
857 120 19
108 355 14
882 707 73
856 446 23
484 528 3
210 641 6
859 546 75
473 278 61
865 714 48
858 181 36
259 827 73
721 757 13
764 159 90
393 433 18
391 836 31
19 378 26
958 632 46
735 821 95
854 382 48
23 553 88
611 35 98
486 399 56
381 819 13
23 429 10
409 269 59
741 220 5
581 344 28
472 799 17
341 435 57
893 588 86
141 835 9
133 876 37
341 510 56
533 941 7
876 913 94
887 918 79
28 405 92
238 307 31
221 997 99
810 399 36
90 943 22
89 42 39
441 10 84
393 293 72
382 684 69
507 150 53
994 340 88
762 786 1
362 780 59
290 696 33
583 309 99
194 228 53
190 2 86
215 134 67
977 900 4
485 765 38
224 659 17
462 900 70
483 482 11
561 272 18
216 134 87
569 775 64
397 942 37
925 379 66
987 43 8
298 847 45
376 461 6
757 372 67
258 7 52
577 692 81
25 841 16
488 310 83
774 308 49
756 478 81
989 934 44
680 233 67
161 951 67
275 865 34
451 432 43
889 803 87
269 174 58
816 719 61
813 36 82
814 152 32
954 849 97
935 925 2
213 920 89
879 414 100
543 212 96
224 623 89
25 437 16
22 437 41
303 602 3
927 352 24
255 881 62
103 567 98
546 250 32
215 30 39
347 154 3
850 288 10
994 995 23
418 189 74
40 528 96
604 664 83
794 333 22
424 884 76
246 960 43
2 494 96
193 12 25
122 877 44
806 924 20
527 700 92
215 767 84
644 956 32
59 167 61
936 615 65
776 9 18
48 831 66
985 146 17
541 206 13
862 771 32
657 291 6
715 755 35
689 787 38
508 652 15
124 496 20
32 694 71
296 976 1
542 951 67
893 605 27
241 804 22
651 30 83
830 610 26
920 193 30
172 636 50
419 135 46
132 878 13
801 841 5
630 651 86
414 303 25
347 473 26
197 830 95
112 961 27
464 273 61
390 704 48
499 904 35
658 583 4
427 936 86
482 625 50
435 793 96
483 678 81
647 195 92
291 622 96
350 32 63
766 610 48
784 320 48
914 459 95
925 215 27
927 920 82
375 6 79
813 815 70
372 957 48
828 875 72
957 841 25
757 180 75
772 71 73
860 396 50
693 449 27
263 687 13
172 714 53
606 274 64
703 334 58
347 362 71
304 0 76
5 256 15
631 872 88
651 549 27
763 41 78
572 914 69
584 720 35
643 694 27
627 247 73
230 896 93
774 0 41
641 940 83
721 953 43
516 423 47
569 186 80
398 106 4
855 136 28
191 841 5
234 825 11
731 522 10
504 418 17
578 978 6
228 8 61
752 951 91
838 727 89
872 863 7
372 760 45
69 405 77
498 811 14
163 336 20
103 971 39
421 271 3
379 918 11
871 237 91
969 746 85
163 157 76
100 727 92
624 430 39
65 958 83
62 986 42
549 468 95
72 350 55
853 952 83
807 45 81
236 726 77
384 15 27
281 635 75
760 930 66
196 217 92
252 132 94
178 200 37
511 603 36
635 638 47
37 377 9
268 726 60
80 838 74
789 367 5
409 137 13
876 728 56
19 297 51
91 352 81
195 54 50
560 383 5
864 539 28
810 426 71
879 346 95
291 192 11
999 892 58
618 726 38
41 793 20
316 464 69
660 9 11
310 351 94
579 242 58
839 901 62
734 490 55
328 419 25
997 799 36
838 200 27
741 559 19
205 121 89
543 251 80
442 291 95
861 395 21
924 695 6
910 216 87
749 742 93
50 146 90
506 957 92
590 623 41
303 800 81
151 627 34
189 279 29
929 266 82
831 537 69
442 958 44
66 974 86
645 298 1
18 180 26
94 155 12
147 219 51
836 745 99
330 809 53
841 284 16
345 843 75
720 576 48
704 260 17
902 184 100
404 858 63
574 813 43
675 940 25
81 845 47
244 239 71
204 927 77
724 556 4
160 836 62
594 185 77
436 780 35
947 583 35
28 338 54
351 991 39
133 887 80
373 591 85
494 606 26
434 724 16
447 776 21
197 101 16
786 101 27
718 387 58
57 277 56
936 888 38
255 90 34
792 564 64
748 248 85
139 6 4
878 178 41
266 657 54
711 628 76
879 551 38
913 422 46
653 769 43
400 257 97
253 377 65
853 973 99
105 914 17
626 463 90
140 552 75
548 204 38
45 230 14
950 235 28
760 866 86
474 610 74
750 581 15
37 332 73
739 469 90
142 876 66
518 389 80
771 882 15
426 924 12
445 829 31
124 78 52
681 408 28
327 333 81
334 111 25
983 920 91
415 196 67
681 645 12
801 270 24
400 580 18
394 659 37
287 765 28
29 472 57
140 121 94
224 699 51
411 621 38
415 788 48
681 753 78
887 914 76
387 309 4
181 921 33
299 262 83
864 244 59
926 911 88
468 346 77
952 0 33
305 45 60
605 616 68
369 668 88
445 399 37
190 669 9
30 513 36
698 908 87
597 544 89
540 465 67
205 204 14
898 929 90
474 987 64
536 819 30
189 124 34
799 271 39
563 875 22
874 264 42
899 63 86
432 593 40
986 417 31
937 350 37
987 280 87
106 55 14
210 958 85
177 603 13
357 278 75
833 593 71
626 121 78
760 301 87
830 343 86
159 481 24
6 346 24
533 506 53
854 466 28
973 502 74
919 900 89
332 600 64
895 776 40
181 785 47
390 82 76
724 866 97
693 623 48
116 620 34
805 242 89
346 947 67
893 475 11
231 227 50
585 649 85
66 174 89
410 392 68
898 526 23
631 879 78
314 543 75
803 193 7
759 491 61
98 725 96
320 604 56
793 685 1
972 86 79
68 909 59
670 145 55
673 991 74
998 463 98
652 393 87
970 499 47
821 951 47
605 633 27
713 961 18
224 643 92
913 887 81
657 118 53
194 143 13
853 407 2
610 30 69
906 233 22
519 672 92
669 707 31
88 172 95
151 22 4
303 518 79
611 845 97
191 427 81
250 294 30
111 606 78
734 642 90
195 870 57
596 236 60
604 837 44
379 783 74
366 362 71
886 867 94
302 387 61
799 110 35
903 124 10
454 694 52
269 68 8
791 546 88
457 679 42
240 52 34
521 329 63
574 225 40
96 779 5
177 783 38
54 455 3
679 275 42
407 622 84
191 540 72
670 411 51
425 761 97
504 859 27
644 890 31
492 254 8
447 340 28
631 396 3
447 552 15
859 849 6
627 208 26
280 711 21
462 417 97
605 474 86
693 737 7
981 133 10
472 647 63
380 547 4
700 154 54
11 549 50
649 77 5
47 135 46
268 881 35
165 406 42
652 256 91
248 578 38
775 469 60
861 869 79
545 300 60
438 869 98
343 276 2
225 373 70
624 642 99
720 371 81
607 935 4
316 572 56
156 460 38
916 128 39
988 311 46
268 219 12
68 972 9
611 992 40
319 898 54
608 517 61
986 421 96
567 382 31
221 337 76
903 618 61
428 499 1
716 684 99
493 337 91
449 203 35
117 156 18
554 719 97
296 766 74
738 455 29
724 146 32
605 919 4
772 206 45
120 113 12
182 324 34
924 973 83
493 291 39
57 584 92
156 448 15
144 264 55
940 517 25
403 851 11
729 764 8
741 553 75
840 950 27
612 503 37
369 254 95
846 31 26
726 745 57
121 646 19
743 912 94
722 230 48
445 85 41
758 29 29
876 526 28
20 698 54
486 364 71
818 844 75
736 517 42
396 902 4
758 211 92
654 865 46
317 412 62
69 146 1
311 965 96
808 641 92
215 602 70
984 757 96
644 263 41
747 613 78
189 675 52
826 70 7
597 753 90
480 530 2
221 779 96
854 761 91
505 911 53
711 208 23
778 545 29
210 310 60
273 915 72
171 117 89
131 205 80
111 18 44
378 257 72
177 669 8
45 89 30
873 488 43
487 465 60
153 65 62
324 818 40
911 998 18
196 447 97
981 492 54
715 215 80
114 379 4
301 907 93
614 129 1
437 207 74
261 687 67
901 829 57
960 412 81
233 573 24
837 451 68
587 627 49
833 325 9
675 381 65
441 351 70
951 567 85
843 516 73
454 818 15
778 518 31
838 314 65
720 840 50
726 942 86
298 522 8
540 971 61
997 856 33
736 30 49
115 421 39
136 591 79
267 770 83
540 399 55
570 119 6
146 31 26
951 823 91
920 335 88
366 640 71
525 709 31
43 375 100
896 629 35
640 80 38
508 818 80
759 8 12
142 789 51
917 968 54
112 14 99
357 306 76
338 206 94
186 513 39
573 461 23
539 242 44
22 322 94
8 730 70
657 28 73
911 658 86
448 104 98
407 80 49
274 361 78
902 55 50
16 441 58
476 760 13
678 678 68
748 443 33
183 100 24
223 296 79
118 678 76
766 79 80
943 101 93
692 505 87
550 135 3
997 686 33
466 943 27
609 172 48
761 0 71
380 433 78
972 559 85
623 308 93
300 789 92
918 659 20
356 269 39
282 473 79
426 507 25
337 470 52
547 418 28
719 0 86
8 309 26
207 497 92
58 862 29
630 275 3
515 873 99
944 720 2
759 13 41
116 943 22
954 604 10
153 697 20
253 619 98
84 718 95
898 690 19
488 34 2
672 881 23
754 326 26
664 80 91
636 787 29
510 609 68
427 289 83
78 222 38
420 257 23
747 668 76
459 442 93
867 802 69
795 171 46
704 81 57
359 725 45
971 842 53
387 625 92
483 666 10
880 41 71
554 365 72
284 65 17
448 474 59
91 679 19
712 877 59
959 424 27
272 88 59
465 649 16
777 206 66
413 22 90
599 637 83
331 478 19
92 763 85
842 292 64
650 195 84
644 514 38
579 377 59
452 539 97
419 588 52
386 676 56
20 356 45
829 314 10
383 978 7
461 92 89
594 54 78
384 708 92
21 376 36
628 981 51
317 39 2
321 937 80
435 541 93
654 153 17
766 135 75
418 783 63
809 64 65
106 875 20
779 60 11
601 994 55
337 335 80
485 615 51
258 222 71
706 493 32
898 982 22
945 782 42
621 840 4
107 138 65
198 400 88
802 928 3
231 172 58
771 105 9
136 545 35
89 264 79
131 768 36
103 675 46
101 567 55
864 270 55
344 52 63
558 816 44
850 901 1
638 953 40
138 784 73
898 762 15
811 478 34
904 605 29
351 765 19
51 600 74
433 535 59
836 47 51
746 710 9
601 921 31
913 932 10
208 817 44
287 807 57
790 57 30
336 892 92
787 239 76
245 547 53
831 431 94
745 946 21
751 800 9
94 418 21
139 229 90
255 394 100
75 234 84
998 867 23
160 439 30
947 128 12
269 806 18
102 873 98
856 986 41
282 849 68
819 180 75
788 2 11
873 375 12
223 427 31
606 539 24
711 927 78
283 949 83
192 664 29
357 928 15
12 465 19
789 755 42
735 297 22
832 397 6
378 747 53
942 345 88
632 928 1
93 959 95
392 503 11
277 998 68
595 569 32
286 90 10
515 455 2
402 411 48
474 842 1
652 272 13
839 553 39
465 626 71
347 433 9
214 149 80
332 14 75
520 717 50
529 6 24
831 797 26
73 241 16
499 82 26
164 298 28
420 739 53
250 394 98
776 227 84
359 203 66
942 417 66
944 259 90
90 929 69
227 465 67
779 915 41
260 171 24
720 276 68
152 862 80
976 480 9
536 706 35
888 777 75
380 411 55
89 52 35
662 570 8
628 599 74
90 214 53
715 220 81
290 770 94
283 145 59
320 545 49
299 613 31
320 406 25
693 669 80
466 253 76
484 681 46
144 675 68
538 134 94
904 279 3
123 119 24
553 231 91
367 287 19
706 494 26
537 237 99
743 799 87
554 844 99
981 301 42
920 309 2
552 984 96
122 995 98
301 737 8
619 644 99
979 418 37
301 29 20
853 367 24
530 124 58
231 556 12
515 986 62
249 910 36
491 30 30
421 795 31
653 753 76
223 27 91
584 705 35
996 799 50
73 521 74
329 46 76
214 212 71
310 713 71
601 396 32
349 913 69
311 614 100
285 865 29
345 429 33
63 402 6
275 493 91
58 17 45
846 194 77
900 604 66
873 753 46
403 707 71
482 512 98
883 49 47
645 379 31
219 857 66
801 111 27
561 633 25
289 276 36
317 165 41
483 914 82
461 12 33
190 826 9
705 655 89
81 595 6
113 723 95
440 253 43
368 301 91
743 790 11
998 621 54
665 497 1
437 481 82
122 598 20
872 755 43
871 607 12
974 946 33
669 855 92
388 140 78
7 243 93
444 412 98
309 256 24
841 485 51
435 295 99
209 672 52
785 682 72
21 583 26
208 121 86
442 991 86
701 118 48
748 851 62
245 94 51
398 995 7
843 288 53
343 254 4
238 175 78
473 545 10
521 33 24
401 64 31
533 405 62
995 380 86
451 344 7
361 407 66
812 538 53
436 997 58
109 169 68
73 781 22
563 723 20
727 379 67
913 548 91
136 904 38
404 905 43
412 565 79
907 657 98
997 965 52
50 642 66
616 336 52
108 31 34
14 832 19
29 117 46
29 431 50
447 116 10
140 156 70
161 954 92
231 235 34
964 248 86
424 659 55
878 353 54
216 157 64
520 115 35
860 894 49
625 650 98
826 463 5
663 54 90
884 252 21
293 654 15
409 401 85
950 812 30
43 337 37
4 821 62
951 550 61
335 461 98
224 903 19
849 552 56
478 940 85
654 504 45
6 375 52
546 20 17
735 865 27
487 620 20
683 677 98
786 393 26
809 447 34
767 31 30
132 811 63
218 357 46
95 336 96
148 935 22
393 500 60
400 363 92
753 956 35
123 668 80
714 936 97
906 923 20
685 929 30
259 887 52
706 862 48
379 38 42
594 623 63
857 478 83
694 782 99
673 611 59
540 714 100
748 78 4
447 319 38
830 289 46
196 922 42
55 160 90
699 662 3
191 858 23
211 959 6
81 642 56
578 548 47
909 558 83
638 305 88
426 575 86
218 29 46
655 869 35
780 467 46
8 631 52
853 603 6
454 821 53
587 762 24
63 757 11
644 227 8
592 918 15
42 267 2
748 86 72
249 885 56
450 150 75
255 675 32
10 566 87
695 95 93
194 60 33
211 379 45
942 780 65
4 612 9
916 192 92
364 938 17
687 154 20
69 476 82
761 994 28
19 810 72
240 245 56
455 111 16
702 910 62
979 667 37
757 860 58
549 794 100
672 971 71
333 466 5
977 182 89
508 504 100
767 417 63
569 327 36
106 492 94
893 875 26
637 798 81
927 780 55
284 306 35
287 591 69
222 601 15
620 625 94
650 656 90
549 39 75
850 716 31
326 457 92
92 916 55
184 565 97
986 535 22
889 273 23
496 426 89
453 311 97
592 432 64
477 36 89
367 186 80
797 549 49
637 482 49
753 99 53
704 474 78
978 466 2
117 57 33
365 135 56
275 978 74
794 622 85
563 883 97
608 72 89
945 499 63
366 82 5
167 437 33
129 419 55
835 19 28
512 295 7
45 858 85
438 925 22
5 556 63
856 291 8
903 455 66
891 987 46
826 326 58
222 558 47
198 7 21
21 276 74
857 943 26
707 506 48
792 598 46
103 868 84
340 10 2
884 294 68
32 72 82
983 931 78
652 607 37
434 84 72
180 587 6
622 487 10
974 969 94
231 996 38
309 402 6
815 454 77
493 268 95
174 771 41
156 608 84
258 871 68
656 967 29
395 786 15
21 437 38
628 987 88
148 922 25
95 382 100
982 710 75
378 301 66
88 381 42
624 257 97
193 587 37
274 733 41
977 692 41
668 906 98
68 259 16
639 136 80
458 186 90
561 138 56
285 477 16
79 789 25
584 475 47
587 834 30
174 252 59
686 404 13
99 392 85
271 524 26
388 222 67
710 15 51
891 808 28
869 700 68
997 28 38
50 234 57
989 46 84
256 615 39
521 472 89
971 116 68
790 573 98
542 915 73
983 450 67
134 401 68
1 509 74
645 776 64
542 551 24
61 797 12
313 902 86
110 144 26
974 917 62
593 660 18
718 440 16
397 10 84
596 237 93
329 812 51
51 12 22
759 280 94
752 186 88
33 919 80
865 840 22
978 761 74
897 632 11
732 999 56
444 920 82
85 212 97
890 748 78
385 765 98
671 428 31
611 284 20
897 898 12
438 680 23
295 20 42
84 312 38
311 840 70
96 936 62
801 870 58
781 224 5
805 949 93
700 940 1
746 952 60
429 149 3
161 334 46
522 513 93
865 684 57
246 760 68
775 640 79
428 392 48
94 926 56
843 446 14
814 519 9
737 49 73
410 506 95
478 116 13
325 426 42
427 11 69
224 299 17
587 750 1
700 294 30
190 673 58
765 428 56
591 636 51
431 586 62
545 711 80
862 374 32
484 4 89
563 388 56
849 785 97
275 417 33
797 764 28
291 393 15
81 809 61
935 720 67
641 187 29
577 841 70
247 179 54
842 314 86
676 98 65
836 429 89
599 732 77
618 757 50
408 751 49
279 615 8
962 227 67
468 524 80
599 772 31
650 981 78
819 67 60
479 531 93
311 704 74
140 418 14
337 270 23
146 567 76
650 944 46
376 786 46
277 427 39
45 202 3
668 789 88
382 428 15
715 871 77
353 814 52
560 889 12
321 350 89
995 594 34
988 351 25
781 518 29
639 926 10
557 427 29
708 64 98
36 460 36
129 784 64
232 289 23
451 354 32
137 311 70
404 290 88
407 644 35
166 60 38
567 769 93
229 945 7
431 660 39
641 391 7
816 180 74
396 470 12
203 321 59
657 659 3
921 293 27
782 341 100
366 706 50
829 970 88
592 128 7
402 178 31
847 784 56
107 108 53
400 103 44
149 621 1
797 875 59
984 682 31
43 915 5
411 929 9
46 145 91
343 630 57
936 810 41
674 696 26
942 334 59
634 99 52
517 598 70
736 782 76
401 759 33
539 821 42
581 473 90
73 110 42
312 774 3
967 661 65
416 776 34
927 937 59
969 73 17
306 800 43
160 739 51
296 735 22
869 888 33
787 879 30
727 461 68
836 539 84
299 522 95
714 318 88
92 200 54
266 142 29
186 981 67
81 319 5
955 230 53
686 3 99
821 194 72
632 912 19
169 552 26
606 793 33
327 517 85
80 902 49
739 358 1
425 507 78
453 52 19
882 195 94
440 894 68
647 796 66
39 89 2
757 818 25
420 9 53
975 926 98
226 172 9
410 900 13
473 323 25
555 390 93
495 903 18
6 563 69
680 837 95
687 734 58
579 143 7
606 319 38
966 110 17
873 836 95
194 189 19
768 582 55
804 663 42
311 976 26
333 541 11
726 773 45
612 315 38
806 51 11
937 681 79
567 292 88
809 264 52
851 890 73
473 109 58
896 340 69
106 75 3
906 293 52
282 716 56
568 109 88
131 663 88
622 905 88
522 296 89
356 634 58
338 294 79
894 272 32
411 489 11
862 39 65
910 153 98
280 185 48
472 7 55
337 998 28
900 13 45
243 655 51
168 924 85
949 690 10
813 757 35
175 324 36
807 87 50
887 711 62
822 948 6
907 277 32
996 954 38
501 227 89
249 901 34
373 661 57
207 556 15
996 635 46
187 224 67
47 383 36
551 257 43
43 288 49
914 107 10
486 160 67
842 413 42
902 967 18
715 936 19
916 2 3
652 689 29
536 666 25
477 787 28
400 571 65
632 704 90
485 562 95
148 326 96
121 938 29
117 509 82
309 93 12
259 423 30
951 202 48
95 353 4
36 814 12
766 918 72
157 208 84
497 167 27
626 960 59
131 460 91
747 710 93
559 595 65
737 675 99
437 974 4
860 901 7
986 647 69
616 462 36
224 267 22
340 749 82
822 21 92
791 427 60
538 227 88
826 739 95
579 429 43
384 912 96
414 856 4
947 687 15
617 389 82
703 350 58
124 893 7
110 997 73
777 877 67
559 469 6
800 422 16
347 717 12
165 154 45
545 936 5
900 437 51
695 32 16
201 268 11
817 761 2
414 650 77
172 210 85
302 3 25
710 970 76
438 36 99
446 782 43
684 119 75
400 773 55
710 615 35
985 829 62
266 255 29
83 657 72
872 766 90
215 24 4
5 770 6
484 302 90
595 715 78
544 80 97
728 624 62
158 231 24
309 524 25
408 614 30
271 125 43
25 855 80
530 804 52
852 978 79
252 561 1
762 219 67
192 751 77
336 973 33
256 21 52
680 66 34
771 855 74
372 210 43
0 967 97
92 951 58
978 999 37
184 533 5
72 744 12
447 813 89
761 237 50
326 305 82
183 600 56
568 995 47
480 309 62
865 154 4
975 220 27
517 579 23
707 257 80
256 482 23
788 179 61
376 391 12
785 502 49
837 754 89
875 265 2
395 752 28
457 41 40
229 35 34
473 330 17
6 644 38
558 414 34
943 544 58
125 544 91
743 541 81
583 680 53
836 475 70
787 163 91
900 685 69
398 401 3
508 651 90
491 869 77
483 54 98
451 374 54
306 525 32
89 495 53
217 864 70
401 462 41
896 663 55
581 509 96
69 26 22
926 170 46
689 753 57
615 274 60
255 30 4
584 296 80
822 831 61
56 73 57
906 526 86
499 58 74
248 952 53
842 896 81
738 552 31
180 463 20
974 148 62
22 44 14
510 333 2
666 282 58
947 458 39
649 384 80
125 309 75
158 535 17
680 87 63
632 482 36
712 594 74
350 818 7
955 418 48
479 302 6
459 951 40
587 489 60
476 959 68
151 470 19
184 64 48
652 343 45
400 827 54
3 354 87
288 971 46
386 479 16
281 324 94
555 51 17
243 839 92
508 696 56
663 49 67
436 648 78
716 804 64
626 250 5
607 852 29
77 192 78
169 1 64
667 742 67
464 120 88
875 42 56
359 45 66
192 331 57
102 500 42
567 38 10
352 459 87
408 160 35
528 144 73
510 661 54
244 560 93
691 314 28
925 613 71
450 586 41
270 270 80
948 631 82
600 620 80
394 491 59
909 720 5
36 230 71
974 261 45
226 388 53
857 134 73
479 142 64
482 239 7
981 772 92
364 274 61
150 96 82
438 642 21
355 65 92
992 8 71
226 345 14
674 990 56
943 710 8
670 649 58
331 505 96
849 108 2
412 37 77
361 762 20
399 426 48
53 159 45
229 79 93
109 485 52
202 487 31
253 241 49
774 297 14
927 486 31
526 497 59
268 700 12
698 906 65
481 257 44
757 179 73
866 353 9
423 805 64
17 179 66
572 485 55
834 318 59
826 463 8
287 453 68
29 300 91
321 795 2
111 338 90
668 583 14
890 795 73
540 606 14
672 200 18
58 416 95
57 883 30
630 594 54
76 55 5
480 591 20
977 445 92
683 641 60
419 528 36
254 551 93
915 99 70
288 584 65
374 123 52
514 338 92
142 148 72
287 156 51
330 714 46
136 255 2
416 386 29
140 896 42
182 528 14
241 648 10
441 292 26
992 649 35
158 977 51
926 224 49
935 240 84
819 172 65
798 740 62
654 318 18
499 530 36
566 582 82
697 734 86
683 608 83
26 744 62
24 14 71
335 174 51
470 679 63
758 825 70
381 279 65
556 26 91
866 247 19
563 513 61
950 359 30
94 772 16
14 381 86
966 68 56
821 837 51
900 331 11
319 56 81
192 850 65
619 258 77
494 842 78
151 792 75
884 618 9
318 211 100
739 724 67
255 397 15
239 403 51
509 265 81
340 444 5
387 526 67
131 358 32
680 342 43
540 711 91
1 653 21
224 356 61
999 602 5
302 893 31
59 63 77
383 120 36
967 876 51
433 812 7
886 914 32
105 122 47
613 103 23
221 819 84
664 536 29
864 691 26
881 622 9
960 269 94
43 844 5
132 752 62
139 67 89
831 150 38
149 695 29
116 482 10
392 38 23
409 954 83
95 910 17
888 248 14
280 92 95
139 621 27
654 522 73
303 170 73
742 453 38
120 871 75
808 893 74
482 305 7
985 137 97
517 551 85
131 850 8
553 295 98
371 979 41
547 694 52
276 793 98
859 882 5
687 713 79
66 170 93
535 104 29
306 907 30
153 522 74
39 156 69
114 490 24
577 758 53
58 835 26
292 528 6
837 27 60
735 534 20
541 878 51
504 819 50
675 918 51
484 675 91
849 147 100
794 492 100
982 808 35
332 915 51
949 452 85
405 344 63
180 567 49
609 313 62
588 927 73
919 547 37
416 738 45
239 383 57
620 130 12
463 957 71
414 883 34
815 665 16
946 631 75
457 544 13
92 772 77
901 982 87
576 830 68
85 208 2
13 748 77
965 766 15
922 506 66
612 131 1
891 111 43
382 802 30
576 151 5
269 296 93
774 585 33
294 129 20
357 442 77
935 543 98
29 154 32
626 57 49
579 922 31
594 44 38
78 389 33
768 913 84
595 49 63
942 174 44
926 848 9
583 390 34
13 369 73
800 560 35
861 371 77
913 46 98
410 842 90
920 465 95
281 605 61
149 60 73
54 34 88
258 35 60
379 169 60
470 962 92
615 925 60
248 355 21
672 180 41
642 27 30
829 355 6
286 941 49
320 795 32
126 531 63
421 71 57
734 885 15
980 874 49
165 626 30
356 780 40
302 901 18
512 268 32
96 720 5
136 828 44
242 228 79
724 502 15
939 68 8
235 118 43
54 627 5
460 949 32
672 521 13
810 662 20
951 145 22
89 480 44
609 99 40
175 833 40
221 179 9
849 617 86
410 789 1
47 823 93
24 267 56
77 89 39
286 879 37
927 564 33
11 168 6
987 607 57
334 632 45
428 266 10
693 325 13
174 121 61
667 946 8
78 194 14
290 469 29
615 158 46
895 735 92
36 788 49
953 423 26
418 248 74
351 475 3
243 124 56
96 512 21
269 522 43
470 772 17
956 116 29
756 52 48
722 201 75
513 514 38
573 165 36
223 100 96
395 469 46
624 926 19
151 801 76
713 699 85
289 955 49
276 983 32
857 347 29
45 545 44
638 293 28
517 974 23
553 989 75
221 0 80
647 449 83
771 626 3
793 904 22
775 835 62
944 284 32
488 512 5
345 508 12
793 516 94
203 981 26
931 159 48
95 461 89
50 68 18
788 834 99
265 860 73
993 767 89
520 892 66
956 786 10
846 965 93
225 152 53
827 817 93
933 922 10
731 156 85
802 586 97
397 95 80
289 375 40
950 362 84
103 834 65
916 370 39
40 777 72
997 399 64
661 717 28
852 412 14
999 91 53
379 93 39
860 688 97
576 473 97
590 680 26
295 23 2
333 308 63
779 877 19
68 196 95
89 323 11
164 462 15
900 682 94
700 862 72
534 776 8
25 387 99
500 914 75
573 375 60
40 567 17
859 469 73
463 305 30
278 96 59
100 645 87
311 534 8
981 371 24
333 775 55
635 665 13
954 781 2
808 543 51
333 565 28
243 560 68
352 866 61
270 640 36
784 658 4
674 130 50
516 285 13
425 193 71
35 930 25
527 652 79
233 171 84
220 324 30
670 337 54
526 117 28
744 378 48
600 66 43
471 555 17
389 72 26
655 643 82
797 402 73
847 351 79
32 677 67
576 408 11
811 883 39
109 17 34
999 542 5
236 784 98
984 621 51
916 565 33
567 480 12
226 913 50
706 721 80
153 933 7
324 944 42
893 93 49
24 239 31
17 735 80
349 342 60
975 873 66
297 342 40
482 955 7
843 829 12
221 379 90
156 60 27
910 379 81
43 609 8
570 764 100
298 967 87
279 184 48
775 536 8
582 907 99
982 68 70
366 702 45
622 671 100
203 718 80
440 494 51
254 952 68
49 345 37
409 642 85
852 614 16
452 902 56
376 664 76
608 400 27
478 127 30
73 897 11
582 89 31
210 436 57
159 785 51
50 672 19
235 36 17
205 98 35
492 180 4
182 379 74
184 262 43
654 319 59
275 308 39
696 702 16
36 197 40
65 545 10
647 573 51
567 30 11
298 804 20
691 0 43
727 461 27
280 667 60
998 89 96
970 923 57
375 327 80
275 442 4
47 483 20
877 182 14
260 404 14
899 724 99
903 994 29
792 6 18
497 926 70
185 929 9
67 719 63
180 659 11
941 460 77
245 333 95
649 650 73
38 887 25
334 593 81
929 262 26
837 353 16
517 74 64
381 688 4
627 347 25
602 93 80
927 92 81
788 626 53
473 198 9
188 992 87
322 953 65
978 559 66
359 944 2
880 100 44
30 369 64
150 964 93
483 509 39
236 396 39
445 704 90
524 766 8
259 178 1
4 539 90
862 933 62
582 629 72
549 452 48
501 714 50
306 948 55
458 490 88
938 734 93
212 739 84
900 706 43
911 136 34
573 298 53
534 37 46
425 287 78
593 974 2
418 750 49
863 383 90
569 715 7
481 77 59
166 442 62
668 213 3
650 390 43
133 134 35
986 452 82
357 52 7
298 943 30
422 41 32
587 28 90
886 908 49
746 428 37
898 53 75
763 131 47
981 968 30
622 221 56
324 312 10
409 943 16
854 761 84
565 109 45
417 865 88
10 772 98
89 596 64
734 703 55
280 235 56
930 904 16
929 539 51
422 152 100
954 278 88
552 560 35
189 743 91
223 22 36
350 585 43
462 322 86
592 396 37
469 952 48
604 367 98
573 454 29
987 637 40
534 869 87
267 315 78
281 47 63
111 909 97
777 986 66
719 711 36
499 403 4
154 975 2
944 413 43
16 815 42
812 375 54
173 987 60
365 214 41
251 962 70
57 666 97
188 397 25
877 296 64
522 389 19
158 942 26
475 492 40
872 818 56
797 304 48
372 554 67
479 713 67
484 631 77
147 340 89
992 316 85
522 984 50
747 676 95
106 997 100
694 193 57
204 983 91
849 557 97
199 566 15
302 192 4
790 326 98
326 445 44
295 904 25
515 241 9
13 759 40
579 175 57
772 637 9
646 669 11
532 524 62
81 450 90
668 883 54
669 106 95
914 946 15
936 984 90
174 20 63
526 878 69
941 590 46
90 741 20
603 493 41
440 251 74
105 684 67
530 27 100
339 171 51
76 153 64
931 962 19
793 199 22
145 725 77
342 94 75
753 464 89
428 31 70
629 327 52
676 257 81
729 652 40
304 207 97
426 326 75
951 827 42
123 111 50
978 127 23
800 624 91
664 109 96
854 772 93
726 124 74
112 611 30
677 78 15
16 1 54
366 438 33
907 278 7
331 308 33
309 71 88
317 765 64
979 865 34
467 782 78
984 643 43
874 617 3
246 37 96
699 78 17
181 244 99
254 107 35
240 565 25
316 701 23
181 830 23
28 210 41
170 850 30
779 924 60
777 904 54
313 124 85
360 399 25
424 910 32
832 438 69
543 475 54
509 22 88
641 900 60
831 580 71
306 296 28
602 706 85
812 529 58
176 862 3
546 901 3
409 735 67
948 256 53
478 268 36
710 22 29
239 527 76
108 810 44
13 197 25
752 197 38
382 126 75
481 112 64
837 655 72
989 263 2
306 882 77
473 52 31
768 998 73
131 389 42
706 466 24
312 197 97
79 972 38
341 812 39
83 790 85
999 139 31
302 599 58
115 196 64
967 959 87
461 381 39
452 323 2
786 150 17
852 185 40
636 23 89
558 160 96
501 877 12
303 791 12
731 139 26
681 645 66
176 714 18
268 445 94
553 485 6
415 545 62
308 560 12
295 619 24
145 681 68
725 49 46
759 955 17
902 470 7
744 406 73
984 762 38
487 702 78
586 418 80
462 161 4
133 593 95
251 259 14
608 472 82
953 267 49
944 425 70
828 638 13
159 603 48
828 6 6
609 95 84
484 338 56
21 662 99
137 821 27
801 568 72
542 320 63
658 228 95
802 422 96
178 80 30
181 847 87
992 621 4
128 946 79
412 922 69
373 426 89
193 417 66
751 608 75
394 541 87
255 722 70
289 19 68
378 736 57
994 263 50
25 388 70
640 880 12
439 175 62
252 740 12
632 137 24
748 222 54
633 823 64
733 946 71
956 957 10
424 357 17
181 321 77
358 561 21
458 439 14
561 724 58
67 180 44
166 884 96
470 802 70
813 111 51
719 305 80
956 424 82
907 728 3
570 777 34
247 565 10
827 454 31
168 780 95
976 529 9
643 382 60
284 642 43
141 422 49
607 454 16
556 17 11
153 800 80
394 918 70
580 341 95
535 709 55
799 240 43
121 531 3
667 293 75
303 731 86
571 487 71
145 441 56
265 786 96
211 579 13
722 790 28
144 781 83
115 1 49
198 689 15
929 461 11
704 532 60
46 997 95
182 361 36
52 508 21
734 429 59
778 384 13
872 762 67
780 161 88
64 752 74
323 57 1
442 916 11
806 171 88
983 288 56
170 978 70
52 657 58
278 886 86
401 651 76
207 696 86
496 785 25
364 446 29
386 901 45
530 261 40
84 307 11
630 98 1
148 55 88
782 513 88
413 373 80
467 747 41
632 273 79
727 73 75
680 984 2
2 152 82
558 948 78
741 836 22
564 874 94
460 71 25
973 646 66
248 568 74
835 501 48
842 728 23
674 328 4
20 579 25
629 876 10
174 247 5
522 388 7
735 526 72
976 910 48
872 593 93
480 510 36
622 545 47
962 838 55
530 536 23
77 390 29
141 194 25
77 777 15
106 866 1
471 995 100
663 770 2
592 272 5
519 552 12
593 83 18
403 134 49
347 555 10
434 230 33
391 215 33
675 117 21
53 944 92
795 934 25
957 677 58
396 628 24
82 666 1
64 6 36
657 166 83
718 290 39
698 209 7
68 78 25
416 270 56
754 754 32
296 452 70
798 142 33
203 307 88
907 559 56
369 180 73
265 590 57
911 353 38
307 503 36
659 318 32
918 764 3
672 108 9
376 453 19
313 79 32
599 914 6
563 343 81
523 720 38
792 494 25
16 706 42
1 740 1
204 118 79
708 214 41
488 180 97
41 106 22
512 899 36
944 609 49
559 398 77
230 265 78
308 75 96
328 753 97
646 353 42
521 448 74
616 163 28
278 855 35
247 511 38
798 126 33
791 751 5
792 674 80
176 739 44
995 5 64
259 165 77
285 365 80
555 584 23
404 481 59
927 612 84
390 811 35
604 424 24
581 733 77
613 253 35
988 661 6
383 442 21
724 92 65
381 85 55
146 91 87
683 424 97
735 478 59
500 810 65
292 915 62
803 301 38
138 701 41
754 50 30
416 771 20
884 132 33
581 224 13
748 400 84
154 317 7
9 679 15
451 444 89
37 414 98
751 880 78
739 631 65
850 994 74
372 443 13
494 804 70
56 52 97
694 651 40
645 64 96
770 697 75
814 115 42
71 166 79
753 688 66
62 304 73
411 121 70
76 360 77
862 570 69
136 495 38
942 128 7
615 874 17
267 754 85
302 97 32
604 447 25
85 98 7
520 728 84
762 247 30
796 185 25
88 795 40
592 755 15
354 193 27
940 998 40
244 477 75
26 303 3
458 166 95
458 203 83
853 743 40
608 663 12
988 403 28
737 328 96
838 495 53
430 320 77
502 349 15
769 528 13
555 390 19
684 791 89
4 270 94
956 788 61
730 255 90
140 924 39
380 789 69
83 482 92
956 478 45
204 976 19
43 930 40
88 920 66
787 687 18
632 856 44
160 958 16
721 729 100
434 344 36
755 503 98
398 463 49
47 548 39
634 576 9
950 685 38
925 972 17
381 778 73
208 719 91
644 442 22
745 652 37
514 85 64
620 576 57
559 648 57
358 588 10
754 755 1
239 116 4
570 190 11
766 910 58
756 28 43
484 420 84
899 759 51
392 515 22
663 453 9
175 635 28
257 302 84
435 322 36
151 363 98
159 607 37
119 850 82
292 669 9
570 355 62
828 608 50
423 616 97
497 932 25
145 809 85
543 659 100
778 313 74
13 646 88
760 402 30
761 521 64
453 488 10
277 518 70
997 202 80
46 446 70
269 676 10
242 915 48
417 607 46
810 840 40
216 109 49
27 264 27
32 970 62
165 548 55
986 713 1
868 568 48
220 237 74
725 411 67
707 354 46
996 593 52
996 93 93
