1000 5000
934 175 30
200 416 95
71 40 22
419 929 39
914 678 20
239 834 57
740 353 26
707 996 80
233 387 93
801 429 76
605 581 34
436 411 32
481 455 67
863 688 16
156 773 77
569 622 29
187 60 69
219 382 19
418 501 25
793 156 47
547 741 49
139 533 96
375 168 67
48 851 65
859 734 32
942 256 66
227 149 12
900 291 90
529 864 30
532 835 39
157 85 87
865 261 2
965 35 51
162 611 88
949 892 96
918 244 48
996 349 25
976 567 42
9 704 43
768 763 72
741 324 99
12 407 43
519 796 99
902 189 16
658 442 38
535 241 76
388 681 52
502 722 13
852 492 20
57 327 4
505 53 100
125 202 31
540 581 75
367 891 65
469 525 94
209 721 28
324 805 89
161 712 34
615 17 52
742 403 44
377 970 1
601 442 3
731 630 40
572 528 7
158 1 99
309 356 8
621 373 25
100 629 94
318 821 9
992 183 36
647 466 35
91 497 24
591 359 72
33 643 17
226 309 43
290 108 37
167 421 76
528 343 56
812 934 91
236 635 28
687 830 56
93 38 53
27 14 68
825 373 2
102 567 71
366 788 14
341 769 16
367 304 82
278 36 46
61 29 80
934 904 73
604 422 1
662 707 54
337 249 86
174 710 91
41 34 17
979 316 34
682 986 25
942 968 80
711 12 17
560 89 28
127 766 22
811 648 79
193 250 3
826 240 53
158 799 54
631 112 6
905 183 57
333 731 58
472 202 29
419 877 27
848 457 89
616 851 56
204 664 74
938 768 77
834 758 34
107 433 95
870 947 10
271 725 83
897 474 61
826 154 17
564 322 49
454 101 34
513 251 66
351 786 37
555 268 95
638 874 84
956 371 32
151 65 77
864 535 4
454 187 92
54 401 6
622 733 54
994 837 3
872 886 61
271 822 99
52 895 71
339 725 94
812 901 61
552 347 31
562 493 69
329 31 29
518 850 79
331 972 55
235 17 21
570 876 73
972 743 90
448 241 10
314 367 92
628 631 90
856 510 56
815 670 25
852 69 51
662 256 33
615 705 5
288 788 19
131 427 89
438 574 17
963 31 13
281 613 23
521 36 100
771 534 64
633 726 100
268 763 60
869 935 23
257 590 59
826 454 23
279 115 79
757 32 38
493 781 24
909 833 76
437 946 1
658 379 48
743 14 34
331 425 97
345 56 62
314 471 28
842 524 65
748 584 74
872 332 71
315 623 11
214 20 37
669 813 4
9 579 53
317 942 66
197 97 20
617 137 75
621 882 19
110 679 84
292 208 42
800 808 68
57 633 51
766 597 83
968 590 11
572 892 59
734 136 66
249 754 41
420 130 1
975 861 24
817 586 77
309 620 45
677 910 98
478 339 88
846 109 80
438 489 94
45 902 63
393 937 13
2 752 75
296 937 73
522 327 91
120 696 78
45 162 61
681 128 38
516 873 55
127 235 30
518 579 55
973 425 99
46 173 100
768 637 96
674 63 63
979 127 73
406 46 51
148 884 85
220 376 7
768 832 56
774 919 4
503 670 10
192 281 29
196 140 34
717 65 85
161 622 92
946 668 18
483 433 24
655 353 53
909 909 55
777 769 56
133 575 36
470 203 15
509 341 54
125 109 37
544 612 53
425 674 86
943 449 39
784 122 75
813 847 26
927 564 93
674 740 72
854 421 99
137 916 54
94 743 97
718 915 97
671 768 10
186 816 52
584 163 27
932 762 94
112 714 84
718 629 80
229 658 84
653 425 41
363 236 15
999 618 50
617 488 23
92 422 38
952 330 95
183 793 33
933 410 2
374 427 72
413 50 6
931 303 75
8 542 85
141 313 75
744 908 91
913 469 75
58 246 62
268 12 1
609 558 79
829 687 72
660 963 8
475 785 71
323 49 91
741 897 16
244 730 88
709 562 29
494 919 16
355 609 17
317 718 82
967 432 44
76 289 52
572 163 67
21 936 34
768 757 88
121 741 3
275 752 83
149 965 21
77 87 45
356 731 23
487 916 91
976 888 52
29 253 99
1 404 64
227 945 48
871 16 24
526 56 88
650 978 4
881 476 9
831 151 63
777 394 69
442 306 71
933 25 54
339 115 72
140 566 70
805 848 6
386 357 88
534 44 86
807 859 28
231 581 3
387 270 70
266 987 18
401 584 82
73 559 30
692 770 67
906 445 11
751 667 47
481 173 36
812 59 35
781 959 23
354 554 80
547 958 46
452 759 23
303 228 23
0 601 60
604 213 20
139 185 23
296 14 63
876 303 57
274 622 89
385 577 100
406 33 95
604 691 67
197 246 14
840 274 9
825 604 17
174 500 49
355 317 20
370 780 2
180 387 29
443 692 40
946 802 16
999 677 99
622 756 37
564 829 13
430 839 86
212 541 49
0 635 63
8 292 54
598 939 42
357 610 55
677 405 62
892 242 47
43 216 91
568 777 86
544 238 89
702 209 47
631 621 4
286 573 31
820 239 46
744 824 65
261 380 45
930 690 86
908 25 87
695 238 43
523 968 53
628 679 67
452 535 73
915 878 66
60 698 41
340 178 82
66 76 96
965 2 1
480 722 70
321 713 98
524 377 80
348 847 50
582 330 21
822 178 89
948 759 93
575 316 32
507 933 35
910 517 57
690 808 7
304 549 68
399 737 62
393 480 30
313 917 38
533 801 36
835 965 56
423 82 35
617 171 75
337 307 13
510 299 6
828 16 31
776 353 17
726 605 33
631 285 28
163 171 61
172 416 54
438 987 54
351 7 43
425 461 27
148 933 69
977 104 94
504 456 20
690 128 29
486 40 54
139 351 59
0 546 14
220 76 6
744 192 21
344 337 21
503 982 65
205 595 17
34 852 88
98 199 3
288 56 84
325 315 11
570 274 4
774 130 96
876 754 87
543 458 22
816 418 23
278 333 43
81 27 91
621 330 91
486 171 73
981 902 61
418 837 87
384 469 46
399 452 2
616 982 85
553 871 76
745 676 58
87 85 9
200 239 30
765 267 79
548 640 82
388 365 13
745 538 58
381 456 83
407 799 36
588 920 70
925 51 34
90 705 43
814 693 23
78 50 22
59 573 83
322 255 10
76 955 43
570 808 27
868 396 7
709 99 48
945 485 89
707 49 69
284 203 29
716 363 73
36 854 73
391 954 32
843 28 77
389 850 80
220 575 40
413 991 49
636 320 11
161 335 3
976 346 40
383 742 96
53 705 46
255 551 4
340 818 77
803 983 76
628 459 16
939 740 35
967 232 83
774 321 21
605 59 84
498 752 78
135 898 86
585 18 69
282 110 12
457 121 39
148 355 54
103 254 25
740 923 62
952 779 100
965 807 56
741 53 47
294 22 90
445 846 21
288 835 51
146 775 9
866 265 80
464 316 41
118 480 9
560 91 2
623 117 55
380 873 22
395 431 91
26 615 16
392 969 91
889 753 88
444 225 69
360 382 89
604 209 84
919 887 12
243 389 1
334 581 62
863 75 22
907 802 21
771 50 50
17 413 94
884 914 66
590 892 41
772 875 88
17 3 100
726 931 4
285 371 37
501 715 67
38 48 26
126 161 55
312 559 81
357 259 62
190 150 71
197 372 14
371 498 47
715 806 43
881 913 62
4 439 2
447 542 46
607 828 60
51 889 96
205 440 88
797 988 88
748 185 80
980 74 57
466 687 36
821 94 14
273 187 95
214 573 36
410 972 41
627 371 23
304 667 23
35 407 93
507 664 91
74 270 87
727 971 46
809 294 94
187 820 83
334 191 82
541 120 32
157 319 74
673 174 97
406 101 37
473 519 63
189 468 77
440 336 35
927 837 32
947 812 39
866 877 80
146 248 73
953 292 64
669 314 37
320 156 28
253 240 99
872 551 30
418 736 97
871 672 10
274 342 46
127 105 61
142 156 34
47 273 42
180 197 45
747 536 78
814 634 1
819 756 93
111 522 79
424 181 88
485 930 56
498 556 77
799 461 91
612 329 99
539 49 20
607 546 53
366 198 23
78 423 1
371 49 58
870 715 87
571 797 53
602 370 82
30 457 10
851 840 81
945 662 42
269 367 82
635 779 38
898 6 57
362 759 93
393 108 15
441 985 31
531 140 1
158 199 97
658 668 85
569 505 52
232 671 16
696 354 55
916 276 43
909 263 23
463 170 49
309 661 51
436 71 36
6 767 66
302 259 55
407 16 61
439 147 54
778 891 23
538 79 61
409 59 24
359 952 79
123 775 10
826 198 73
357 252 51
918 142 92
36 835 15
354 621 34
968 39 29
134 974 44
851 104 11
291 283 3
817 473 36
460 998 63
558 275 15
330 164 29
513 633 46
958 523 44
36 960 53
293 35 54
753 943 83
965 533 72
636 624 89
324 496 8
277 358 63
885 936 80
352 909 85
644 802 68
63 630 47
192 837 33
72 414 35
568 230 19
536 560 97
128 54 99
686 423 91
904 639 60
681 715 64
740 752 75
630 683 19
685 90 91
378 950 23
855 264 87
181 389 51
831 397 10
392 882 19
40 467 78
186 213 81
238 566 28
294 99 96
670 190 51
422 971 96
420 151 96
375 246 4
33 11 22
357 946 32
365 114 15
847 456 19
515 738 55
442 581 20
106 475 64
344 916 83
733 872 75
184 635 47
951 922 43
349 587 27
537 968 42
93 965 7
335 727 22
89 997 45
839 36 57
6 433 41
555 786 88
268 56 39
399 505 17
99 120 59
755 259 35
89 755 28
95 126 35
382 111 31
792 268 39
946 947 43
678 799 45
144 719 97
531 743 59
120 792 94
667 93 63
221 629 97
961 483 24
143 637 55
668 987 93
822 13 47
3 953 50
265 606 63
423 423 29
868 579 54
414 402 41
966 33 44
396 304 77
940 172 65
87 250 13
287 220 13
141 83 28
302 209 30
235 567 8
152 971 73
101 562 46
773 143 90
880 729 29
968 167 24
201 681 53
209 204 12
924 554 77
549 111 59
3 958 71
334 733 52
296 740 26
401 248 44
556 994 51
297 614 78
233 538 40
604 463 24
684 422 37
675 7 40
627 788 62
322 237 33
346 979 86
936 413 40
299 449 47
723 119 83
27 747 90
546 619 90
456 417 96
795 674 47
119 957 82
771 231 54
536 127 9
447 415 39
25 947 69
217 669 68
816 789 1
177 588 39
273 51 52
133 966 91
817 462 88
308 110 84
145 320 41
562 439 24
587 661 81
658 583 61
663 159 43
626 873 86
631 960 64
188 139 79
880 918 25
470 788 98
438 34 36
989 906 91
540 330 24
273 42 30
703 513 8
665 468 62
366 906 69
35 836 10
10 652 43
305 737 79
901 225 28
356 967 84
192 565 34
894 173 100
399 889 50
622 597 72
390 750 6
969 24 55
706 516 43
608 606 85
250 428 4
579 720 77
411 226 64
830 339 8
364 623 19
319 78 52
305 159 41
466 181 58
426 718 49
625 545 3
93 171 71
22 257 72
36 365 94
782 872 4
279 420 84
195 473 61
856 432 1
41 892 29
911 724 84
951 891 23
28 756 83
718 253 84
315 475 14
762 394 67
866 582 83
59 545 79
164 353 5
766 919 5
799 431 38
677 681 38
454 306 18
908 225 35
260 282 44
51 352 14
896 709 69
470 366 16
275 767 37
173 258 24
917 151 11
893 208 24
444 905 26
79 626 5
743 594 25
51 130 22
339 110 37
845 177 69
152 704 84
347 618 78
663 937 28
918 268 22
778 643 29
870 437 65
197 298 70
56 611 13
317 619 85
872 264 23
957 406 73
100 62 30
495 992 78
675 402 75
784 518 82
355 584 82
897 378 55
484 621 62
978 212 54
632 159 21
777 987 55
850 216 50
667 673 38
913 310 31
263 27 27
301 991 69
811 368 91
14 245 85
699 49 60
775 515 93
461 481 86
39 273 90
223 987 44
324 101 29
226 453 56
853 51 43
982 801 11
168 769 82
837 532 46
444 686 46
99 853 51
185 683 90
668 995 69
269 377 96
440 539 13
391 518 25
564 898 1
117 320 27
600 786 20
143 74 75
245 84 81
253 158 18
408 224 31
944 336 47
152 606 14
902 514 61
364 468 64
505 851 30
664 894 13
799 604 34
664 427 77
432 390 81
190 275 20
213 968 39
388 573 14
493 488 91
418 931 28
565 174 5
167 643 100
509 642 16
623 582 67
952 423 12
480 242 36
439 981 54
136 868 67
286 557 49
90 298 5
165 68 1
742 643 90
942 966 58
763 275 97
738 997 1
237 67 10
923 681 17
344 769 8
465 828 99
500 435 33
703 599 59
141 211 88
12 577 14
38 23 76
588 964 66
654 468 28
55 515 96
999 698 76
242 290 46
717 578 30
435 750 3
616 641 87
410 433 37
131 539 33
980 549 24
522 903 22
346 160 32
905 320 41
93 970 13
631 670 24
956 678 69
819 912 58
480 232 62
393 105 95
41 647 41
94 985 65
125 348 33
136 601 32
246 714 28
491 700 86
32 31 40
262 537 70
762 442 42
848 536 39
914 817 6
519 703 3
45 653 21
736 898 51
337 490 95
725 28 91
616 747 51
959 259 47
561 208 18
60 577 13
161 440 14
71 355 13
13 127 19
375 124 86
665 127 55
972 691 81
939 598 9
193 998 27
448 1 96
258 124 2
841 713 8
859 129 52
574 684 9
553 834 43
690 663 68
99 673 66
381 46 39
873 480 93
504 282 70
189 435 28
264 174 68
545 186 10
354 545 43
973 958 43
51 611 93
378 6 52
26 705 84
864 384 22
761 57 94
992 119 18
29 125 11
142 96 54
715 37 51
990 966 93
78 201 65
576 787 53
162 298 67
466 870 88
879 557 14
763 784 8
872 420 77
425 114 86
556 281 5
81 284 28
391 714 27
114 28 50
707 279 27
858 904 85
220 616 45
826 939 7
936 737 47
957 460 40
292 272 8
884 519 23
143 430 54
797 641 10
896 71 97
501 793 88
292 703 84
127 140 3
876 864 97
754 483 76
673 147 1
786 759 54
137 926 39
826 786 50
431 715 1
131 514 19
530 328 63
834 576 81
916 898 72
926 593 95
648 502 39
183 639 72
130 148 1
152 768 64
686 32 25
229 473 84
72 237 18
11 932 24
161 847 74
500 746 66
942 182 33
957 271 79
789 158 23
114 618 48
738 239 8
295 45 30
254 585 2
12 468 94
75 752 86
12 224 26
294 160 18
528 304 33
148 846 28
455 93 33
208 978 71
787 718 59
887 654 48
235 596 16
304 242 53
415 691 96
588 507 56
51 617 90
285 579 51
940 312 78
784 29 3
354 229 15
789 409 30
311 224 60
750 710 82
808 385 40
186 164 15
450 820 85
19 656 19
52 234 38
636 588 76
211 651 44
430 88 36
238 868 73
875 173 13
722 292 38
290 211 29
571 851 23
73 818 68
996 750 17
982 163 1
115 651 98
922 333 74
202 478 20
493 0 71
38 607 89
15 905 76
624 605 26
132 944 40
992 493 64
321 362 67
597 734 45
871 732 94
840 966 8
0 545 47
492 252 90
816 207 36
327 360 44
436 791 95
709 671 23
544 502 1
13 782 64
846 211 64
402 24 43
582 778 62
10 913 73
420 201 53
642 42 33
854 792 71
476 427 15
738 534 80
766 64 37
30 708 17
793 231 91
933 69 57
159 696 60
374 794 25
391 611 65
314 885 91
260 766 92
545 355 14
721 606 72
316 967 31
699 472 40
660 597 57
335 651 99
59 88 26
117 237 25
809 99 66
792 622 9
569 12 99
258 746 10
249 347 3
35 196 4
519 931 68
739 165 67
747 436 59
746 455 8
989 543 22
0 530 96
900 10 19
366 770 6
897 992 61
958 691 37
55 139 94
422 501 74
551 706 81
633 154 19
262 772 34
80 781 80
715 63 20
464 974 35
360 760 50
590 571 68
620 422 57
302 828 28
712 481 10
733 543 44
847 377 38
826 460 50
404 802 14
356 707 93
78 646 18
127 764 68
895 264 22
176 721 57
233 756 43
542 90 92
679 246 63
20 22 58
504 983 6
229 863 72
684 807 49
396 47 69
963 303 26
673 371 79
17 743 70
132 795 10
930 990 73
269 232 60
449 363 97
516 427 8
546 376 53
564 890 97
782 762 94
286 708 33
904 185 72
655 861 64
169 544 62
736 702 47
825 739 53
519 0 48
370 990 65
81 403 31
956 255 32
587 129 15
433 108 35
117 400 32
833 995 86
270 593 14
200 482 83
847 704 19
676 244 21
982 478 13
104 229 3
361 390 69
323 208 90
381 839 66
550 638 81
375 513 40
597 829 75
467 669 56
544 459 92
369 470 79
363 906 74
421 55 91
763 807 61
1 437 81
491 526 87
843 726 44
679 702 26
662 468 92
8 782 50
147 193 65
130 970 88
424 702 61
30 945 52
403 757 52
720 879 2
346 268 41
6 907 70
766 882 34
165 85 67
711 693 27
152 958 97
84 746 18
828 333 17
184 742 57
829 638 83
243 520 43
820 35 48
236 371 9
548 277 6
224 26 98
440 703 20
221 390 2
721 342 92
883 56 44
886 499 55
761 244 95
693 221 96
116 873 2
305 357 66
4 113 54
480 219 48
693 776 63
261 334 99
259 602 52
237 398 20
913 23 50
897 146 34
284 709 92
679 879 29
707 352 96
986 753 86
853 82 62
528 115 26
962 953 77
706 451 65
299 547 96
68 604 77
698 563 39
656 934 30
660 954 63
749 741 13
893 751 59
973 903 27
914 726 29
610 912 67
612 24 89
182 950 55
183 403 92
375 700 49
842 13 50
878 936 7
160 282 49
661 824 79
805 419 48
223 845 16
253 456 4
516 858 53
889 927 46
833 705 82
804 769 19
228 575 26
152 147 97
371 478 19
182 512 60
201 748 12
475 217 43
699 201 27
759 895 22
635 869 42
33 377 22
602 86 26
400 49 87
84 947 57
462 605 23
313 678 68
21 166 2
211 988 29
769 220 6
500 883 72
218 410 6
727 370 45
117 742 99
378 664 6
484 24 17
693 993 35
130 394 43
998 221 65
374 768 33
868 361 53
327 474 29
404 807 27
887 307 13
278 894 22
877 879 17
245 808 60
577 640 43
932 321 34
559 745 1
422 649 63
819 16 33
584 907 3
830 68 23
357 895 40
112 234 6
923 115 78
694 344 96
409 773 45
374 84 38
568 334 98
90 999 68
773 685 100
978 780 54
978 201 41
736 226 80
506 165 6
0 284 92
173 877 15
251 8 75
906 525 40
18 533 16
851 68 61
263 215 68
97 356 62
617 520 60
856 648 6
747 477 6
537 344 42
179 664 45
295 972 55
976 580 22
528 758 33
386 30 94
578 553 66
733 648 71
789 850 89
387 620 29
401 970 58
529 731 38
958 265 69
766 162 87
912 52 94
629 451 24
61 551 16
249 536 49
195 513 32
903 721 72
241 929 35
724 193 3
92 732 84
394 485 24
208 883 56
445 775 21
314 413 27
237 395 30
496 574 43
111 426 40
664 524 69
409 626 44
356 215 7
983 779 5
906 640 49
326 89 29
280 923 28
974 241 29
343 475 31
142 988 72
560 317 41
885 484 6
873 62 87
739 961 93
810 510 58
973 959 18
979 967 74
600 863 8
63 924 34
165 338 62
529 1 87
591 857 73
278 392 20
179 533 72
238 137 5
647 995 5
181 613 19
529 331 4
768 185 90
253 493 52
241 709 87
44 747 6
135 459 72
727 110 33
522 438 42
480 324 81
850 321 40
607 176 42
246 285 18
621 990 81
154 653 84
228 824 89
487 924 7
756 585 53
460 16 61
652 603 20
9 414 68
407 828 71
777 304 51
11 771 87
112 193 20
877 168 99
206 753 86
965 743 88
926 327 73
580 651 83
681 22 75
222 548 41
151 519 78
489 717 8
775 167 58
760 83 76
201 268 13
253 192 4
991 255 12
132 832 52
127 257 75
695 363 15
248 876 51
499 550 93
421 591 62
702 951 18
699 363 68
143 689 94
531 764 35
149 173 25
13 59 70
83 912 16
789 322 37
974 357 4
88 854 49
431 788 20
267 584 20
818 51 26
382 969 11
76 192 67
312 283 8
234 693 79
727 468 98
61 743 54
301 962 90
712 370 33
838 92 14
589 724 77
363 242 56
346 191 5
968 589 60
600 374 4
521 82 74
750 789 97
442 342 16
19 647 7
921 538 95
774 395 44
797 686 65
692 423 55
706 823 89
289 946 45
489 412 29
95 736 12
319 499 44
393 155 14
824 222 30
820 958 17
844 585 22
49 929 1
888 968 86
347 688 93
596 563 79
759 800 29
110 654 67
577 164 38
277 992 99
82 794 28
993 328 12
642 608 95
553 517 94
627 79 74
549 290 15
642 562 26
773 501 50
954 90 47
282 662 50
576 926 28
481 65 67
236 309 4
605 239 71
766 289 42
167 839 43
278 121 94
923 836 25
124 650 34
416 241 29
640 279 21
2 242 29
979 883 27
359 904 61
933 950 30
380 691 3
388 947 64
886 935 49
755 867 45
57 140 62
305 109 41
140 370 45
159 805 74
807 726 33
747 150 64
504 187 95
624 78 14
394 63 63
276 460 99
68 443 26
327 547 52
694 138 25
209 231 73
54 587 48
141 703 17
34 648 35
653 520 48
154 351 83
327 632 67
287 734 92
569 347 64
261 468 94
379 618 48
824 470 43
902 369 27
724 339 63
929 681 45
77 606 61
23 716 80
405 629 50
852 782 10
844 898 14
280 807 42
122 749 78
243 251 98
399 566 91
404 180 45
45 584 33
652 228 5
121 913 48
384 492 98
929 23 16
318 40 98
374 717 47
615 130 76
738 854 84
521 798 49
668 589 27
217 840 61
211 464 85
743 631 28
539 15 85
130 466 45
174 406 61
338 392 27
126 616 59
265 771 76
84 25 48
681 958 18
696 427 27
755 582 12
275 435 7
443 627 40
637 854 37
179 899 13
234 431 13
409 659 22
3 391 16
222 983 53
732 26 81
746 644 49
515 919 75
906 657 27
967 523 48
555 183 98
860 840 34
939 738 8
925 462 27
293 730 62
817 760 69
685 501 18
958 331 86
926 319 30
81 384 15
780 413 15
258 703 49
848 231 15
77 315 89
332 431 20
32 897 54
912 554 8
904 257 30
538 321 16
363 431 11
422 962 62
52 278 44
145 727 68
982 201 3
751 270 37
293 229 35
746 118 45
455 771 29
931 884 29
951 708 48
188 762 92
162 146 57
793 780 65
1 33 46
129 519 2
435 465 91
376 79 46
854 666 97
516 927 39
924 454 98
915 918 7
807 342 36
738 926 14
622 851 34
173 968 56
504 661 60
786 744 39
2 662 25
306 591 57
502 539 29
201 603 91
271 128 48
993 170 15
741 606 80
576 666 53
421 692 95
638 199 12
107 326 3
122 911 92
194 300 35
269 892 81
431 838 36
715 58 91
91 833 32
785 249 27
378 115 29
178 936 4
673 159 81
112 896 2
470 791 91
519 398 11
780 583 98
429 659 73
267 722 57
252 750 25
292 293 56
695 377 39
342 83 59
789 164 64
731 623 39
792 157 48
983 822 78
344 329 10
896 451 6
23 346 20
460 173 14
639 433 72
820 513 11
126 455 90
91 680 37
433 152 34
952 467 46
756 895 6
774 219 7
66 883 79
144 516 42
938 223 57
269 782 65
387 849 83
351 240 85
206 202 61
199 424 93
762 431 63
657 640 82
126 709 63
506 832 15
208 642 34
224 509 37
874 954 76
609 642 15
368 776 69
589 704 79
207 596 39
372 872 26
111 810 21
859 908 23
605 555 93
903 33 27
210 337 28
934 608 51
982 990 22
338 271 28
647 781 29
434 416 34
704 722 95
945 235 61
713 680 23
492 101 81
19 580 84
89 865 81
898 112 75
894 593 30
26 772 84
198 499 56
182 705 33
829 167 66
140 220 22
669 132 25
41 962 36
256 47 82
371 567 60
668 229 33
680 256 32
970 983 28
665 521 82
643 115 14
318 655 73
512 306 82
476 396 4
190 173 21
314 22 27
956 691 93
912 743 34
853 42 76
919 437 49
734 246 13
78 492 76
595 30 4
428 71 62
84 885 92
553 361 37
364 176 56
850 803 17
63 805 46
600 666 12
860 766 96
541 958 81
173 548 20
442 95 89
692 966 58
256 904 95
279 151 59
352 692 15
884 334 57
210 945 87
780 996 77
635 255 8
47 274 95
575 715 95
250 618 97
300 213 38
208 680 41
139 538 47
42 504 27
222 14 20
642 659 90
824 675 23
528 781 65
463 376 34
436 37 61
616 993 38
859 146 100
549 400 55
98 389 45
976 743 88
443 271 70
714 897 9
452 272 100
966 120 42
622 414 18
450 515 65
471 408 40
637 75 11
238 344 50
780 732 28
885 661 3
81 9 19
883 211 40
457 240 60
708 784 20
524 274 22
945 620 69
507 678 71
548 198 96
608 747 80
842 239 88
391 516 37
423 598 2
13 772 72
511 723 90
39 256 12
916 596 66
844 835 21
323 866 75
37 43 94
473 962 13
180 431 35
826 468 41
624 365 30
440 427 44
930 318 58
423 387 11
594 30 60
16 555 21
194 364 25
739 657 15
777 417 74
701 737 42
836 901 29
640 454 39
710 629 34
718 831 51
334 883 30
125 677 12
470 864 71
323 805 32
991 453 61
711 306 53
11 634 52
924 621 50
886 211 95
424 72 76
599 445 26
980 187 49
369 225 58
561 481 25
39 104 84
118 343 92
780 623 99
878 485 52
116 12 55
603 326 6
750 907 84
454 716 38
692 98 1
365 623 17
152 762 26
804 121 81
740 736 42
670 471 79
641 441 23
788 879 51
944 182 5
297 914 98
565 51 1
702 559 55
399 963 74
411 915 79
973 919 93
972 595 53
583 568 42
907 948 77
785 339 90
532 301 11
147 298 80
444 305 51
69 151 33
771 782 2
102 392 2
703 567 15
331 510 62
797 452 29
642 384 17
602 637 41
122 476 84
378 422 11
753 806 95
888 598 34
1 974 70
344 124 74
78 679 98
748 285 95
569 604 39
33 544 97
833 623 1
473 330 34
198 403 100
459 722 23
618 970 41
583 692 46
903 235 32
435 204 13
580 896 71
244 733 67
543 707 53
546 34 69
938 887 90
624 8 9
34 291 34
38 793 73
369 404 11
665 495 19
54 186 73
709 69 5
618 119 2
197 121 72
437 310 66
593 695 92
244 648 40
378 414 32
599 62 53
73 229 53
912 766 14
237 333 47
406 930 65
183 84 34
325 907 39
228 507 4
989 510 2
753 608 73
774 49 5
35 533 79
559 850 86
1 582 28
619 985 92
631 436 16
612 520 16
592 425 73
695 501 78
49 931 67
160 262 92
963 751 98
974 666 87
516 710 2
764 488 77
324 62 45
660 593 2
163 396 16
251 914 8
108 538 80
479 442 74
906 259 13
788 537 36
632 83 94
316 735 33
783 285 19
516 702 1
319 168 63
527 706 63
427 793 86
435 148 73
738 200 74
852 17 88
51 444 40
623 598 67
216 32 21
360 890 75
297 928 59
955 214 55
817 213 19
106 220 84
261 466 73
705 34 34
735 413 64
929 440 52
245 994 75
34 736 19
949 849 26
164 780 25
160 344 39
679 530 29
419 287 8
477 56 16
99 703 98
611 799 16
900 658 70
194 188 49
670 174 50
568 983 31
704 883 56
970 651 48
171 116 79
517 155 18
931 758 39
826 781 74
649 514 56
484 885 47
432 743 44
409 671 29
196 965 52
352 832 95
981 675 72
788 632 2
170 500 99
267 298 92
524 721 19
720 547 55
538 306 22
617 529 52
980 475 59
269 236 10
136 524 25
989 227 54
916 272 81
942 218 77
706 213 86
216 474 80
514 89 47
723 196 44
99 777 8
906 940 97
203 726 27
16 686 80
350 962 96
710 45 36
67 882 80
708 697 86
264 743 56
122 370 33
109 463 88
468 687 36
18 630 59
743 208 3
240 408 38
820 215 68
702 805 69
196 843 91
473 198 24
957 964 64
58 108 23
952 464 12
398 835 24
42 634 99
803 394 41
663 95 31
85 478 66
626 107 19
126 330 68
42 442 22
396 560 13
924 816 77
460 84 18
542 874 91
297 940 90
56 747 94
553 602 19
531 765 85
230 169 97
856 343 2
48 562 99
234 449 75
568 705 38
224 570 55
699 354 74
510 82 91
552 651 81
305 478 82
460 424 96
829 89 67
190 528 92
335 207 72
761 340 48
518 444 66
262 67 39
287 648 14
480 792 79
78 705 75
122 588 44
587 959 54
578 213 34
943 453 90
489 514 84
697 377 12
599 947 51
903 742 11
546 283 83
642 907 82
360 966 25
862 598 96
687 174 99
461 481 75
173 758 35
330 145 43
746 701 94
440 274 67
578 388 37
613 300 16
832 507 41
934 618 18
515 526 24
603 705 12
80 823 4
401 330 75
454 109 25
117 561 88
3 101 13
360 405 82
808 412 27
538 519 85
527 692 95
463 277 4
741 3 19
180 136 48
240 176 29
63 942 45
427 312 94
171 262 99
519 12 77
733 953 86
952 609 47
877 535 13
78 886 15
796 59 51
858 284 2
9 443 63
514 931 73
306 535 91
792 856 54
586 18 37
118 527 66
798 727 49
699 611 77
318 194 17
27 113 69
710 457 70
988 24 95
293 251 23
710 241 7
64 32 73
339 541 3
948 73 52
761 14 79
956 200 97
329 125 84
949 550 5
313 189 57
87 657 72
667 217 62
598 150 12
428 138 73
850 798 60
605 432 72
279 842 10
723 278 3
952 231 30
60 900 39
379 689 25
523 224 53
922 722 88
703 768 90
31 609 21
20 485 56
136 123 84
805 13 89
751 147 35
628 775 99
325 517 6
823 666 64
233 560 40
602 417 18
978 977 49
464 384 1
871 403 30
317 450 97
422 64 70
816 72 44
158 963 14
97 366 44
591 849 7
489 824 61
223 899 66
459 188 87
303 769 70
239 954 81
174 826 1
53 272 79
610 893 16
319 441 100
286 781 69
111 607 59
580 136 63
278 581 62
475 288 13
528 712 34
386 350 85
901 408 81
316 249 9
706 890 75
660 96 74
299 334 85
330 668 45
102 258 53
35 252 77
127 675 44
560 795 38
452 399 100
78 115 14
928 905 25
602 659 21
332 622 89
690 467 35
90 60 66
61 909 74
201 696 56
355 703 95
975 308 27
619 166 24
75 465 73
857 223 91
21 607 11
860 778 58
498 137 94
983 340 11
483 710 17
716 112 75
764 177 48
324 748 31
232 916 75
820 535 6
589 916 64
806 312 68
118 400 21
419 168 99
647 843 40
929 465 68
726 517 38
947 135 43
966 68 77
999 34 85
122 396 42
418 255 76
110 963 15
609 289 62
906 380 66
576 45 24
399 360 88
972 932 55
444 192 95
239 390 23
573 783 30
918 677 63
279 198 19
586 861 12
997 714 32
48 114 38
715 946 31
827 543 42
148 982 81
731 529 36
36 718 35
981 21 24
52 625 58
54 243 65
535 181 3
185 931 21
883 904 100
774 914 52
439 770 79
198 963 66
382 138 52
920 497 26
368 252 67
22 424 45
598 497 46
255 372 81
427 115 75
480 5 67
694 32 68
239 209 80
940 202 50
196 147 86
720 564 63
988 213 50
202 90 1
882 867 100
917 898 21
138 447 37
858 41 25
664 201 5
843 544 75
52 863 65
792 699 30
90 138 60
854 937 3
479 36 21
621 746 46
81 143 6
614 293 43
189 4 81
722 662 57
14 770 79
852 810 93
549 653 17
504 610 25
660 83 2
598 908 82
273 485 6
109 652 76
511 296 88
574 267 39
606 902 37
646 715 89
171 283 7
832 482 39
673 226 73
507 824 25
984 1 71
973 703 13
215 246 32
727 767 62
281 11 35
880 570 3
887 619 96
453 68 63
793 416 15
551 766 17
892 254 35
540 617 53
627 147 94
508 557 69
827 728 28
665 845 33
864 537 83
692 423 58
470 814 47
197 397 13
922 500 40
533 376 43
485 179 73
689 917 27
320 781 63
943 307 20
699 966 30
52 330 41
550 301 68
107 108 44
228 376 78
417 877 48
755 320 84
223 50 15
1 206 100
446 787 24
880 701 59
649 859 24
484 348 60
214 556 49
386 929 100
558 578 33
919 307 65
651 676 39
734 356 11
380 547 23
65 784 13
248 711 81
137 953 27
657 786 61
813 931 36
140 755 46
3 404 57
992 729 83
29 829 45
523 231 22
912 104 24
899 25 15
983 680 19
841 680 40
337 637 54
827 267 85
612 276 32
574 384 10
977 365 85
959 672 56
979 12 74
336 251 75
461 733 18
784 799 84
495 142 6
164 651 51
436 165 61
570 867 90
837 287 8
618 745 100
404 380 21
991 114 70
563 26 24
813 634 23
355 319 30
14 212 73
936 719 28
453 126 36
365 277 10
809 10 20
451 497 27
742 522 78
598 60 79
888 697 46
1 484 58
522 582 80
839 790 47
746 905 5
123 814 27
286 604 76
194 702 85
473 912 81
204 578 7
790 507 32
324 318 33
212 323 96
10 677 67
461 476 78
116 328 76
834 498 65
439 331 4
268 165 51
791 816 8
710 464 55
172 85 93
131 537 53
801 118 53
903 404 85
445 397 28
436 444 47
324 282 27
409 205 8
865 506 4
882 717 75
108 52 67
565 543 50
928 522 12
153 569 77
557 277 72
997 318 61
635 368 50
465 709 81
562 958 87
620 320 100
156 401 78
932 579 93
482 420 14
951 358 65
749 529 7
201 140 87
344 330 62
888 780 100
859 243 78
52 903 36
474 151 18
664 965 71
673 70 87
375 962 48
8 710 32
642 672 84
366 846 8
465 904 17
545 270 32
149 507 1
247 451 78
722 907 21
782 961 36
386 610 75
784 269 97
495 824 1
647 546 100
65 236 36
283 431 96
281 200 43
143 695 47
408 213 61
342 545 40
765 750 43
409 63 88
782 968 51
769 601 41
702 409 62
856 883 21
757 218 23
484 157 91
967 906 15
72 354 35
545 460 86
152 853 57
843 224 99
51 702 85
767 494 29
434 119 14
103 212 43
753 931 96
927 885 73
2 474 15
433 923 100
425 841 22
787 177 54
590 541 58
839 579 70
765 109 7
977 138 83
396 926 49
464 17 32
182 261 37
468 18 62
118 157 29
780 133 2
659 850 14
938 425 60
964 669 57
401 949 79
670 913 75
193 978 63
565 395 80
959 636 35
197 548 34
325 485 45
769 109 18
577 539 90
355 840 27
557 872 22
286 403 65
832 508 22
174 963 30
1 778 80
814 653 2
901 917 71
500 530 59
156 971 91
903 649 2
378 999 76
788 956 1
79 762 41
202 698 98
948 499 26
702 490 77
934 453 52
718 545 96
624 26 65
433 335 14
979 296 92
700 473 32
168 567 62
506 570 37
137 901 40
905 294 68
267 144 41
593 73 52
960 886 62
985 743 56
256 660 43
988 272 56
859 51 89
516 184 30
884 594 96
312 25 99
144 298 33
213 196 1
163 78 52
194 133 4
862 505 21
888 801 92
358 986 60
94 909 86
886 852 52
140 697 97
287 610 40
920 879 61
39 39 21
580 557 41
985 0 85
340 267 25
683 454 32
68 356 40
866 338 80
18 678 21
592 667 35
355 970 62
307 111 23
498 201 98
98 666 91
766 120 64
344 285 7
336 989 85
185 141 63
871 345 23
268 343 100
313 528 61
314 758 70
151 16 22
320 155 19
335 700 47
510 397 57
447 266 39
173 387 16
940 852 91
29 983 34
644 636 85
37 216 30
360 685 90
160 106 44
735 550 72
581 809 28
260 794 84
736 584 87
617 99 89
71 724 20
973 179 55
954 890 7
230 470 80
318 177 26
13 756 23
141 979 36
919 51 83
791 941 98
980 20 18
128 743 8
299 978 25
893 357 47
125 739 40
517 89 64
515 837 51
311 516 55
416 659 22
555 479 75
767 519 34
596 626 62
848 619 90
868 89 10
741 754 2
889 639 62
113 673 59
666 220 61
629 585 57
459 234 46
110 987 36
736 384 38
692 181 38
262 81 6
823 94 69
700 208 83
186 285 47
830 815 32
402 761 43
319 650 52
506 672 50
446 544 90
556 359 85
916 281 60
30 351 75
401 501 56
777 298 35
409 896 7
995 436 76
67 602 23
979 967 72
390 737 29
83 749 32
903 971 40
639 441 7
99 181 93
487 960 72
93 205 53
641 101 48
968 642 68
264 970 2
877 351 100
558 299 85
677 443 58
535 780 24
793 185 84
807 789 36
939 679 45
160 768 81
964 200 23
698 595 36
905 66 66
465 381 13
239 332 2
412 477 100
284 196 35
646 49 47
455 748 94
446 722 68
149 785 54
99 951 53
472 262 57
471 283 10
995 79 97
163 698 3
165 115 97
543 505 24
664 250 97
745 766 91
530 927 13
385 722 68
941 746 73
746 380 67
997 662 88
596 66 87
581 927 37
502 178 95
107 265 89
874 576 18
197 435 11
450 462 75
407 802 71
491 935 79
995 609 78
480 694 25
665 690 84
306 47 31
467 884 48
69 83 48
241 518 31
418 235 13
912 851 18
657 354 53
776 784 3
193 633 61
527 103 90
563 229 22
706 778 44
138 506 6
630 129 30
934 966 97
965 479 29
795 566 96
931 301 6
339 768 13
719 75 70
612 935 75
822 531 14
717 986 88
998 925 41
838 112 75
848 454 20
367 443 17
42 721 75
168 215 67
705 529 36
93 921 6
228 532 96
630 533 62
844 251 94
332 640 9
498 884 78
179 506 9
995 747 15
826 757 49
678 116 66
575 987 47
295 122 55
175 542 56
81 773 36
542 874 85
216 222 59
672 945 97
516 850 9
645 273 45
981 997 70
657 812 80
913 280 89
612 118 83
881 398 5
987 509 36
970 981 94
99 549 11
619 420 19
27 650 20
843 492 80
170 703 64
990 63 79
541 855 58
787 278 28
88 518 50
622 628 33
469 731 14
766 874 39
90 791 12
816 273 7
380 8 20
957 315 50
127 475 40
444 740 53
240 156 52
650 309 13
128 61 39
74 965 18
284 418 37
300 372 23
549 473 66
123 596 42
379 746 96
619 440 6
505 14 74
892 289 34
326 907 24
89 67 49
430 105 73
241 720 48
575 959 35
446 281 33
487 237 33
784 295 73
63 612 70
850 329 84
45 580 50
826 806 13
615 835 43
493 819 6
540 72 90
177 137 56
721 648 72
352 825 68
710 684 51
18 13 46
307 184 53
923 881 83
739 227 98
362 937 9
725 276 40
259 404 65
377 26 37
628 399 36
813 813 1
899 748 28
497 934 72
309 491 90
945 669 28
467 640 49
868 593 79
203 856 45
434 682 94
967 536 59
831 635 69
732 141 5
424 434 46
176 685 51
292 658 98
965 759 5
780 238 25
347 313 45
209 909 34
512 634 98
74 321 92
126 678 32
968 704 75
840 60 38
796 75 41
948 304 23
369 232 11
192 786 89
552 486 74
521 287 81
348 931 64
592 881 94
317 908 17
482 547 88
696 590 24
733 738 19
576 542 10
743 733 49
219 754 20
273 472 36
327 526 24
319 398 10
600 566 11
206 379 17
164 968 21
930 610 11
687 547 88
405 348 81
417 603 10
110 298 48
150 975 67
920 675 21
925 937 24
357 497 44
630 822 60
285 749 40
664 889 95
526 648 94
149 272 27
885 278 27
314 298 72
375 341 93
795 661 70
140 446 3
808 945 95
229 545 94
593 8 53
651 779 51
278 363 74
26 542 98
205 152 30
87 717 24
942 62 28
19 808 3
840 947 18
430 339 50
662 823 27
535 79 43
241 46 1
548 330 70
333 893 99
954 430 14
177 291 100
968 219 67
106 814 59
75 193 10
734 988 22
173 275 77
225 709 74
158 535 43
72 484 85
840 832 99
132 441 97
251 34 96
759 925 53
175 339 89
673 736 69
884 518 92
71 839 49
790 204 83
354 571 79
956 252 63
816 19 7
168 989 83
355 516 63
900 177 65
313 827 53
98 525 27
389 766 52
641 134 89
875 154 75
627 814 10
757 544 48
847 284 98
611 886 65
528 479 44
566 334 88
837 550 65
819 365 58
6 135 60
436 750 6
695 860 5
796 704 56
415 846 58
301 45 38
531 294 28
839 427 2
784 776 58
947 905 26
719 360 48
463 236 76
760 259 35
251 294 10
723 183 39
918 715 20
283 724 7
575 578 98
306 935 81
932 81 56
444 735 17
151 529 32
49 370 19
299 76 97
659 132 86
260 437 92
814 762 93
259 721 18
282 36 3
547 882 16
902 283 26
533 901 53
16 849 33
560 725 65
344 514 36
412 462 81
765 489 95
93 551 64
36 784 4
659 79 11
224 359 35
89 117 10
147 200 72
908 354 73
565 994 23
713 383 61
657 635 59
120 802 18
740 350 4
72 107 53
886 324 52
590 437 2
463 271 41
526 225 18
472 245 66
828 419 48
666 809 44
230 658 83
599 779 32
784 812 32
68 718 47
889 886 50
298 670 2
150 751 53
6 260 25
476 240 25
237 84 56
208 833 79
113 315 87
949 602 88
323 665 60
463 37 24
509 112 6
503 720 61
725 21 88
929 219 30
6 240 47
256 487 51
567 881 18
473 228 24
543 736 100
367 384 99
779 822 40
966 642 55
514 921 63
396 273 73
603 186 97
539 218 71
955 767 40
170 111 9
855 394 72
872 621 84
894 791 70
153 509 14
939 710 26
716 49 69
920 25 96
42 323 76
887 460 49
229 721 13
504 583 48
294 550 97
855 924 10
502 600 98
990 447 12
519 260 55
137 233 71
249 303 67
818 442 53
250 846 93
987 271 97
787 267 48
971 726 80
856 569 46
7 798 7
128 238 4
561 799 95
155 7 70
29 434 21
61 339 6
721 990 32
536 845 44
136 283 84
477 985 42
312 764 86
920 436 42
844 470 16
37 306 3
953 980 50
215 934 27
24 55 57
774 390 64
846 736 30
978 673 66
761 411 25
706 457 44
576 965 98
297 875 67
873 76 34
137 495 16
893 385 99
111 805 21
699 88 75
815 273 18
103 518 7
164 89 96
988 678 11
922 615 26
116 23 31
448 729 54
949 267 5
73 752 21
878 583 11
606 941 59
981 508 53
633 236 19
282 942 83
892 189 61
645 172 96
456 965 46
255 23 85
371 444 7
434 358 81
483 417 8
238 86 33
241 457 88
624 309 77
788 417 91
80 11 65
779 756 24
475 233 59
368 693 57
202 913 74
619 937 7
629 366 34
585 944 44
949 511 37
96 203 45
104 194 74
289 368 53
26 807 51
552 850 94
724 543 44
329 460 45
313 0 91
165 151 15
107 244 15
813 986 69
335 701 57
332 627 31
32 340 60
405 343 87
55 225 75
155 799 69
116 481 29
60 180 38
158 827 2
885 126 4
777 140 61
133 30 75
669 839 1
628 873 44
626 54 36
964 541 36
702 367 76
987 14 84
437 510 54
657 779 61
503 147 52
38 796 35
911 322 10
919 902 79
164 171 29
600 689 29
107 243 56
423 222 40
665 890 43
586 732 38
393 64 86
189 814 24
953 680 49
370 283 91
468 404 50
537 655 99
565 703 89
455 787 67
856 511 98
275 673 96
464 615 74
619 463 11
103 338 18
4 775 15
662 105 12
683 459 9
583 313 63
236 548 59
305 363 37
858 759 95
84 296 73
882 837 64
464 554 84
682 417 23
924 741 30
986 728 91
633 205 52
833 571 69
722 872 41
179 482 22
768 283 83
6 837 78
883 55 1
837 463 100
937 300 86
236 569 25
541 643 89
185 231 41
356 990 47
89 844 20
439 252 15
995 725 43
814 17 22
321 937 85
839 139 3
313 503 85
578 957 43
795 746 35
18 177 91
558 872 26
336 588 51
489 293 73
22 175 1
941 731 59
867 191 18
778 922 62
960 977 24
458 196 72
870 568 52
530 735 28
490 507 43
773 521 98
442 116 32
467 661 24
521 514 97
851 92 63
388 776 73
976 395 2
571 680 76
274 268 46
235 10 6
811 594 85
133 346 10
408 832 5
501 98 98
57 676 80
922 281 90
392 499 61
798 460 86
130 156 19
979 576 41
287 407 33
155 716 71
947 226 73
92 283 6
425 107 19
328 974 18
233 459 68
443 117 94
209 494 12
263 436 88
288 603 96
949 979 28
814 96 13
972 292 80
1 248 93
103 742 68
877 670 32
946 753 32
57 281 74
559 469 33
136 566 39
317 694 98
600 213 99
855 107 96
771 695 79
850 426 61
708 91 71
364 428 48
593 702 51
232 715 18
149 494 81
784 154 53
844 432 20
181 23 83
144 799 94
975 853 24
202 368 42
200 375 32
541 986 23
360 423 35
632 172 54
537 827 7
559 464 25
5 145 45
428 779 38
611 144 1
484 388 43
933 511 71
637 213 90
586 567 18
998 979 16
904 56 89
559 527 56
256 475 70
596 502 60
709 520 7
377 537 47
451 983 5
728 267 63
906 53 62
996 806 26
848 473 24
313 492 41
7 436 15
456 170 63
985 717 14
58 946 19
943 314 40
715 432 24
452 828 50
809 305 54
201 770 80
967 703 14
71 763 92
440 104 1
105 503 56
140 105 87
335 838 34
101 997 1
455 500 100
302 912 77
700 259 70
576 264 5
193 571 48
278 991 28
172 233 85
350 646 52
808 16 71
114 670 40
665 697 92
931 433 11
734 377 81
667 834 4
870 871 26
884 228 86
870 248 9
369 569 26
658 907 73
922 203 14
322 719 24
460 422 36
551 361 40
966 540 64
81 652 52
436 562 22
89 363 94
789 975 9
205 49 18
587 930 18
34 303 74
48 578 89
651 251 92
76 734 93
672 314 57
262 855 52
775 714 91
81 321 27
43 689 6
616 620 45
805 20 83
660 551 6
220 640 36
449 569 79
364 925 51
153 655 89
167 242 65
311 663 29
171 517 100
994 685 80
90 22 99
431 687 5
800 804 14
637 894 6
572 425 35
96 810 69
900 343 12
115 746 10
522 314 44
356 545 12
718 655 43
542 519 63
966 307 44
388 907 44
554 479 90
995 250 90
717 426 69
151 200 16
763 341 46
299 403 71
946 604 45
551 462 9
958 588 87
90 187 59
961 990 90
530 297 17
920 985 7
570 141 57
122 354 17
714 792 17
940 4 33
928 314 7
425 845 25
966 118 56
236 851 22
922 828 45
391 737 77
514 862 61
813 76 12
794 868 11
71 999 30
539 166 44
874 815 100
835 437 50
519 938 70
242 297 15
556 979 30
51 212 23
747 84 94
142 173 48
142 882 35
481 785 28
343 420 60
690 496 48
242 218 25
395 368 28
179 331 2
225 14 61
823 542 9
829 502 20
481 760 43
969 228 3
99 700 29
339 486 50
935 833 13
38 432 26
638 565 100
29 485 44
302 529 14
240 112 52
896 44 70
298 157 3
658 475 25
586 816 25
186 380 49
304 497 4
463 501 100
131 529 2
274 928 2
999 515 93
363 832 53
528 550 32
395 826 14
712 817 37
483 811 83
425 312 80
661 738 79
886 147 97
238 796 85
599 576 23
465 789 56
669 438 97
154 902 28
246 965 66
617 272 2
778 374 3
85 853 21
960 698 7
370 66 7
808 401 16
126 777 97
242 324 72
88 552 82
802 573 2
113 362 70
892 664 53
291 159 22
384 164 64
301 775 89
520 704 38
738 369 9
179 936 23
829 847 62
456 310 45
778 601 21
344 515 74
44 632 16
32 90 83
680 551 24
156 534 44
82 109 83
553 864 75
237 250 72
453 140 36
605 938 5
636 114 81
412 882 28
496 85 26
386 320 11
347 828 10
298 499 58
234 330 26
883 1 29
480 201 80
546 356 30
160 13 27
795 11 28
267 849 60
3 285 21
636 499 17
548 581 75
887 304 98
597 818 29
399 606 65
900 979 86
348 73 79
882 544 58
860 424 5
645 770 42
402 512 45
35 491 68
957 106 39
529 849 73
968 492 86
634 771 4
113 560 99
933 501 62
355 504 61
584 768 79
275 137 78
162 811 22
38 891 45
437 411 30
477 299 6
647 292 99
707 740 98
469 942 27
499 34 46
479 840 54
278 533 10
202 85 19
994 551 82
239 2 58
113 382 56
119 932 61
424 674 34
135 92 76
468 550 83
940 794 82
149 555 4
341 455 46
575 988 44
125 961 23
515 428 79
267 922 3
822 525 80
746 610 32
200 939 22
901 727 33
988 221 91
825 528 100
986 272 26
933 993 57
763 614 93
886 610 91
580 895 59
130 854 8
782 463 30
976 945 47
817 488 34
183 456 50
265 335 12
398 779 51
581 599 78
612 357 19
275 22 92
424 40 6
18 182 9
520 838 24
792 976 69
543 580 86
374 60 86
411 452 25
811 711 60
506 762 63
972 367 77
648 408 13
914 39 46
188 139 99
585 695 7
13 469 3
952 912 100
655 258 39
990 399 74
728 655 48
301 328 93
653 982 22
984 588 21
948 563 30
162 610 73
902 670 95
327 226 8
543 648 73
867 692 72
425 677 47
184 866 76
132 41 62
67 841 75
157 725 95
510 82 82
170 495 96
654 331 36
160 493 70
261 603 19
57 534 64
981 849 69
333 63 97
290 581 69
40 128 64
220 59 20
745 619 63
179 768 90
957 469 52
656 142 12
983 957 49
196 535 34
936 448 89
413 704 9
927 357 52
813 866 34
707 333 31
228 127 6
817 291 7
62 410 34
64 875 17
654 913 43
948 838 12
662 908 4
324 363 61
130 717 52
459 844 70
179 848 38
162 891 5
493 246 93
373 468 74
385 232 20
47 898 23
325 251 55
233 267 47
538 716 30
240 96 3
378 947 3
245 327 56
544 133 3
671 78 30
737 169 4
915 817 50
62 388 22
904 391 16
170 481 38
727 733 21
239 920 70
149 653 71
341 487 59
24 557 15
151 832 24
639 381 43
909 393 59
644 404 78
870 551 2
716 819 8
920 170 53
248 87 57
108 791 75
807 892 61
380 951 42
604 603 97
153 506 64
572 490 78
883 106 17
983 845 36
648 843 75
95 121 70
420 815 100
520 947 20
523 615 61
980 22 20
616 348 88
893 195 73
482 709 26
438 663 71
488 960 39
336 21 82
521 99 65
529 753 51
203 935 89
489 605 58
346 647 3
512 595 24
134 847 4
27 606 88
251 459 67
543 30 57
360 973 36
466 855 55
382 52 23
23 617 87
411 327 91
870 829 40
383 143 65
991 701 9
745 554 77
79 255 91
155 83 14
188 779 49
107 180 30
56 463 49
195 6 80
476 474 85
951 787 46
872 322 3
120 184 45
391 475 55
447 301 47
701 923 18
331 325 23
731 730 87
961 983 86
267 834 5
565 663 68
817 748 49
896 540 81
518 298 92
400 874 93
65 861 95
996 309 1
211 498 12
365 608 36
417 309 11
759 201 81
405 192 40
485 212 35
20 357 34
254 200 73
716 370 39
611 159 14
236 854 22
481 502 60
101 84 61
132 965 52
583 320 3
347 612 50
149 53 95
615 383 53
411 969 86
16 622 28
186 213 71
526 996 19
506 293 45
600 765 36
465 388 77
431 700 41
38 688 77
760 99 80
828 512 72
719 242 20
51 230 88
937 506 75
380 564 40
99 631 29
206 115 97
364 327 83
748 223 28
472 601 85
90 792 10
92 619 73
829 999 9
97 81 52
621 442 23
509 130 83
781 639 89
971 20 46
596 653 70
258 568 46
309 172 57
743 702 34
472 298 88
708 438 86
161 360 8
642 780 12
163 367 16
520 441 50
120 115 53
529 482 53
523 667 87
348 914 74
400 444 61
320 638 42
501 362 90
515 420 77
715 319 93
134 376 72
705 321 45
43 87 23
86 27 43
404 944 38
864 253 18
924 226 11
421 196 74
128 425 30
237 501 29
829 592 58
827 319 89
547 341 22
723 756 69
569 332 72
883 642 46
731 422 63
131 422 72
87 905 57
963 169 85
87 289 8
400 651 23
750 958 19
894 95 34
609 797 33
347 557 13
525 46 29
508 499 87
920 352 4
235 759 98
754 98 93
437 893 34
92 745 96
706 650 58
915 86 33
317 14 29
752 494 85
353 9 47
14 330 27
734 822 85
544 74 44
452 128 13
48 264 22
337 875 9
777 750 24
682 658 62
813 760 31
458 544 98
529 265 59
739 423 54
234 528 92
851 676 9
875 543 25
842 175 6
667 858 66
942 817 67
688 372 52
919 579 11
930 657 5
248 914 24
381 61 65
654 116 88
322 101 43
697 881 39
409 409 64
827 765 7
400 423 31
843 943 43
897 729 91
746 778 88
152 365 40
787 30 97
148 942 92
461 56 18
371 821 7
410 221 2
868 220 80
824 862 37
444 386 54
716 391 49
372 716 38
105 726 3
798 693 78
246 505 21
964 585 35
931 45 9
17 356 92
922 42 20
695 995 53
910 395 40
906 145 36
58 721 1
233 769 5
688 418 61
815 445 61
287 742 13
742 491 7
659 437 68
79 73 5
860 762 96
35 759 11
996 310 13
281 755 31
890 516 60
919 611 23
652 695 92
66 733 25
165 219 19
403 227 64
181 843 100
650 949 23
730 655 14
914 530 88
990 944 78
211 335 30
312 154 12
831 502 12
869 464 63
780 907 8
71 371 86
114 868 62
838 865 97
972 119 80
848 684 76
434 846 20
158 879 33
883 162 21
816 878 52
378 611 58
263 779 70
836 844 35
783 936 11
848 783 13
84 659 69
865 640 11
371 176 93
336 594 5
494 849 7
916 669 73
488 209 88
595 435 91
988 223 63
3 731 18
956 599 79
979 570 95
60 218 95
569 334 55
470 327 54
278 538 44
63 398 32
443 765 4
341 34 83
912 834 27
300 652 37
599 202 44
125 414 98
913 329 32
965 211 25
85 242 53
936 914 26
902 490 4
154 161 83
959 74 48
702 493 91
571 115 7
546 303 49
458 786 34
210 434 64
256 133 43
205 370 30
634 510 39
756 264 33
838 400 69
104 792 63
28 933 26
658 97 26
522 935 89
705 123 35
255 422 97
571 836 92
48 310 26
149 165 27
624 896 31
555 694 48
610 499 57
525 15 11
309 548 33
901 836 47
871 9 12
472 65 26
586 717 9
723 675 19
604 543 4
838 894 33
14 44 39
897 913 2
583 701 8
117 141 16
714 137 63
176 383 56
738 656 45
438 930 57
755 591 50
54 592 61
242 998 84
210 278 40
764 735 97
745 876 33
398 989 77
506 998 89
697 386 13
874 460 84
286 447 13
948 768 29
948 544 70
379 360 51
246 206 72
154 963 26
782 932 72
478 314 53
903 410 90
256 824 75
159 569 89
18 381 28
304 517 21
828 558 78
579 829 44
210 975 70
952 544 75
570 281 51
346 937 87
465 227 5
113 171 69
790 6 42
229 626 70
248 973 35
70 86 98
20 648 55
269 440 16
893 972 66
248 379 76
291 312 76
261 404 39
410 209 60
707 266 66
759 495 25
987 896 43
797 660 64
385 126 25
263 947 26
49 822 59
502 131 16
892 736 14
166 978 76
696 174 55
153 622 26
300 313 49
877 997 66
929 377 43
287 64 19
577 305 75
238 90 53
563 418 48
992 358 62
164 663 27
211 481 62
328 195 54
568 585 88
677 855 95
501 484 13
530 714 71
246 360 90
542 881 70
180 554 69
811 780 36
20 630 24
49 131 47
561 951 28
145 872 19
843 564 7
204 146 54
354 490 18
243 660 30
919 816 44
509 192 72
638 291 89
900 692 62
241 460 18
420 640 52
569 20 51
210 339 38
647 708 53
795 475 54
194 867 60
520 963 75
202 921 71
660 571 26
575 711 56
997 411 19
706 920 96
871 55 69
780 134 82
411 943 39
89 730 83
849 989 57
965 49 53
960 348 53
188 828 24
245 749 19
946 43 57
933 532 28
915 429 85
901 680 80
13 523 36
524 11 86
355 709 52
673 668 79
961 851 48
56 462 85
372 272 92
751 363 18
777 110 95
544 266 9
340 714 86
338 153 68
327 830 10
995 275 45
385 719 60
209 929 92
106 978 16
771 679 54
489 929 57
34 658 44
325 418 77
848 288 16
343 490 23
984 953 10
800 862 65
447 233 34
245 560 69
811 265 30
720 750 74
507 812 63
715 266 26
376 215 62
269 170 100
148 343 10
782 0 62
459 512 38
289 952 37
466 856 65
95 219 43
443 377 2
756 979 85
259 422 26
895 603 53
767 261 19
69 437 67
851 693 5
184 638 41
456 63 54
742 700 89
571 19 81
654 685 30
495 556 7
577 64 10
369 318 99
639 67 69
424 497 58
227 997 82
349 338 16
950 684 87
604 542 77
58 534 88
78 178 85
859 974 43
845 688 98
997 948 99
746 590 64
509 317 42
744 479 37
157 240 80
82 525 53
199 564 64
828 394 27
161 970 48
928 61 64
820 488 30
935 717 95
590 592 67
114 641 43
651 945 1
587 328 61
775 654 93
468 584 38
225 887 21
845 831 85
283 870 67
425 796 37
384 658 22
32 524 71
820 329 28
258 11 88
827 742 54
780 180 1
296 498 99
487 437 66
632 84 4
988 535 28
219 509 64
660 828 58
94 845 62
594 269 39
210 295 86
740 71 61
18 928 91
739 515 49
929 649 32
330 632 80
825 184 52
425 95 65
58 729 28
608 52 63
931 595 60
300 26 45
111 60 50
846 27 53
745 642 45
101 800 62
497 588 42
797 443 19
256 140 87
830 368 52
252 689 40
822 992 78
24 277 9
218 185 18
160 265 42
414 337 54
926 528 52
760 914 93
414 509 27
876 153 6
669 451 18
890 425 62
170 182 14
37 458 68
931 419 86
597 681 23
630 409 73
553 595 92
475 763 34
191 971 57
475 254 23
268 772 56
918 329 98
190 345 4
951 783 9
34 703 64
405 569 100
986 692 17
959 640 19
121 977 77
301 106 55
226 828 42
850 918 85
553 841 34
612 331 95
417 441 16
497 17 80
508 691 71
307 37 76
595 29 64
428 446 23
471 626 62
779 527 54
297 913 97
711 33 27
504 100 67
49 716 59
959 577 41
497 750 35
973 993 70
670 116 5
731 320 62
609 737 7
957 744 10
723 784 35
617 365 80
70 525 83
728 937 82
997 23 31
544 357 21
664 251 74
565 672 100
563 622 63
402 636 5
119 246 22
553 88 1
50 180 49
219 226 13
341 87 98
576 511 41
334 152 52
709 438 50
565 211 13
27 71 69
526 501 82
617 738 25
391 997 17
527 256 25
227 529 67
845 344 45
587 739 29
394 438 28
451 234 19
735 700 79
654 2 78
33 837 6
535 328 45
422 360 17
469 311 76
549 578 8
890 359 41
16 401 45
43 912 60
299 632 38
901 974 97
147 599 58
341 752 95
427 269 20
214 257 42
102 840 12
857 673 99
443 964 16
414 357 89
420 464 14
886 9 26
724 523 46
771 219 12
199 978 35
841 371 30
262 303 80
929 12 8
853 829 37
480 646 82
396 698 80
536 804 20
866 49 39
774 463 13
351 954 45
619 197 77
681 171 94
200 5 44
291 701 38
742 971 78
71 821 93
71 872 90
566 288 70
96 578 77
575 675 33
659 414 82
867 152 100
114 733 92
841 409 26
182 352 13
189 674 19
554 697 31
40 934 24
938 80 36
93 252 72
773 554 26
766 366 23
464 146 26
586 624 62
48 515 82
496 803 47
223 780 28
852 518 63
136 486 25
188 836 46
867 796 87
962 188 51
82 579 4
766 151 39
577 669 61
889 467 85
809 541 7
66 822 68
339 362 30
145 245 28
248 863 45
43 552 93
97 636 39
874 320 24
928 630 73
536 168 51
247 891 58
941 696 79
650 932 30
836 153 5
578 935 10
792 710 76
822 91 88
177 202 38
769 377 77
747 544 6
337 895 29
178 222 87
94 437 86
741 938 82
300 276 71
236 39 81
531 797 51
739 436 32
944 70 90
399 934 38
584 206 51
216 963 10
947 311 85
391 763 9
595 961 35
77 83 9
674 107 57
221 796 6
1 419 14
815 890 26
41 84 3
15 983 49
45 147 55
666 202 22
461 61 47
850 725 35
738 379 12
54 145 88
606 30 11
418 191 19
202 297 97
538 531 17
417 454 7
314 282 80
610 270 45
11 830 51
698 474 59
433 184 10
789 626 36
996 694 61
444 1 9
139 929 70
987 22 100
436 29 74
700 336 99
331 764 45
839 383 38
171 118 32
751 130 42
176 320 88
931 700 85
828 82 38
551 694 26
6 82 15
518 828 13
26 784 71
226 246 74
991 674 61
524 967 23
741 670 32
342 672 41
652 766 54
702 517 12
628 952 29
353 735 77
299 841 96
972 659 2
454 305 24
250 123 46
32 741 38
691 625 78
816 469 72
618 377 69
806 516 77
434 48 73
560 338 19
172 862 51
207 225 59
321 283 28
18 410 17
959 152 2
644 476 37
315 719 1
874 221 42
689 63 2
591 52 43
62 603 69
473 331 78
93 935 94
668 780 6
849 591 54
60 774 30
39 69 99
60 130 61
631 360 39
766 727 73
804 874 39
67 641 98
12 276 70
233 843 97
14 239 40
594 874 28
45 591 16
791 903 58
314 830 7
635 298 64
764 134 2
30 416 81
259 138 23
239 806 31
308 877 39
661 990 94
7 512 68
657 836 14
184 105 99
430 381 84
890 974 99
929 939 27
371 872 29
519 211 33
426 829 23
297 836 1
952 353 77
778 422 41
303 860 94
780 411 44
246 454 5
849 478 43
318 623 31
684 476 26
843 113 53
875 592 60
10 358 95
840 552 23
293 135 68
625 873 41
905 685 27
249 261 41
354 856 31
686 736 81
547 0 29
683 845 28
624 303 62
544 610 22
863 37 50
282 378 95
556 435 93
744 191 56
302 523 39
906 289 41
546 338 27
153 206 67
772 204 70
831 986 48
807 971 17
643 658 8
739 243 56
80 316 1
613 861 47
778 406 46
992 436 31
506 528 56
431 768 99
206 822 93
602 305 47
390 147 44
306 554 41
980 21 6
216 982 41
479 401 94
111 734 68
958 131 44
117 218 99
18 515 5
609 142 46
260 769 21
888 70 52
681 875 85
323 154 4
789 942 71
758 209 47
739 87 7
329 745 25
39 507 90
863 191 38
171 846 80
351 334 28
681 589 52
790 33 11
767 537 87
136 817 91
261 501 29
471 652 89
31 173 56
927 357 80
511 733 46
884 684 27
748 587 87
821 722 86
911 310 54
667 148 25
58 344 42
539 403 80
354 311 66
4 371 81
844 258 23
549 134 55
853 956 3
594 870 45
209 83 25
493 917 69
545 266 22
28 837 48
175 834 28
173 862 43
509 716 27
749 405 95
260 884 64
448 319 7
894 176 40
949 111 37
223 597 33
838 365 45
640 846 29
438 977 6
978 771 79
60 650 96
724 520 1
61 782 94
851 137 78
124 455 17
348 944 88
390 693 38
128 858 45
357 616 4
117 629 55
715 160 10
905 920 42
813 414 87
951 726 11
533 678 60
758 614 1
40 617 86
686 847 58
949 861 23
87 688 88
474 206 19
598 239 23
740 540 4
21 437 16
678 517 6
298 413 92
927 350 8
48 739 68
283 692 34
450 689 48
517 719 7
817 589 94
554 531 97
566 870 85
283 15 17
420 622 95
269 693 47
743 453 75
934 461 7
621 745 36
821 178 53
685 487 66
829 818 95
913 41 27
713 501 70
80 402 55
367 836 23
908 583 76
290 44 38
317 404 51
269 513 53
916 507 86
384 685 9
586 427 32
166 828 63
922 921 66
477 331 3
844 93 25
473 837 88
644 862 18
22 598 72
189 742 7
510 639 7
30 312 100
335 355 25
949 934 96
784 912 78
761 55 33
13 138 2
382 951 93
965 641 39
597 639 15
251 802 31
642 370 30
975 855 63
948 175 56
925 222 40
506 274 91
373 9 23
104 70 46
760 35 10
586 782 93
64 226 39
45 635 77
389 725 29
94 181 70
531 86 77
193 327 8
751 398 69
499 75 59
602 722 5
326 346 76
189 972 75
665 683 42
309 813 1
793 992 11
155 367 12
112 996 91
115 801 94
17 393 88
506 757 42
287 757 2
143 288 58
987 166 86
994 609 62
224 536 41
997 246 13
960 691 76
479 711 19
32 403 1
746 786 91
26 736 66
749 392 41
395 621 80
711 53 23
182 504 32
988 988 100
882 770 72
502 356 27
472 984 10
686 880 23
773 22 25
690 17 47
415 783 95
669 75 42
139 520 73
597 860 43
257 912 41
453 109 32
371 808 36
604 839 47
912 558 20
295 917 67
672 92 15
847 112 80
436 56 70
431 158 41
355 416 44
223 369 34
811 273 97
99 150 87
393 357 94
960 979 82
800 813 93
658 690 11
216 915 83
209 748 4
360 724 85
251 962 65
492 743 46
769 23 89
556 356 63
653 54 57
932 38 41
487 709 37
957 431 47
120 517 53
73 444 1
621 188 16
359 520 84
310 470 70
898 322 21
69 452 89
879 730 4
891 755 41
848 633 71
903 210 25
834 137 65
77 725 100
239 692 58
649 842 49
382 898 72
500 444 63
590 284 50
814 324 60
936 797 79
907 187 24
803 866 22
710 612 29
810 538 81
995 861 82
250 571 30
350 135 41
509 856 49
6 276 47
925 564 87
389 822 91
781 261 1
854 849 76
558 923 36
77 846 72
234 52 55
142 743 28
619 773 13
844 738 87
360 439 20
44 573 24
834 113 62
234 247 41
308 943 6
141 785 83
663 152 23
130 477 41
894 153 13
694 552 42
821 789 38
156 146 32
418 405 60
655 770 78
607 176 77
387 381 80
408 58 4
489 939 68
477 402 72
649 565 62
423 964 67
656 813 79
750 825 25
466 250 32
482 216 11
343 644 65
245 790 47
766 187 96
443 377 23
862 586 40
731 549 60
849 651 34
70 503 43
273 199 90
448 489 2
437 528 8
791 167 18
937 178 14
501 944 69
173 461 13
171 899 22
311 601 5
436 430 26
733 746 7
185 286 8
533 846 26
694 899 42
825 315 50
17 436 96
500 672 70
119 544 74
721 287 11
878 176 26
417 244 76
607 9 55
674 6 4
688 105 99
533 129 77
83 434 66
650 538 87
34 286 65
75 625 76
973 292 3
289 276 39
849 200 34
133 728 22
239 168 45
727 98 36
728 931 21
772 705 42
9 824 88
792 300 76
580 721 8
65 457 23
966 225 90
42 397 10
874 764 74
286 800 24
694 589 67
77 216 67
93 804 60
339 832 80
207 798 23
997 701 50
373 763 77
602 385 51
676 851 87
884 673 12
492 841 38
972 873 35
319 347 72
553 402 63
412 917 43
571 140 89
492 15 72
602 482 97
149 125 83
263 872 31
863 114 84
83 158 49
963 517 71
250 553 66
202 762 9
384 387 46
389 96 52
113 451 49
0 299 57
133 942 37
932 232 62
141 584 14
177 701 75
907 58 70
658 901 12
832 707 18
963 128 44
371 9 42
837 879 7
