1000 5000
269 337 74
819 817 7
555 763 53
704 658 4
807 990 28
163 979 70
222 536 54
206 968 49
861 45 17
728 301 75
583 575 84
643 228 67
753 940 56
536 195 55
362 624 21
773 377 15
757 791 98
444 414 27
406 514 37
467 4 86
150 407 21
739 914 57
709 892 29
226 922 47
863 112 68
219 903 66
143 300 73
503 738 76
640 554 46
476 416 36
103 735 82
938 693 67
68 96 9
295 390 54
189 517 49
886 954 78
64 885 81
549 796 8
968 328 32
992 267 48
254 731 8
956 761 21
765 958 41
531 616 18
127 750 82
560 218 5
547 167 31
343 455 74
343 465 35
503 381 69
283 624 91
198 514 9
624 33 94
643 310 79
562 748 98
72 586 76
95 628 71
772 734 90
368 910 86
685 617 11
681 63 53
493 40 39
322 408 70
957 299 12
446 288 96
901 824 14
101 641 15
331 893 97
843 798 17
960 194 81
626 570 52
514 396 85
671 964 79
134 595 82
477 240 66
409 563 33
318 473 4
208 870 100
694 552 7
266 452 47
269 826 70
542 485 84
249 436 100
798 919 27
458 559 95
302 115 99
59 835 100
339 773 27
886 451 54
66 322 26
958 373 82
608 101 57
689 531 15
584 736 98
84 818 96
593 749 69
424 880 66
303 36 57
159 782 79
473 69 96
206 411 24
783 828 22
113 629 77
165 749 81
525 195 90
469 34 51
320 854 92
391 119 37
969 203 83
969 673 59
762 999 83
151 222 40
319 519 56
257 274 4
270 644 2
864 13 71
634 885 68
795 620 97
60 608 44
243 469 96
870 341 62
21 489 36
104 974 28
550 128 45
214 909 72
63 160 3
126 119 59
179 600 83
649 114 5
547 964 19
585 296 46
437 871 71
457 812 18
147 521 77
437 853 63
726 323 100
845 464 92
387 484 81
663 919 89
797 504 46
373 466 38
805 904 2
163 950 13
783 463 18
31 467 41
122 211 14
177 250 73
600 501 56
550 424 78
409 539 53
245 899 76
499 434 92
632 98 37
297 358 90
960 937 11
281 64 88
520 310 84
886 609 62
116 711 72
105 487 14
123 555 52
188 910 67
219 198 59
856 543 73
32 139 44
602 628 48
335 779 8
465 795 96
879 39 96
911 533 82
61 622 8
252 214 5
957 839 45
170 498 34
343 725 78
750 687 53
904 299 21
5 408 11
387 30 21
201 169 16
589 997 50
788 955 12
824 739 32
464 123 41
454 930 80
164 409 62
38 228 58
486 748 98
735 849 62
741 541 37
463 698 37
979 182 27
561 154 2
190 985 89
398 475 80
771 946 87
938 50 98
623 8 22
22 460 33
471 497 78
859 86 3
454 331 38
751 984 64
314 178 65
701 335 62
697 960 37
15 729 97
266 595 94
495 149 74
293 165 40
276 519 76
170 94 37
871 742 80
340 13 44
643 499 25
62 789 98
144 561 65
751 219 90
502 957 43
487 43 7
306 964 7
902 630 23
540 396 21
88 504 42
771 258 20
712 613 70
590 121 14
407 8 28
76 466 80
210 26 29
840 418 63
290 693 3
24 750 63
790 871 2
369 91 33
922 412 68
196 656 45
498 7 31
17 609 22
727 673 86
869 477 23
363 275 51
107 938 10
91 920 26
470 493 89
766 175 22
374 520 39
256 554 15
17 392 87
534 943 74
904 693 57
727 840 68
857 729 28
222 472 78
631 765 38
747 691 40
316 513 20
611 559 91
446 529 64
94 712 35
104 753 22
236 354 25
771 868 6
21 362 6
110 715 29
233 634 3
995 197 60
17 875 51
722 512 98
277 853 35
446 218 9
327 593 52
839 784 51
926 946 93
679 967 8
157 720 38
97 579 34
970 910 17
138 886 63
956 701 57
333 253 60
235 975 52
560 898 70
562 452 48
297 422 11
443 722 76
76 668 43
603 54 48
986 127 52
892 11 46
156 868 77
400 453 34
129 296 2
392 329 27
269 717 85
199 112 86
173 912 36
754 295 50
435 998 60
757 623 98
884 991 35
319 791 32
684 346 11
73 819 81
487 700 92
322 206 7
181 836 2
690 904 100
566 71 45
334 833 11
583 517 57
126 399 38
154 944 61
504 189 59
270 594 18
487 790 38
614 589 4
544 398 69
207 249 98
929 633 59
191 397 90
680 773 87
417 526 23
953 105 24
797 114 45
673 365 25
548 305 22
542 134 76
249 358 91
400 402 74
534 386 33
512 378 87
971 499 66
358 84 6
151 814 47
553 473 23
544 463 45
885 73 7
786 794 73
21 363 19
688 125 85
203 248 21
187 910 72
602 696 72
573 862 95
485 229 30
923 901 12
843 905 51
817 368 58
160 909 95
184 835 62
880 970 96
12 14 80
378 805 20
120 420 72
822 118 16
396 119 17
898 360 2
991 331 11
287 660 26
392 936 10
417 916 15
22 7 93
39 578 46
373 719 91
623 139 30
387 175 70
777 382 21
11 972 18
760 900 88
333 230 68
497 139 40
309 906 86
186 683 72
893 355 32
483 1 14
673 200 73
984 929 68
835 435 64
252 83 51
310 579 14
614 579 87
260 96 91
437 222 91
325 536 18
327 363 4
482 257 31
300 126 1
496 328 97
666 421 50
195 542 8
376 607 31
776 789 69
63 243 44
637 866 13
633 923 95
780 679 93
855 60 81
512 75 30
411 531 59
922 589 22
165 488 57
877 989 52
528 290 17
232 121 8
764 631 84
759 87 54
78 758 97
959 157 84
210 224 86
184 275 35
997 777 50
248 541 15
708 79 80
390 203 67
52 145 8
354 687 16
258 7 1
679 719 83
529 805 17
458 924 99
469 371 88
229 214 56
605 789 25
863 626 61
576 196 25
729 238 29
692 438 21
761 465 9
913 477 72
560 576 66
891 504 13
876 395 54
863 762 23
356 224 59
906 706 41
705 169 76
226 665 94
86 563 33
175 489 73
135 421 85
679 291 29
901 423 9
243 290 42
666 219 5
118 350 56
697 801 81
498 586 47
970 277 23
997 55 55
181 37 80
852 552 2
936 533 39
198 53 94
736 165 49
359 288 60
742 190 57
178 693 44
266 604 88
136 807 62
14 500 62
814 919 15
379 243 21
366 971 96
158 292 60
921 697 5
613 996 47
322 601 12
350 654 72
763 241 67
111 885 70
764 260 89
912 804 70
18 517 30
433 359 68
279 522 8
317 160 78
912 640 28
602 444 87
870 375 27
952 545 99
371 817 58
490 143 28
669 402 28
183 706 47
143 800 59
799 0 8
279 627 53
427 790 23
968 781 60
993 74 55
809 404 65
598 438 17
3 433 63
616 329 87
164 925 22
387 932 94
247 723 53
258 733 10
720 626 84
650 479 89
906 99 72
306 583 59
362 419 42
818 844 48
699 533 66
505 923 23
254 831 78
376 67 4
949 133 46
556 76 78
58 828 58
915 466 22
841 56 89
890 941 35
667 997 38
670 212 2
971 833 92
876 413 15
315 476 39
418 129 85
483 659 89
754 788 42
895 26 13
303 96 10
890 266 91
366 110 91
508 916 15
69 881 3
60 904 79
299 585 78
813 290 32
43 973 45
957 408 90
774 847 76
676 569 90
430 910 20
867 245 19
302 113 88
877 659 90
329 4 83
907 158 35
537 915 13
801 515 70
944 483 82
963 242 72
650 250 27
115 303 39
498 586 10
209 845 4
199 811 59
657 792 5
159 70 68
895 482 27
799 942 5
781 178 18
772 888 80
521 115 89
27 823 15
68 979 76
717 504 48
92 134 98
161 284 44
751 465 91
568 934 91
465 342 84
496 21 17
920 330 31
178 221 13
986 953 17
314 475 44
944 688 10
689 859 22
724 646 29
834 179 16
704 924 65
584 419 32
41 631 51
817 925 3
891 904 96
929 884 89
88 842 89
98 561 2
698 449 20
809 157 88
721 925 78
156 674 84
166 793 15
965 877 15
63 798 95
725 564 28
870 988 33
771 455 7
711 587 77
76 190 92
552 950 41
42 532 49
770 535 68
971 559 7
657 975 83
325 835 4
191 843 29
240 465 96
584 442 33
43 194 58
352 4 96
493 185 20
477 319 28
324 472 28
470 677 21
931 428 9
88 258 21
729 571 93
379 12 45
518 590 84
783 904 56
653 912 13
261 195 61
978 537 32
458 521 9
783 156 71
29 482 82
835 564 59
720 462 80
758 839 31
870 772 44
75 52 96
912 500 35
182 212 76
176 304 42
680 160 69
26 946 60
58 667 53
4 263 44
67 86 18
697 720 76
671 778 87
918 344 6
787 133 99
592 107 80
862 572 83
664 176 56
115 184 54
63 750 65
987 0 84
27 583 79
131 695 27
920 523 78
293 70 89
510 306 44
193 379 29
977 49 8
351 114 56
887 865 28
329 386 4
8 634 15
960 237 73
691 455 10
53 344 20
128 69 40
790 67 57
476 520 55
584 595 90
132 652 34
500 604 1
98 663 52
798 502 86
855 417 58
756 674 2
779 663 14
553 300 74
173 733 52
551 833 37
15 644 45
980 188 90
11 491 8
234 399 19
121 406 20
500 555 67
458 684 47
725 730 100
298 213 27
742 710 3
510 228 19
529 828 56
982 936 78
80 742 25
377 815 41
7 99 45
52 886 82
728 368 74
940 817 100
403 524 72
344 718 81
518 201 97
881 323 2
232 621 61
136 372 84
560 798 70
105 358 54
917 123 22
832 883 94
534 792 91
506 274 72
472 334 77
379 514 62
289 93 20
607 968 23
228 794 57
775 194 32
429 745 50
78 220 49
102 695 10
857 630 45
942 938 17
3 99 48
745 584 28
801 673 52
195 941 92
555 206 18
949 569 93
622 322 82
42 368 76
54 128 1
972 300 49
107 734 87
602 873 36
472 978 1
496 858 64
566 338 2
937 57 11
761 594 6
341 196 96
542 3 83
697 881 65
112 553 3
689 543 77
805 397 9
809 592 53
363 727 62
297 925 96
43 361 29
460 567 55
995 27 85
181 757 55
482 87 81
321 863 94
761 219 32
606 693 14
915 25 53
947 207 26
142 733 97
296 998 69
985 598 93
479 573 50
625 240 62
138 892 59
647 362 92
849 682 81
136 375 73
706 361 24
363 731 81
142 665 32
462 435 61
918 431 5
908 371 51
487 107 40
227 362 10
235 106 93
393 19 36
402 832 26
384 339 8
634 348 90
541 221 36
396 129 66
848 572 81
513 852 13
717 886 92
973 524 63
699 256 89
304 276 52
5 905 44
373 978 43
797 635 21
318 621 45
537 572 59
623 340 68
617 952 96
391 236 42
426 324 63
175 529 62
968 580 62
577 101 76
330 619 74
387 876 46
41 692 57
251 562 54
814 239 27
385 728 24
7 912 57
666 464 27
48 686 73
414 983 91
644 547 75
557 715 25
145 487 28
953 377 87
720 315 56
752 954 64
258 522 44
219 164 15
208 591 63
753 116 30
890 903 48
361 835 70
515 803 81
760 806 30
535 262 20
505 98 60
409 143 54
555 728 91
576 945 45
186 28 15
251 7 43
799 307 78
492 623 69
290 246 22
877 486 45
36 638 14
875 67 91
451 72 21
993 517 50
499 821 19
721 736 67
648 301 36
527 693 12
917 381 48
279 820 68
419 806 81
183 590 36
186 726 70
92 111 6
150 513 7
430 306 13
210 613 86
315 870 64
977 52 23
745 155 6
827 868 14
939 745 39
351 544 26
419 725 44
212 574 15
10 236 69
534 328 69
780 474 96
818 575 86
508 837 8
65 968 13
93 326 15
952 506 18
982 781 86
269 332 70
980 182 50
136 7 7
935 321 74
431 371 28
854 193 85
127 837 90
280 458 27
792 805 27
56 479 31
134 2 71
71 882 26
963 121 11
866 592 73
616 656 86
151 289 57
634 747 57
771 71 57
617 156 17
701 317 3
526 147 1
575 877 48
617 600 17
647 399 75
275 408 24
891 309 77
868 587 7
26 540 9
347 165 1
995 406 13
261 193 80
780 66 35
379 549 42
132 976 88
518 781 42
315 596 46
385 506 45
44 832 58
807 531 47
184 162 69
7 515 71
39 697 72
355 337 3
473 931 32
822 602 36
270 971 42
351 629 30
631 828 100
17 376 75
969 138 7
669 504 82
410 131 23
823 125 25
671 125 33
923 867 54
204 14 53
24 790 62
696 330 66
218 253 81
68 115 32
831 271 57
955 805 10
846 343 9
265 508 56
570 955 63
667 693 79
962 360 16
333 762 83
34 433 71
345 501 55
793 1 1
191 65 95
679 610 36
90 271 99
133 818 11
920 154 25
164 712 29
72 757 53
495 296 18
420 101 63
320 721 3
211 644 56
438 389 54
50 459 15
319 492 8
895 400 15
15 546 69
711 845 3
235 20 13
906 159 23
990 418 70
454 147 10
306 382 85
585 28 7
165 975 18
350 188 76
250 834 3
174 48 35
363 248 22
901 337 80
308 124 91
423 933 55
714 290 40
35 696 41
697 673 1
223 945 98
626 366 66
884 439 79
390 213 51
305 223 63
120 800 73
361 250 80
841 138 87
85 489 83
883 834 15
622 417 36
50 734 32
237 91 16
788 672 66
961 874 35
801 712 28
382 383 90
898 690 78
0 720 100
478 907 13
830 871 36
336 624 27
138 196 54
487 755 16
454 462 26
412 824 31
97 496 91
370 706 91
490 324 38
655 501 78
163 324 90
842 47 45
482 950 6
534 598 13
440 218 81
913 576 32
760 966 36
865 912 65
138 827 17
964 844 11
626 189 82
867 223 13
248 26 3
302 593 24
946 702 91
273 44 71
786 358 7
80 329 90
677 558 14
434 375 73
600 711 86
592 223 81
557 212 87
394 630 63
896 970 72
197 600 98
101 648 76
724 774 22
429 807 26
681 105 99
322 343 73
180 453 10
228 260 22
52 970 78
76 512 69
273 844 57
49 496 60
463 853 32
960 116 19
869 14 18
422 504 44
817 274 23
359 962 41
78 492 74
941 562 83
65 565 70
369 524 99
854 244 18
639 783 45
360 796 22
912 818 47
600 0 74
476 223 63
212 451 66
217 133 55
451 325 93
319 441 33
129 562 26
917 121 13
931 886 22
506 853 64
555 74 62
754 179 70
803 60 83
809 554 83
424 490 12
499 854 36
144 668 15
820 790 28
44 685 97
918 807 38
215 204 17
804 3 99
968 272 12
512 127 8
426 674 26
606 699 29
159 943 22
113 692 58
232 178 90
111 572 18
338 152 94
409 820 62
272 535 98
931 745 35
669 203 81
57 971 79
807 982 59
655 378 46
563 764 25
730 847 43
68 901 26
345 389 44
113 586 24
109 306 19
82 290 100
52 744 20
881 157 83
437 474 38
449 105 20
90 792 28
769 126 97
716 650 73
256 601 10
604 575 48
775 259 14
791 835 4
768 977 85
258 807 22
674 153 23
46 776 90
895 222 37
993 736 24
948 998 22
741 162 82
193 801 14
199 913 40
407 513 42
137 973 4
131 54 99
61 549 51
738 691 90
339 620 48
751 811 80
66 5 79
303 959 39
709 272 11
846 880 52
149 511 87
746 822 63
741 167 92
333 997 96
43 35 81
202 176 82
393 232 87
16 524 21
569 699 58
491 963 54
924 941 79
845 79 76
247 209 19
930 580 51
272 686 2
958 794 41
692 132 87
48 610 36
79 845 36
923 274 42
328 778 82
237 823 11
135 600 66
710 326 24
500 229 61
132 722 26
298 315 58
552 133 71
916 901 60
886 531 74
247 489 37
43 320 95
618 786 87
533 187 63
788 273 33
614 440 12
804 921 55
444 129 76
604 485 65
921 867 19
7 237 67
707 228 10
37 28 74
84 128 92
902 669 2
501 588 80
958 736 2
155 901 62
71 591 93
745 45 58
961 117 94
750 429 86
492 749 48
999 207 52
936 107 34
790 70 95
969 832 23
846 177 75
615 242 26
625 486 95
724 240 89
519 774 70
721 274 61
457 723 13
124 534 39
924 194 27
600 497 25
863 713 60
234 676 42
96 986 1
106 223 30
581 811 22
278 570 68
301 387 26
654 802 67
908 265 32
254 415 100
617 938 2
367 423 72
934 355 2
832 248 58
951 936 29
664 140 4
389 518 84
472 800 52
45 818 83
327 585 84
323 791 40
82 200 12
903 468 52
558 596 68
518 932 97
86 991 28
289 606 58
461 200 96
103 892 52
648 904 71
476 618 32
118 671 63
128 710 39
628 185 62
734 52 92
108 728 48
12 446 18
881 832 1
857 198 53
992 270 62
97 636 32
544 339 25
322 992 8
213 720 26
779 493 5
858 381 70
282 210 29
868 144 53
829 541 11
782 685 33
622 690 91
826 581 60
93 833 4
854 824 77
177 715 30
569 316 79
958 906 70
348 644 81
83 99 99
434 848 95
674 325 51
192 155 99
876 812 62
993 136 9
799 145 50
54 897 61
446 606 12
583 718 37
302 229 7
516 556 30
449 379 68
446 177 25
471 725 85
11 611 9
284 430 82
819 134 36
852 328 11
155 383 86
139 745 3
911 139 82
198 287 98
509 621 86
794 175 15
986 673 46
60 118 75
852 243 18
401 992 8
418 903 100
313 492 53
685 696 62
160 851 13
301 879 24
768 242 98
274 632 91
726 734 96
976 2 87
895 506 29
961 294 74
340 854 53
651 423 98
186 856 51
91 934 32
634 555 19
21 871 75
464 261 89
840 897 54
46 54 58
67 655 48
949 223 62
877 563 56
655 311 10
897 916 3
869 152 79
411 661 2
193 713 59
80 712 11
278 83 86
41 982 22
534 884 72
747 473 25
137 1 96
740 114 52
663 394 67
183 137 73
541 50 77
524 293 48
611 254 44
330 254 63
720 659 73
393 74 30
393 991 42
97 223 81
685 383 73
445 878 10
824 464 97
742 957 99
843 516 29
1 741 56
139 128 32
926 974 62
549 827 88
513 167 44
310 823 62
388 924 66
189 741 90
636 705 74
849 89 52
892 360 40
601 621 12
932 498 93
134 878 25
193 825 18
522 893 84
48 192 54
869 706 94
60 980 2
615 731 62
785 7 87
720 118 97
447 167 38
169 857 31
595 961 72
12 704 17
56 601 8
272 590 95
786 803 87
771 635 34
213 773 69
639 338 54
507 940 3
738 695 97
978 978 30
558 831 99
476 152 50
217 169 85
157 67 95
560 319 69
620 617 83
570 641 41
752 882 75
341 154 47
13 901 42
195 766 89
605 196 87
742 910 94
793 241 84
686 388 30
612 729 41
838 535 99
843 571 43
260 963 76
647 767 75
453 137 95
650 839 44
449 798 33
942 140 24
912 973 13
682 490 46
942 592 70
868 272 13
904 49 54
893 472 18
646 778 66
54 408 73
96 955 100
385 785 70
337 556 61
301 872 10
288 496 40
924 696 99
275 671 4
813 637 90
137 986 12
817 591 67
94 924 44
629 786 49
270 401 85
151 595 25
840 931 31
814 966 73
53 351 71
562 645 84
684 166 79
579 631 4
727 988 83
672 783 97
454 950 75
650 958 51
224 216 77
264 151 92
727 849 12
586 617 11
76 357 30
661 376 55
781 86 56
655 509 17
306 404 73
294 848 55
696 434 70
210 701 52
593 117 91
258 229 55
857 461 59
293 537 48
697 557 37
15 588 1
140 50 2
132 340 60
303 948 45
508 716 96
290 418 89
760 364 35
230 715 100
321 257 63
70 260 78
204 330 14
772 502 30
448 451 41
933 897 74
541 691 52
383 705 74
962 196 88
269 654 35
992 809 95
135 808 24
45 635 1
634 546 45
61 530 46
85 523 69
762 454 76
758 192 96
632 78 51
11 283 9
609 243 65
992 175 58
383 131 18
936 394 59
879 208 93
321 426 87
37 500 39
962 115 90
888 740 66
319 816 1
465 978 98
854 694 93
921 266 18
181 161 22
838 727 54
892 748 79
952 797 43
29 584 42
764 861 96
296 366 25
60 833 73
399 711 9
955 931 15
902 602 54
179 498 67
28 913 76
680 7 40
880 186 35
810 62 43
614 776 48
562 523 46
492 445 50
483 831 12
381 123 32
831 685 2
992 112 40
410 621 91
653 393 8
291 267 72
190 688 84
691 516 6
727 604 38
886 490 90
501 924 14
896 935 78
202 712 51
851 703 35
142 319 92
681 543 49
555 611 80
619 904 37
212 792 69
71 664 92
869 517 23
340 273 14
35 502 2
955 326 17
321 618 100
705 930 47
521 243 53
816 226 36
540 449 53
472 584 44
173 992 5
47 28 45
527 604 81
347 377 63
323 395 76
426 931 55
538 913 2
358 917 43
273 333 37
294 570 97
905 332 45
889 415 63
360 134 99
597 264 18
354 838 36
382 411 21
999 395 60
779 125 79
963 1 20
301 690 31
909 616 68
399 894 23
885 218 47
218 599 98
493 486 59
627 926 45
195 640 84
354 87 53
224 744 10
357 414 58
943 572 50
580 355 94
517 735 43
557 957 17
1 76 54
640 651 60
599 189 31
21 539 44
665 550 82
675 859 3
700 95 62
611 885 67
223 289 49
793 545 24
530 167 70
477 754 94
106 148 82
899 259 11
518 8 53
394 680 72
232 583 19
724 468 26
365 980 18
694 711 46
828 94 51
991 297 71
309 840 36
829 531 30
409 555 57
871 647 54
470 355 22
448 830 40
16 163 54
313 55 45
983 498 64
710 61 68
833 477 8
740 735 47
344 75 95
270 449 4
151 937 30
29 406 60
258 143 34
304 94 48
790 575 92
474 182 80
570 989 30
357 47 68
643 150 16
312 870 52
790 629 5
718 901 34
352 611 75
999 408 79
253 66 2
886 784 49
982 21 24
149 593 55
547 485 58
971 574 40
693 118 98
997 375 71
124 792 60
977 963 65
532 886 38
976 593 55
52 986 5
814 996 94
358 228 3
16 169 4
602 639 69
938 882 42
98 282 35
37 975 9
376 836 82
829 294 17
469 454 64
851 57 16
696 733 46
630 29 37
564 710 97
712 666 64
31 440 11
924 829 98
603 580 61
658 243 64
983 986 75
968 940 80
895 876 97
19 735 12
477 74 50
872 504 8
445 221 52
802 520 11
189 424 52
519 456 15
233 849 16
392 267 17
798 803 70
969 661 49
889 106 92
420 21 42
146 618 72
422 992 83
990 613 32
375 412 68
689 715 96
164 982 65
647 576 59
133 857 3
966 100 31
189 484 19
615 601 89
705 965 39
195 503 32
335 579 14
277 897 40
489 504 25
7 204 68
362 959 29
620 803 87
40 101 7
960 229 90
86 635 55
289 112 5
584 472 49
672 542 98
712 944 34
669 490 18
16 219 15
635 420 54
483 491 59
992 458 45
252 790 48
167 672 85
816 766 76
708 755 41
931 474 54
956 664 34
170 363 18
732 241 77
811 245 2
580 1 10
35 192 36
349 736 39
288 839 45
13 60 88
94 765 31
939 212 15
698 388 5
640 444 46
912 900 12
165 837 66
785 1 65
298 591 48
457 66 81
752 979 11
934 763 44
492 572 75
195 64 50
479 616 22
767 606 48
662 111 41
598 106 1
981 721 85
304 48 13
363 396 17
994 116 28
151 235 52
553 679 53
2 671 1
551 401 88
512 28 52
327 766 95
838 912 31
386 52 93
487 32 73
540 934 11
285 518 54
537 978 54
23 273 88
209 923 41
824 263 69
509 793 59
410 983 1
986 909 26
623 465 99
362 415 93
480 437 36
924 114 77
528 515 29
866 929 25
312 483 4
966 872 14
904 79 14
66 69 90
893 600 17
30 642 7
397 434 81
679 365 5
783 998 40
218 711 11
759 913 85
511 670 58
987 511 42
816 125 96
578 124 100
686 312 81
15 955 53
338 855 87
587 954 4
694 489 70
350 702 7
208 192 17
850 39 71
540 919 99
868 577 28
81 677 65
95 928 26
256 849 11
847 573 63
353 289 74
973 458 40
9 279 75
503 104 14
468 953 59
553 896 26
844 421 39
881 460 51
199 563 20
426 614 2
669 196 90
312 443 33
375 361 49
819 704 21
997 607 18
285 611 2
919 681 52
887 22 76
586 191 33
145 674 46
533 223 48
506 270 79
187 189 65
146 225 3
335 689 97
799 267 79
676 840 11
345 864 95
272 624 23
636 499 2
577 381 72
634 311 70
395 867 52
995 158 83
850 212 83
363 931 47
317 273 11
428 298 60
792 103 3
712 214 91
946 647 69
100 720 2
531 819 10
906 670 52
52 541 77
300 264 42
887 581 42
507 386 35
360 145 67
224 21 83
986 847 22
953 697 5
908 718 22
404 971 47
363 32 66
548 334 88
899 939 38
147 45 5
582 61 75
565 188 29
19 610 97
423 176 8
699 341 52
803 197 33
502 169 86
133 557 54
857 464 88
856 926 14
920 926 38
257 463 90
875 494 66
749 82 60
10 890 65
445 270 9
425 9 86
135 709 31
332 729 60
440 248 41
168 938 55
7 721 39
902 724 61
39 32 66
139 424 88
239 741 78
906 520 30
686 62 44
384 348 45
486 928 26
443 83 2
95 715 81
45 767 25
890 364 3
805 288 59
459 885 4
974 136 22
70 559 95
658 67 7
880 144 88
668 136 66
448 879 66
891 994 99
415 868 21
388 641 27
238 663 55
902 875 3
155 99 45
707 831 15
287 505 66
277 996 4
261 173 70
264 843 8
488 326 13
891 924 11
877 980 34
17 606 6
738 82 83
759 640 57
384 647 15
960 555 82
157 416 15
522 739 8
939 348 5
903 929 6
531 379 57
794 890 24
660 772 35
743 723 23
552 367 42
213 878 20
548 898 49
443 822 31
204 993 49
148 525 89
357 82 2
796 19 98
901 206 26
471 320 69
763 778 60
798 837 84
457 67 74
451 565 65
784 620 18
517 534 35
253 100 15
34 300 13
675 146 99
638 608 2
540 876 46
589 365 98
119 387 88
532 771 12
777 637 39
993 675 81
174 136 53
82 167 75
859 577 67
824 679 65
326 490 53
937 423 93
469 699 8
537 17 78
722 527 96
990 361 19
932 367 64
744 279 86
702 303 11
972 753 81
43 570 7
917 250 16
92 688 39
383 616 43
40 101 39
56 25 32
869 126 57
178 594 21
369 114 4
217 762 52
76 867 6
184 965 9
70 514 45
475 3 63
334 526 78
218 442 80
686 999 8
654 89 88
686 110 28
761 505 40
83 906 95
276 490 17
759 283 36
944 790 12
634 791 91
513 377 21
398 420 6
986 201 45
8 990 2
868 527 78
578 275 97
293 554 19
255 374 74
463 516 74
57 603 18
105 684 45
112 929 64
738 883 59
657 103 33
398 315 37
824 78 24
626 669 58
678 52 60
905 189 84
918 311 60
957 281 25
524 3 99
93 38 10
78 141 53
742 104 59
911 7 57
648 532 14
563 565 95
795 473 37
861 658 29
622 599 16
736 685 1
785 843 63
903 574 65
821 133 69
713 557 29
744 790 64
183 833 37
297 600 59
563 712 37
412 90 79
256 367 1
140 139 85
397 600 11
813 151 45
120 907 43
784 526 60
261 618 10
977 957 21
448 420 73
177 265 90
502 173 8
346 828 69
41 600 86
787 281 74
708 298 15
161 46 45
891 555 10
788 557 7
217 626 88
500 782 14
453 365 70
237 380 23
643 525 86
937 466 82
789 472 60
221 652 81
404 767 54
970 656 85
598 406 6
977 467 63
509 274 46
90 3 50
316 560 74
744 643 86
960 90 27
757 366 87
180 722 34
881 116 47
155 986 73
398 629 88
374 181 8
685 423 40
873 189 46
397 483 37
254 241 11
693 842 32
631 678 46
913 500 28
230 952 71
117 456 97
928 751 57
454 686 10
546 721 63
679 712 67
115 878 67
498 98 58
974 569 39
220 753 18
319 172 16
858 392 64
906 777 91
21 692 54
100 295 71
735 879 16
746 842 7
930 568 55
822 811 95
252 61 29
671 338 48
390 88 29
247 913 30
160 837 92
309 62 52
114 990 12
278 787 9
894 547 77
235 983 26
856 119 64
985 898 97
980 422 48
564 801 28
873 562 35
18 508 58
339 885 35
228 92 88
793 884 39
341 515 90
455 470 71
993 588 78
413 788 36
582 252 33
211 961 28
547 871 28
263 359 21
346 97 34
952 258 4
704 89 97
91 777 86
699 290 24
335 935 1
981 912 73
333 880 79
452 307 100
891 924 53
348 190 24
169 19 42
900 446 84
905 364 31
465 208 83
978 747 16
286 952 46
187 375 73
441 48 62
676 53 23
787 772 46
962 931 13
725 206 38
425 368 49
895 308 51
528 929 89
789 650 100
925 810 34
125 336 10
103 327 38
670 168 94
79 848 36
110 160 94
97 708 69
888 814 57
701 989 5
270 534 13
762 985 63
789 930 69
521 109 61
877 8 9
772 158 13
493 400 70
865 123 44
175 653 7
201 479 42
140 732 41
651 738 22
247 238 56
971 903 43
975 806 29
994 122 14
824 980 40
667 340 97
447 6 39
318 637 74
591 705 60
335 26 71
980 921 78
844 978 92
785 398 45
342 666 31
475 197 63
252 452 71
146 939 71
467 852 50
653 92 15
475 83 16
603 317 39
552 46 85
470 839 68
609 347 59
781 808 52
18 540 77
32 862 42
757 347 40
191 199 48
566 545 75
945 769 65
48 40 62
855 284 8
302 840 71
516 780 32
343 822 33
383 518 62
678 524 50
510 757 94
770 875 17
564 919 8
209 671 75
362 476 56
473 911 96
924 954 99
986 185 28
953 758 98
834 605 85
723 220 26
300 195 83
576 102 85
37 953 26
718 522 18
973 953 15
373 952 48
123 308 5
97 492 87
329 885 33
412 879 55
857 405 8
5 890 93
403 584 99
242 120 20
161 484 37
935 826 98
174 854 18
546 494 29
680 863 79
644 65 83
652 953 23
423 757 18
947 451 1
886 656 90
863 729 24
192 169 56
966 921 52
356 239 7
329 98 22
96 731 47
262 850 23
907 689 71
235 745 14
250 54 86
96 89 12
0 150 17
563 768 63
567 203 91
836 395 87
859 763 45
717 172 12
542 256 36
418 368 16
171 411 87
700 94 68
703 174 98
576 439 19
456 250 63
377 848 75
554 395 53
294 670 87
380 408 12
410 72 75
21 419 81
673 411 5
894 127 27
384 819 22
472 609 77
951 289 18
637 566 17
266 26 32
5 971 100
813 910 23
957 382 27
326 88 68
195 155 96
250 826 73
897 133 46
79 13 29
573 60 22
834 298 57
6 79 51
204 439 56
376 310 31
1 33 47
765 151 45
668 964 37
475 923 30
892 124 37
512 198 68
209 102 47
813 149 85
158 979 20
219 23 21
230 571 41
307 281 83
191 189 36
266 179 35
402 766 65
294 773 39
741 272 53
64 26 76
106 534 40
637 111 22
525 850 3
803 457 3
280 729 12
75 572 36
78 295 18
549 326 30
929 659 93
657 275 51
309 702 78
538 69 51
133 968 96
246 125 23
62 637 67
97 812 34
478 999 64
482 446 79
111 758 32
240 719 48
747 212 68
455 803 92
998 479 21
803 808 85
584 762 56
706 620 35
906 479 96
214 288 34
95 570 71
814 643 19
198 23 13
461 71 6
821 98 86
195 136 95
49 932 76
60 371 55
108 2 58
10 508 26
86 400 92
371 242 32
861 225 35
266 908 39
957 905 47
238 107 62
103 162 59
228 972 27
857 427 14
564 264 24
778 444 3
122 513 5
662 727 76
792 884 68
128 809 63
154 777 29
423 721 35
206 762 17
984 926 18
410 521 95
188 821 25
139 91 75
242 374 99
66 510 77
521 389 24
405 701 63
665 432 99
791 646 4
17 718 62
180 475 44
306 311 27
532 454 33
110 357 90
377 675 4
485 951 62
735 459 58
457 623 87
598 889 60
65 832 30
599 368 25
186 811 3
302 482 74
824 726 44
860 963 30
47 719 96
80 71 74
10 213 92
87 810 6
390 565 97
390 662 39
136 539 32
108 741 91
501 304 16
646 303 82
448 942 24
137 471 43
749 387 32
130 896 83
75 555 35
242 321 95
141 142 13
282 106 67
523 660 10
801 919 72
135 119 69
272 767 21
446 827 43
705 558 36
930 280 87
438 743 43
507 33 90
86 557 46
127 133 45
434 388 95
903 981 77
331 550 80
995 420 58
863 656 41
754 91 71
334 589 24
12 995 84
262 37 41
377 672 94
722 660 44
139 795 65
448 715 20
283 895 20
32 984 83
887 350 26
351 677 75
597 507 86
480 145 83
129 329 72
672 172 90
814 180 12
944 774 60
177 999 69
65 102 83
111 431 51
716 825 37
994 835 49
98 472 73
851 393 71
312 517 8
581 802 14
297 75 52
620 379 44
661 756 19
549 615 41
859 928 88
778 225 17
97 840 34
357 970 39
209 856 82
698 161 14
670 583 74
79 285 92
525 642 63
753 232 5
696 474 89
972 908 80
243 45 43
459 687 68
278 459 93
721 539 52
979 684 39
714 813 67
617 512 75
908 812 7
726 141 53
893 519 77
305 582 48
193 887 13
931 987 91
8 893 63
290 530 22
749 786 24
455 89 50
666 159 29
952 199 12
398 937 40
258 550 5
919 810 32
629 674 63
302 397 81
634 447 48
725 319 62
442 570 85
928 832 18
193 204 68
425 752 45
115 505 1
3 30 63
836 35 34
203 639 91
574 567 80
328 102 80
418 826 41
742 787 17
190 928 44
643 1 74
980 988 4
0 250 17
634 710 9
41 725 37
758 617 37
336 16 69
68 13 14
666 446 8
305 448 75
816 117 38
826 399 26
673 284 56
412 671 18
690 279 50
151 563 70
679 493 55
393 450 16
93 511 95
944 456 5
352 247 88
880 559 67
667 633 68
692 394 82
72 737 20
196 554 30
939 128 84
473 629 2
609 6 100
576 646 99
578 246 69
789 271 5
972 209 89
580 736 31
881 673 54
466 213 24
117 24 80
497 830 8
657 205 44
606 871 49
129 714 40
140 538 80
707 642 4
225 233 54
725 351 5
868 268 20
563 258 72
494 882 35
948 77 20
156 811 41
567 757 25
736 877 96
419 650 40
892 887 87
805 780 88
765 785 12
164 52 65
815 661 52
260 575 89
939 534 28
533 824 44
358 565 56
503 857 86
631 504 98
73 354 83
162 12 71
577 228 66
1 268 8
775 974 25
416 811 31
335 73 12
695 67 37
290 599 61
654 722 81
827 506 47
591 310 90
964 35 98
134 418 85
210 730 17
264 829 100
362 50 73
993 307 75
225 354 70
341 36 41
648 116 59
847 589 61
70 101 46
145 98 22
163 405 77
808 179 39
69 806 48
138 943 45
987 321 73
355 561 25
258 899 93
573 103 18
357 305 54
520 69 55
88 468 54
641 230 93
584 192 5
88 934 52
610 182 13
476 480 57
876 678 66
656 730 89
731 902 17
870 908 76
334 423 2
644 876 100
539 714 45
509 718 22
350 200 10
697 761 23
197 58 42
499 151 50
789 166 28
257 26 8
613 925 22
629 140 37
655 125 41
90 998 22
966 447 56
139 597 64
345 720 23
995 239 71
522 47 82
822 195 22
687 799 44
484 890 31
347 195 25
231 793 58
564 245 90
792 803 35
686 904 27
567 704 42
571 435 69
740 393 95
694 768 81
181 765 96
976 970 69
907 173 82
677 286 96
975 644 94
592 200 6
786 526 27
219 881 97
158 93 12
775 396 99
86 750 19
693 902 31
225 152 77
525 181 44
518 848 38
126 776 65
746 434 30
385 62 34
552 328 93
121 306 25
952 256 17
225 173 10
475 934 60
807 604 45
852 357 80
933 786 93
185 102 46
524 169 92
445 510 100
568 16 95
432 858 18
434 428 70
77 471 9
795 204 24
249 507 25
843 362 51
121 32 40
761 77 21
920 324 79
665 800 94
65 627 18
563 340 73
959 95 64
79 97 5
797 156 93
715 365 27
764 441 91
77 698 33
764 601 13
812 14 78
309 824 84
916 761 98
495 333 91
442 958 59
401 757 54
79 90 80
735 329 61
183 997 31
531 327 93
493 403 50
901 33 99
849 177 71
794 726 33
461 982 25
12 483 97
692 564 78
787 883 67
308 768 2
387 819 24
307 457 11
838 203 41
229 409 96
498 848 51
305 107 59
227 449 49
352 891 88
460 940 70
764 113 57
802 387 12
56 759 97
162 695 1
936 727 29
942 307 98
98 838 25
345 319 67
94 215 47
896 152 33
997 691 38
265 539 97
152 617 77
421 579 76
595 852 12
553 551 92
403 565 54
461 822 47
273 799 30
19 543 66
312 942 27
91 518 42
77 486 78
457 948 33
466 212 6
989 862 50
631 505 6
405 318 34
746 974 2
765 984 90
925 591 10
694 521 83
960 870 45
984 305 97
372 989 53
11 581 72
635 421 95
645 268 48
824 699 97
970 356 19
408 998 94
525 775 70
634 958 12
470 933 60
870 8 27
265 679 15
900 715 66
177 558 11
756 590 54
316 954 24
928 980 79
115 185 52
324 148 86
100 427 54
626 705 76
991 726 95
328 516 33
456 648 4
62 319 66
746 103 54
401 71 87
176 459 12
159 613 35
404 590 86
931 587 50
243 800 76
141 101 15
89 842 100
971 880 65
632 638 29
962 514 76
715 342 68
971 149 38
181 973 98
426 214 25
701 801 94
324 107 37
918 184 81
507 334 66
325 176 41
793 757 86
748 292 28
577 980 65
366 970 49
678 123 1
505 458 36
713 758 84
351 62 99
142 138 37
548 818 87
331 393 75
89 509 21
911 606 86
699 225 84
964 884 2
678 901 93
712 390 66
780 17 19
90 185 67
160 941 87
413 210 48
485 612 47
266 570 49
88 732 10
680 313 23
196 426 4
871 132 63
163 836 26
835 444 26
735 336 23
223 931 35
637 752 71
879 696 32
243 489 28
913 9 82
667 322 58
670 776 15
737 390 6
353 534 12
837 453 50
911 407 74
735 54 66
511 92 86
410 753 81
247 70 89
913 846 54
298 255 95
734 959 8
563 393 24
589 53 81
614 558 13
67 581 40
996 168 63
675 859 75
913 171 48
703 298 25
912 82 6
993 133 30
73 631 2
951 11 66
343 608 75
884 443 45
157 509 57
338 510 97
510 104 70
424 427 33
929 998 56
850 250 97
813 213 11
581 508 31
257 370 70
205 261 42
851 368 5
215 266 41
409 320 52
332 12 32
709 234 25
370 511 95
219 38 88
692 151 5
4 609 59
802 428 94
45 41 28
687 985 52
446 482 14
456 236 3
364 495 63
279 497 19
199 676 34
545 97 81
635 632 59
120 98 76
479 64 49
801 777 40
869 299 22
222 874 68
250 611 65
217 766 83
468 389 51
87 477 35
173 413 3
521 718 67
170 489 92
846 735 92
121 413 78
415 892 50
835 174 80
390 746 66
862 130 27
137 592 76
150 52 25
995 331 79
652 962 2
280 399 19
336 459 61
962 947 14
98 510 57
283 771 43
337 715 10
658 357 19
341 749 68
272 398 78
836 896 16
844 116 2
917 923 5
107 395 88
276 962 76
677 40 98
732 727 92
498 47 51
947 753 53
283 661 48
254 594 11
438 605 41
245 897 98
701 841 80
939 122 53
292 707 70
80 630 35
819 675 98
969 36 41
993 19 76
205 149 79
491 366 78
909 341 5
461 61 60
620 128 6
712 402 56
995 68 84
905 789 34
423 345 75
311 490 80
833 401 60
769 210 20
648 754 38
303 401 41
352 92 51
750 953 90
771 717 61
574 160 19
910 316 42
253 444 2
305 511 49
229 908 99
685 963 47
706 958 75
16 145 61
469 226 69
118 316 31
522 662 47
0 979 57
348 616 59
393 828 73
511 912 87
989 653 39
518 680 28
435 772 80
777 725 26
323 519 65
415 850 2
633 73 72
706 250 53
252 934 32
922 882 41
673 720 78
62 61 87
780 731 55
265 889 53
292 532 57
865 117 20
829 476 7
112 464 84
973 793 29
871 944 78
244 658 43
740 354 30
83 824 61
177 202 66
973 233 85
640 997 65
114 665 81
372 729 1
809 3 57
368 987 68
555 296 85
684 308 3
840 182 92
615 115 7
484 586 76
917 944 70
572 114 8
751 685 35
69 912 74
133 477 99
989 769 16
831 716 67
389 811 5
942 263 57
69 162 12
820 290 17
474 846 39
736 46 4
103 74 74
631 755 44
473 236 99
802 238 50
928 990 76
206 980 35
270 714 48
729 846 89
588 760 65
437 53 90
161 415 42
509 463 34
162 280 38
114 263 52
576 847 44
42 467 36
544 763 86
536 344 27
941 15 90
273 17 18
486 266 34
851 642 10
268 400 73
146 780 98
17 459 2
985 324 60
822 828 72
251 718 19
843 435 81
579 45 78
839 387 18
518 124 15
159 30 73
869 971 27
669 95 19
770 362 83
942 700 87
717 291 97
118 807 92
399 676 62
240 516 87
469 203 14
144 747 51
55 316 78
612 413 35
707 515 89
937 268 59
862 348 45
56 784 61
85 27 54
762 179 43
54 698 2
297 201 16
883 545 5
166 942 86
588 598 58
869 887 19
538 314 76
65 50 18
28 540 46
762 303 49
112 524 54
4 278 86
57 31 84
282 391 18
624 365 7
594 339 34
818 794 7
332 743 78
161 211 75
552 225 12
382 814 3
503 355 89
219 7 30
911 300 6
439 68 76
402 322 37
426 717 12
258 177 21
318 632 29
407 355 71
659 594 49
192 565 68
332 567 87
455 547 53
933 944 33
173 390 87
737 475 61
954 359 11
499 488 49
777 74 47
894 65 88
347 264 45
678 114 77
135 208 44
668 575 78
529 137 71
242 388 36
369 949 40
647 789 53
63 587 66
505 678 98
168 181 9
710 515 24
412 385 38
683 304 30
411 90 81
257 880 23
136 116 37
553 326 97
700 799 85
133 265 28
536 377 17
115 801 17
401 844 70
147 41 73
822 896 26
613 382 77
111 713 63
907 48 42
953 502 33
991 646 87
299 983 12
885 224 37
98 829 64
300 693 42
760 296 26
759 524 74
767 290 90
580 840 88
530 530 55
318 367 6
248 491 70
269 553 44
114 471 62
28 751 58
588 954 51
379 786 5
626 301 6
304 748 52
136 345 94
2 928 27
333 225 15
951 678 68
774 584 55
806 76 59
436 129 30
873 896 42
367 924 90
63 607 4
107 603 73
71 740 48
346 372 40
418 957 40
215 940 15
628 770 23
11 536 43
467 43 80
647 705 30
486 804 16
18 586 99
311 93 66
654 479 62
863 837 10
510 185 29
215 368 67
307 630 78
188 195 36
593 800 95
462 693 17
984 356 98
267 861 75
211 446 86
170 756 12
975 743 30
179 494 40
724 618 42
702 724 91
108 701 54
514 298 80
661 859 65
64 790 4
264 624 68
926 768 47
909 150 2
402 992 27
751 944 23
141 838 57
888 501 3
56 10 27
198 691 100
258 365 33
341 676 49
431 510 8
160 465 61
492 923 85
150 688 70
910 834 51
858 58 72
558 464 73
704 916 19
755 731 69
135 449 18
427 196 15
848 313 64
587 496 89
25 804 88
719 77 18
225 781 76
135 750 64
736 422 52
682 180 8
75 593 22
302 812 19
259 159 55
669 632 41
322 933 99
299 703 88
991 593 39
860 598 22
138 882 26
320 608 7
482 242 64
109 865 69
691 265 63
915 580 49
936 24 88
223 993 99
966 777 64
813 966 52
227 122 63
519 64 68
923 274 34
338 852 70
74 989 53
634 504 8
19 26 14
86 386 13
46 129 92
594 964 6
252 159 100
710 249 84
127 428 84
924 530 91
853 448 66
746 222 34
287 682 8
313 693 54
497 24 68
564 511 36
143 714 49
948 220 34
261 872 78
381 406 3
201 700 47
158 199 78
240 965 31
353 307 92
588 845 73
50 157 22
810 220 54
778 313 68
746 436 75
344 276 30
519 180 98
792 277 31
568 205 25
132 691 76
122 43 31
99 955 77
656 752 52
426 407 54
836 260 16
272 197 80
621 947 74
922 417 68
632 20 60
954 986 20
829 365 86
744 59 87
476 742 96
951 445 82
910 880 84
519 446 94
356 225 52
887 532 83
322 564 73
482 409 96
617 464 80
649 151 56
480 6 19
534 157 63
295 756 6
305 368 76
339 752 80
376 381 77
186 869 93
643 946 79
646 79 48
505 107 25
806 647 50
221 511 9
638 800 65
393 129 51
198 617 99
419 890 42
256 520 31
243 47 45
256 458 66
132 207 37
491 985 34
175 155 50
568 689 62
537 440 99
689 397 1
468 659 99
499 676 23
361 716 31
137 989 50
560 110 35
28 87 56
234 966 6
331 819 92
185 501 91
444 478 64
402 172 98
114 528 15
124 833 75
412 650 69
223 739 38
285 525 79
811 54 18
455 338 17
396 730 86
122 879 3
411 357 11
296 727 86
764 775 8
80 852 20
538 233 45
602 351 46
741 789 78
812 482 51
908 862 79
472 650 68
258 814 14
674 354 93
481 538 8
805 765 74
552 378 31
552 849 44
720 224 37
626 747 9
383 858 50
404 500 96
735 22 58
227 290 8
306 665 43
361 655 68
3 817 90
322 315 81
794 555 40
929 230 72
926 945 41
538 574 14
195 254 47
961 690 72
180 586 81
866 128 85
238 259 46
82 909 45
392 901 72
883 171 57
771 769 40
934 95 3
485 294 85
158 930 23
690 965 61
453 511 86
368 759 56
424 774 29
154 824 18
66 148 27
891 718 18
819 824 44
734 731 36
11 790 24
995 192 7
713 168 22
609 307 59
214 766 77
990 580 54
582 502 84
713 623 65
925 773 18
171 78 5
465 762 86
825 55 98
819 965 1
78 284 86
819 337 88
945 757 88
963 766 90
879 356 7
16 50 76
89 776 7
39 74 8
543 904 13
28 153 67
836 801 10
172 410 96
762 702 7
242 145 59
615 475 38
704 792 48
65 677 24
660 730 1
806 511 31
861 128 94
636 575 31
134 969 73
557 419 95
691 91 43
110 328 18
960 202 49
227 942 17
5 700 82
321 864 93
392 489 38
843 715 18
457 642 39
55 93 93
993 47 47
155 8 58
479 282 5
270 363 98
821 67 47
691 908 33
104 786 30
529 698 78
444 631 73
231 191 76
208 673 32
65 829 50
634 365 43
688 149 87
541 772 16
997 846 32
370 775 16
602 720 36
58 408 4
595 556 62
992 688 1
87 579 19
485 949 81
718 190 78
440 542 3
655 63 5
330 623 45
11 29 53
881 925 30
586 911 81
473 976 2
90 835 50
49 373 44
598 768 85
839 562 15
744 171 22
296 684 9
361 604 63
837 483 18
266 670 20
712 812 49
961 32 38
26 68 31
724 839 71
22 360 88
866 766 62
459 466 35
911 817 63
169 825 80
966 276 30
292 81 92
783 870 42
381 175 65
895 665 58
260 598 28
603 217 1
823 850 53
915 401 75
290 557 39
249 729 89
156 304 88
654 452 96
13 885 78
323 224 61
529 59 41
783 654 65
832 419 48
878 960 24
321 716 31
125 722 62
889 609 87
842 999 6
457 695 85
505 548 41
787 232 69
364 941 3
620 706 40
201 779 37
899 868 100
190 240 51
313 408 95
873 268 83
157 945 7
974 26 81
380 468 97
535 665 62
388 721 1
338 354 78
239 825 20
130 598 12
790 562 70
902 236 92
366 129 42
833 143 8
772 239 87
225 242 80
925 832 47
555 614 74
33 897 65
108 129 35
620 698 10
700 277 82
111 828 30
359 852 69
255 25 98
451 772 29
291 428 99
546 15 7
88 190 62
730 808 14
95 175 82
197 423 10
448 403 91
803 215 84
956 521 88
479 797 7
245 827 40
831 401 30
764 148 10
961 376 80
674 823 32
307 184 7
433 236 34
353 591 64
360 44 26
614 850 100
874 821 74
944 45 13
355 790 15
344 686 62
46 805 3
496 74 49
133 446 96
582 123 55
933 778 1
279 973 89
567 966 89
569 77 8
372 269 49
193 302 67
791 67 100
402 73 69
965 56 30
514 312 70
204 357 78
749 416 14
635 612 58
526 796 42
776 24 76
970 511 84
697 96 43
921 522 94
306 740 4
498 250 53
101 771 12
552 729 50
92 759 66
117 106 91
704 716 70
41 762 48
575 950 23
245 196 98
265 91 93
967 494 61
882 823 84
228 77 50
734 171 52
791 944 10
928 202 30
560 444 17
353 931 9
668 64 67
38 353 8
470 752 38
173 970 1
25 79 63
711 128 10
907 577 2
473 701 52
894 595 52
634 332 47
753 180 36
156 621 23
696 756 35
833 399 53
839 156 4
136 912 99
651 365 56
275 545 71
300 866 16
261 123 69
398 104 89
198 736 2
926 679 76
717 62 83
197 438 80
40 837 19
63 734 59
657 359 44
563 299 81
642 479 84
441 534 6
533 809 81
993 912 5
249 964 71
45 855 19
9 847 33
55 222 30
223 908 56
114 566 50
956 518 95
539 524 24
885 396 13
336 430 25
987 946 17
186 106 70
169 321 15
665 814 19
740 859 47
805 282 72
587 762 11
912 628 36
404 767 95
266 156 30
80 943 93
362 254 86
707 250 71
673 722 45
66 658 22
345 361 77
40 249 47
564 826 20
823 366 4
946 591 30
158 746 6
948 257 42
958 615 79
8 584 88
127 78 55
407 61 53
366 596 58
892 188 8
938 275 16
434 991 7
899 790 70
241 116 38
543 432 19
439 788 71
828 133 49
125 207 88
292 57 30
838 975 90
12 731 64
526 964 30
954 979 36
557 909 43
2 8 35
897 304 58
695 731 34
34 870 100
980 973 56
780 987 68
430 415 88
850 724 92
889 673 61
424 929 26
749 484 100
969 740 74
617 405 56
81 83 44
105 137 20
549 766 22
694 796 35
621 933 53
206 280 25
477 835 50
535 709 51
634 643 48
73 770 40
242 763 81
73 495 47
485 389 28
513 170 24
396 660 54
599 450 64
931 252 49
64 742 14
806 320 15
641 969 71
262 764 2
946 413 91
715 217 5
67 764 61
857 511 61
164 639 40
758 747 32
768 629 29
865 94 63
148 789 37
395 119 58
588 484 46
220 729 7
996 513 65
460 519 87
394 110 71
249 430 38
969 775 95
599 594 71
648 31 65
832 356 80
240 15 18
931 991 90
701 944 78
252 68 100
731 79 26
213 579 49
392 126 24
240 978 32
465 183 94
855 896 86
358 233 32
779 86 6
208 116 33
851 780 64
376 991 60
336 933 81
476 759 1
723 95 56
93 427 47
351 984 51
583 73 54
598 534 46
818 800 49
693 516 67
510 850 64
540 677 4
962 755 66
889 819 99
125 366 90
404 426 85
548 749 19
417 282 77
706 403 69
113 670 95
52 414 82
418 469 5
675 747 68
825 612 32
645 755 5
350 512 2
929 366 34
385 146 18
691 225 28
91 337 6
107 679 47
747 655 66
552 513 51
86 513 98
885 201 80
833 157 37
241 977 33
818 387 66
443 519 64
324 756 5
731 823 26
755 51 66
523 787 66
450 918 98
950 571 29
629 724 95
549 9 62
404 909 28
161 228 36
442 781 25
223 678 77
146 831 28
765 70 27
267 471 97
382 768 41
513 847 63
387 126 67
455 314 47
897 313 99
951 239 77
170 712 60
270 685 24
801 476 7
36 35 88
579 116 91
580 495 65
716 595 63
876 491 10
3 841 75
76 763 13
781 460 71
208 287 57
38 586 40
257 442 72
319 64 81
629 192 67
556 465 71
384 785 12
680 599 16
849 493 84
48 562 11
250 734 75
497 530 80
693 608 30
610 103 37
695 876 93
265 996 89
745 22 91
835 767 85
292 777 54
159 998 35
725 769 14
969 421 53
998 97 58
148 726 83
465 986 86
44 131 40
46 651 13
167 431 27
649 362 45
862 176 32
707 83 55
263 691 95
694 630 36
468 898 58
684 882 73
816 905 97
603 720 27
932 306 82
228 623 77
517 99 12
45 713 90
396 805 63
348 498 27
930 267 89
760 726 19
448 737 16
341 276 3
906 501 38
259 825 36
620 977 94
368 466 43
431 975 89
966 850 30
0 455 70
15 384 79
207 653 43
130 302 45
890 720 80
367 317 11
832 166 71
106 157 86
730 625 33
300 685 100
404 455 29
612 318 30
830 726 24
316 83 39
933 833 77
312 608 31
622 565 93
23 745 37
168 953 10
167 457 23
45 111 100
165 291 66
59 951 24
916 570 62
191 576 86
148 354 88
497 979 69
932 571 87
870 569 43
998 308 44
513 220 54
239 137 94
509 348 11
805 188 59
666 781 33
735 454 74
53 710 65
897 263 60
104 702 54
285 350 94
455 17 55
265 588 82
956 831 9
171 359 1
927 649 99
2 657 62
234 580 33
771 335 19
670 285 34
102 752 61
461 536 31
719 601 62
896 752 57
696 208 26
459 86 71
75 162 72
516 498 55
130 8 40
728 559 21
247 147 77
100 869 76
458 490 88
470 984 2
247 861 79
536 578 58
122 712 32
136 773 91
277 165 99
707 939 4
654 934 72
400 621 17
177 136 39
310 225 95
650 478 36
289 788 72
600 8 88
372 747 79
855 405 9
409 961 45
824 869 51
926 929 61
855 955 21
465 393 71
354 563 3
796 74 29
998 546 90
52 410 12
121 778 30
201 932 85
166 875 28
285 333 38
611 236 32
606 957 36
221 245 52
854 520 18
847 786 16
913 782 30
619 735 76
632 503 16
440 596 39
766 292 38
673 136 35
176 545 100
634 899 15
608 823 76
934 453 58
3 411 76
214 904 96
851 48 25
906 395 34
184 921 76
380 709 84
47 676 81
335 66 68
35 331 62
37 254 19
485 79 64
524 45 1
762 540 72
878 584 47
521 526 50
744 835 22
481 534 89
503 369 97
92 901 77
287 445 1
900 367 31
288 417 75
937 817 18
514 589 85
945 778 7
96 797 43
690 718 24
897 100 82
536 877 59
852 109 61
640 778 61
397 858 47
799 729 25
660 113 67
754 799 63
594 792 49
82 756 59
682 506 24
401 483 48
514 963 87
99 249 65
857 435 70
793 50 7
657 687 18
158 982 8
800 687 69
879 70 23
733 116 48
973 658 82
278 354 80
772 691 64
581 995 20
623 198 61
245 981 97
861 276 57
558 343 13
905 190 62
79 407 97
248 8 74
923 769 22
294 447 52
649 809 40
368 318 53
903 653 85
654 550 46
87 77 71
871 657 29
297 485 53
356 521 36
525 921 45
725 668 48
618 307 70
648 582 88
269 143 47
149 620 47
916 666 60
472 295 74
360 803 10
315 865 71
824 148 92
267 169 29
137 689 38
279 734 53
568 950 53
196 813 17
702 976 45
899 545 33
79 323 76
74 990 17
982 451 62
133 153 32
822 23 29
623 895 31
45 623 84
372 386 47
436 300 46
359 398 86
577 546 71
234 926 48
563 205 64
23 250 69
534 277 99
235 75 6
123 162 95
794 92 91
93 849 48
280 706 2
456 902 22
790 330 35
817 113 65
840 259 77
42 565 58
909 354 60
548 673 16
400 239 49
636 864 92
464 539 11
15 310 81
287 802 43
314 76 65
435 379 48
545 90 64
111 211 22
455 0 74
866 208 45
789 59 88
858 432 70
707 789 71
833 832 25
676 559 19
943 973 69
772 322 79
977 707 18
931 776 54
73 762 61
132 628 89
352 122 87
106 189 25
84 770 12
697 15 80
947 701 64
633 778 4
524 427 59
931 314 19
460 963 30
925 259 48
954 162 4
673 224 79
982 646 93
276 395 94
973 731 74
940 546 39
369 497 44
595 729 86
302 373 65
731 647 46
295 46 8
410 709 29
267 897 84
553 72 68
290 561 93
859 899 35
392 487 98
342 14 59
833 557 83
369 956 98
641 723 50
153 154 87
510 69 53
698 856 47
648 189 23
174 354 5
778 245 2
99 784 15
581 315 27
266 360 97
404 467 50
156 419 19
650 830 52
450 541 92
654 553 68
741 791 98
132 977 23
922 722 62
350 751 85
631 713 24
935 612 32
576 160 54
370 321 59
628 341 45
14 552 5
615 952 30
653 635 44
957 228 28
631 192 10
853 194 28
222 798 23
97 7 41
869 729 5
11 380 52
870 608 64
842 252 27
817 703 22
824 230 12
45 541 30
847 366 24
848 379 87
602 792 73
240 988 9
964 169 76
775 880 73
244 892 24
613 555 37
937 434 39
504 689 57
72 131 41
571 307 20
222 297 96
672 111 72
69 764 75
536 32 83
46 289 62
992 284 16
416 889 37
234 131 82
590 408 11
32 975 83
73 841 23
947 280 72
770 981 73
202 52 56
182 638 10
819 445 29
312 853 13
757 920 34
837 884 70
335 187 83
480 922 62
859 121 73
346 367 20
894 461 95
892 798 13
489 126 13
986 559 17
538 128 81
778 776 28
439 769 90
843 76 6
87 649 77
615 947 35
233 422 64
407 318 77
362 392 21
153 150 16
27 988 20
927 462 97
985 486 40
752 824 40
170 984 81
657 410 89
659 472 57
65 601 84
263 900 33
475 876 80
931 426 19
61 944 98
478 111 49
126 158 53
438 421 32
387 260 13
577 889 30
311 983 21
517 949 9
412 88 99
618 522 5
118 637 36
432 25 79
115 430 88
322 159 18
590 587 8
357 127 10
31 712 65
958 209 2
447 970 62
631 251 40
435 627 37
701 292 87
3 475 62
552 829 32
494 893 88
930 16 7
566 549 42
867 660 65
301 109 42
83 348 54
43 315 72
61 558 34
309 815 81
11 174 28
82 95 52
657 597 85
582 248 46
488 373 22
949 199 63
741 329 99
995 788 83
67 700 2
586 797 94
391 219 53
774 245 41
125 577 4
704 556 79
369 527 1
900 526 10
59 834 4
588 605 46
893 369 7
427 674 68
606 297 51
388 207 34
100 451 20
252 270 18
762 597 39
261 533 29
665 576 80
583 614 13
807 479 52
175 696 18
160 920 80
363 300 17
313 373 3
822 717 20
46 994 82
673 949 43
697 855 5
431 828 14
239 612 16
144 35 24
183 78 86
46 445 33
485 780 3
487 689 80
242 217 16
362 891 43
554 70 3
602 257 4
22 383 45
383 827 2
190 705 64
14 672 26
585 162 93
152 255 17
257 894 59
724 622 16
527 885 84
816 998 1
437 498 84
120 619 48
885 305 11
407 41 41
704 359 79
120 897 52
99 879 26
47 202 38
770 451 92
874 5 8
753 949 84
584 860 38
774 690 18
490 266 10
590 180 56
857 183 36
288 180 37
855 983 73
834 516 63
697 968 7
131 925 35
453 494 79
587 186 79
256 269 64
153 640 22
815 138 60
385 461 20
415 909 39
204 780 18
341 246 94
107 688 85
766 936 92
533 509 72
709 557 91
258 915 24
484 465 63
906 81 12
701 67 34
916 859 96
527 568 55
864 988 6
55 262 60
563 930 45
695 4 35
616 664 43
19 150 58
176 242 88
678 303 75
604 470 2
77 291 6
502 328 2
109 587 46
371 686 42
420 216 77
421 622 13
154 169 8
898 229 69
77 774 46
910 252 26
798 247 26
78 223 79
516 490 92
495 737 61
128 682 12
274 445 88
233 911 46
960 209 65
905 773 67
820 232 64
145 171 35
397 789 76
894 256 97
416 417 75
988 881 59
811 807 73
256 48 91
374 436 33
361 109 53
416 839 36
642 730 38
380 175 46
680 176 91
633 459 34
574 976 24
224 360 62
190 688 15
407 230 47
969 650 44
997 646 65
785 309 97
465 54 58
220 595 94
375 600 59
856 572 39
627 891 97
600 258 66
154 552 10
289 464 77
382 462 98
215 676 88
687 870 11
666 275 20
258 608 21
458 507 43
712 673 91
697 335 29
693 118 78
836 123 63
850 11 17
633 243 96
531 622 8
484 376 67
639 969 81
387 511 25
726 602 18
157 299 86
211 182 31
455 193 3
14 550 22
95 634 57
803 983 3
529 61 98
560 214 41
863 897 95
128 999 52
665 836 85
461 756 28
974 981 62
394 547 15
691 189 69
947 329 13
220 146 4
124 673 61
674 732 4
891 668 33
10 510 35
396 610 13
809 171 36
695 455 39
957 375 72
879 425 70
405 167 33
111 370 24
332 561 85
801 435 18
35 431 74
694 729 13
103 492 35
646 101 90
16 100 67
734 537 20
749 301 30
767 736 9
43 515 87
171 183 68
555 127 16
419 816 8
186 628 49
461 594 94
943 738 32
822 757 13
707 675 31
842 95 60
121 286 74
527 882 74
407 560 17
563 859 4
133 773 92
178 476 80
596 317 79
935 393 64
789 252 40
65 867 3
582 737 42
575 986 43
169 125 72
381 460 44
361 297 16
597 134 94
345 114 9
729 728 94
579 416 5
495 614 65
528 244 97
221 192 87
163 403 5
241 260 63
868 516 53
464 782 95
168 372 46
146 889 87
910 561 40
133 982 46
863 187 83
604 471 10
606 17 39
7 116 45
104 335 93
407 425 89
913 275 40
600 550 38
65 473 9
62 382 21
364 65 51
139 148 18
404 536 74
255 249 71
764 735 82
852 476 98
129 558 9
388 572 10
284 866 73
219 267 59
315 495 12
635 418 8
396 843 41
39 560 69
1 541 16
7 625 44
585 142 94
104 70 23
622 914 95
145 360 36
377 74 40
383 613 71
513 943 35
303 918 3
898 321 98
18 704 97
82 826 99
608 432 14
153 848 85
409 795 92
378 444 77
573 662 87
653 200 87
369 115 61
352 746 91
327 690 44
33 957 17
301 39 55
230 66 75
877 825 88
794 447 72
584 755 17
321 863 93
558 449 35
892 972 25
827 670 29
91 89 11
846 48 29
689 575 37
230 194 67
433 761 53
513 391 43
672 342 39
799 439 43
620 957 41
366 845 21
512 801 46
318 534 80
457 924 91
290 17 91
316 256 22
71 268 44
489 940 47
313 746 22
224 163 15
237 419 80
319 386 33
157 79 88
26 610 19
923 122 51
201 176 97
505 605 40
23 99 74
712 208 32
381 670 32
336 538 46
486 747 74
728 931 23
107 274 15
745 897 44
409 348 91
815 159 4
328 518 29
347 412 42
324 72 53
659 719 16
537 946 6
773 473 87
779 231 81
127 666 33
201 275 34
49 400 14
656 915 8
0 839 22
12 255 29
275 692 22
748 32 71
779 101 13
313 515 11
120 93 61
321 964 93
471 112 58
140 745 39
341 418 21
253 143 94
960 357 55
657 676 29
102 557 26
260 668 79
727 468 91
189 671 84
784 625 8
136 69 11
80 635 100
836 360 63
349 417 87
644 479 69
336 703 83
524 533 82
88 722 39
211 851 65
478 755 17
702 625 8
909 106 47
7 608 29
670 698 34
314 426 55
167 598 74
7 676 10
594 834 61
904 500 85
0 985 15
43 78 87
795 836 22
275 57 60
505 609 31
928 744 41
191 636 66
745 662 19
924 122 82
20 883 80
73 833 48
394 593 30
894 951 93
479 505 69
459 413 2
976 710 21
271 822 36
202 276 46
957 476 55
292 974 46
864 314 41
819 217 97
242 296 57
435 393 34
399 216 45
225 28 74
569 395 25
466 598 39
592 675 2
42 319 73
399 323 27
829 867 28
801 609 83
871 0 91
632 16 51
394 241 86
54 550 72
912 862 91
50 535 21
993 159 52
734 769 54
781 611 79
917 996 2
91 52 79
883 867 28
839 408 31
116 379 67
763 900 69
937 925 53
471 547 55
591 560 60
344 262 97
554 375 3
902 677 21
113 294 79
306 374 86
185 357 3
467 831 49
235 353 17
9 334 6
15 250 97
862 339 17
35 307 34
406 817 55
643 982 47
515 601 77
662 261 20
421 63 47
938 68 93
477 667 38
545 617 23
878 275 59
773 953 77
936 66 47
739 432 39
252 72 54
454 245 14
953 693 22
255 536 75
29 569 31
571 49 34
752 610 66
319 163 38
389 885 72
469 448 78
812 106 86
331 590 73
273 964 12
252 766 27
78 540 94
916 142 34
295 863 69
39 77 8
516 909 76
96 77 12
667 851 72
239 408 10
936 696 17
553 656 77
37 475 36
750 190 47
173 297 32
438 172 9
547 429 29
799 785 45
474 352 2
238 962 53
284 127 1
396 975 97
994 602 32
754 44 33
608 164 12
733 925 14
871 35 32
43 227 25
729 620 36
995 208 5
210 475 69
572 504 10
897 552 49
732 195 13
22 608 6
569 521 25
246 251 87
675 552 82
599 651 69
858 344 55
824 672 33
716 563 62
189 854 100
700 463 68
79 768 77
188 283 49
799 25 32
99 569 11
419 55 47
996 423 86
637 51 47
597 653 2
701 558 75
296 658 87
259 648 17
429 141 81
215 729 68
997 907 93
886 356 18
473 478 54
161 474 5
364 394 72
241 71 86
559 60 21
916 44 39
714 263 2
774 193 55
487 447 50
222 882 22
529 152 46
135 507 32
10 22 76
900 443 42
904 74 71
27 483 90
254 988 95
649 79 56
232 911 86
823 611 7
937 168 86
708 961 60
494 310 14
345 425 72
742 381 98
87 454 68
828 596 98
192 694 92
169 192 17
765 93 2
140 727 14
273 816 2
886 542 17
26 585 91
913 713 7
555 33 9
5 590 47
147 237 57
875 33 58
84 868 49
829 633 67
430 702 93
72 910 39
94 606 14
394 703 43
156 359 3
333 404 1
511 898 47
767 211 71
258 229 35
374 708 29
284 355 73
315 539 21
316 235 75
110 220 88
297 402 39
976 582 8
331 206 9
436 176 63
162 562 17
559 22 46
385 642 40
875 130 68
422 454 87
945 523 80
955 721 54
67 530 67
790 956 85
695 232 69
513 194 6
4 545 58
153 592 89
304 552 60
361 887 93
148 368 19
972 38 35
429 347 24
298 241 56
357 50 85
282 8 7
761 347 96
79 642 19
581 413 58
495 172 99
916 643 71
276 507 95
439 591 84
501 883 24
205 496 72
620 719 4
761 950 88
723 780 83
250 164 99
96 941 79
247 23 1
961 928 4
259 775 58
532 303 37
261 377 98
79 606 65
349 858 82
297 526 29
616 355 13
771 36 65
163 105 52
407 263 83
306 326 77
917 515 30
435 194 39
531 839 86
687 225 14
858 486 47
119 814 33
571 580 46
725 480 45
20 557 96
533 917 29
644 610 30
464 324 4
550 963 60
505 595 62
926 660 86
531 686 10
379 6 66
165 677 34
41 786 3
849 534 7
260 796 28
608 23 14
338 45 19
707 407 25
555 624 75
573 393 41
180 412 87
163 746 65
320 17 14
714 396 95
385 944 54
503 611 71
342 766 39
917 991 83
163 653 56
368 339 36
915 157 82
801 218 48
983 708 100
210 730 99
562 930 86
112 602 54
943 52 8
265 971 68
231 196 70
55 442 69
239 268 24
482 247 7
632 58 35
448 140 13
456 567 42
999 400 100
171 729 13
650 601 50
337 109 21
779 608 8
129 646 84
57 553 98
121 171 58
190 532 82
