1500
3000
932 1414 73
145 172 13
396 1365 76
1409 1152 94
940 748 71
1493 441 30
228 1467 64
1372 1220 97
1041 335 42
1057 1290 47
861 894 54
942 157 73
527 236 37
1427 689 54
577 428 71
544 750 43
836 1056 99
799 1458 5
448 714 12
1404 617 40
1020 1074 7
1063 1440 26
224 946 21
1407 1045 29
894 1382 72
727 225 75
1221 505 83
952 120 98
1092 646 41
478 364 35
1020 1499 92
904 886 46
101 1074 48
868 504 46
698 154 82
973 632 74
862 961 40
1328 1050 71
223 1094 97
1190 470 90
804 135 60
324 688 74
144 657 56
1139 390 82
1081 244 88
1345 21 93
596 609 36
958 811 6
357 238 100
390 1015 44
761 996 44
1113 541 16
372 1346 29
1444 408 52
374 1094 95
153 1306 65
958 540 34
1358 924 37
1263 736 65
1003 263 96
1110 71 83
345 1123 45
1159 375 80
677 250 73
1313 297 90
1372 350 26
140 819 52
122 912 90
43 539 92
1328 305 60
774 974 89
547 1226 3
589 703 48
1299 1486 72
1139 987 2
415 694 14
162 1430 20
1215 847 69
819 716 75
641 906 32
1422 1250 61
819 1336 15
926 614 88
582 789 14
668 1353 66
351 174 8
854 416 35
932 75 5
1360 1110 84
935 224 92
279 1452 74
27 1013 41
539 1183 90
1073 721 82
296 261 1
1077 50 95
1256 299 80
16 717 79
140 1184 9
368 178 12
1171 244 6
390 1269 12
798 1496 30
882 1213 14
378 1457 24
1486 49 31
36 994 58
181 842 65
641 142 38
1420 1126 58
14 247 3
730 1332 70
287 1015 64
1267 330 51
163 639 60
8 106 59
869 674 50
1310 448 27
1206 1184 43
945 478 54
168 1437 44
1384 979 91
1260 1462 49
1236 1345 69
1290 105 47
362 159 99
1093 779 92
844 184 8
662 630 77
1154 1238 45
474 1454 82
1410 1234 47
12 847 24
1123 882 71
162 66 63
1214 139 31
62 161 93
803 167 48
364 473 22
203 21 59
458 207 27
134 212 45
433 1495 80
699 1488 46
615 1383 5
1289 678 65
539 101 66
248 1027 55
1329 364 64
1498 1080 60
1193 931 21
458 1090 51
395 1282 31
588 336 28
840 245 95
363 852 24
647 476 72
1155 332 75
1426 324 79
761 372 92
717 728 75
251 145 8
956 1070 3
400 747 46
990 493 23
1093 887 86
310 900 1
114 327 98
1290 568 67
1225 775 47
537 164 43
1256 796 5
744 1252 81
195 120 77
157 213 16
715 574 1
962 923 34
1253 1446 58
977 251 23
569 456 43
1216 604 100
735 108 67
809 1410 77
108 1472 68
1329 75 15
1131 1335 94
306 287 100
149 638 52
461 1302 32
1224 263 7
803 1298 72
1322 705 74
695 328 95
581 654 4
318 1169 66
1309 71 34
727 1172 77
669 701 99
1344 39 47
665 112 70
1080 1176 20
1169 780 1
1475 132 32
1194 42 85
439 509 52
261 980 97
880 979 5
1109 52 73
538 1444 68
1176 362 15
277 1455 78
55 699 7
230 434 90
1347 741 50
407 141 93
429 771 65
302 247 86
475 48 59
209 1404 85
1489 4 14
301 344 20
836 782 83
601 722 48
244 714 100
407 488 14
1304 1451 70
499 470 62
131 411 70
68 1364 96
1251 1384 50
715 421 43
1060 1371 93
560 1121 23
656 1105 79
434 1416 96
324 16 31
391 136 75
412 1308 54
1263 580 3
566 1488 56
752 8 19
124 1059 54
135 1033 70
1251 342 17
1018 795 100
150 1386 51
1365 569 73
336 24 28
282 1341 27
1069 262 4
652 1496 90
468 739 24
791 1148 87
892 1147 60
955 1303 8
1296 124 94
1032 1203 11
1110 702 21
113 1172 53
474 1163 46
75 719 52
1158 1359 82
980 847 28
714 1497 89
1460 2 2
716 556 89
107 760 32
1391 227 48
1380 828 36
1073 534 98
776 162 49
464 259 13
742 1490 42
241 1309 93
1332 1293 11
520 852 87
60 422 91
577 155 93
1055 1206 93
155 1180 94
628 624 48
297 245 93
462 401 40
600 118 99
576 505 86
478 1218 90
797 647 83
1376 96 84
1414 191 12
523 841 37
1397 936 85
548 977 65
267 1010 79
1367 959 72
896 648 43
1044 284 65
1371 191 53
199 1070 50
119 547 87
302 316 23
770 955 29
972 34 47
858 1107 95
1249 238 60
1406 140 70
92 25 55
1481 955 41
49 811 46
17 64 18
615 655 94
35 43 59
85 995 46
612 989 36
466 215 100
508 1167 64
912 848 31
1059 65 40
1130 497 81
1297 772 66
1194 189 95
103 1333 89
779 356 14
1065 248 78
685 504 53
698 275 70
941 824 35
643 641 89
999 849 90
33 119 56
1432 1006 5
1133 977 86
566 1 69
735 1121 33
1083 1022 20
1140 1091 71
582 1047 72
591 948 26
1468 384 80
1408 380 86
907 1127 8
578 411 99
763 900 9
988 599 46
721 833 5
243 67 32
73 1405 91
90 375 93
471 260 26
715 608 79
269 1328 22
464 420 50
487 441 70
868 1234 39
1201 513 20
810 534 46
929 34 4
17 616 43
645 258 71
704 277 53
1350 877 7
1027 268 61
112 915 36
779 372 37
694 1010 43
842 924 70
12 1369 83
591 640 72
1334 471 6
464 1030 25
252 951 48
1439 271 15
1435 117 45
526 329 9
324 1264 94
217 1142 64
113 928 11
549 16 47
1467 1429 98
307 1348 18
757 787 13
942 884 83
947 693 99
1209 162 84
709 1239 11
1205 281 4
649 239 23
992 30 48
448 856 4
682 1391 64
1217 641 69
497 494 39
650 195 20
0 1011 38
1246 449 14
835 290 63
1374 852 66
836 541 35
291 897 70
376 800 25
12 1456 43
1166 66 4
303 1346 15
1011 1 48
72 88 70
646 1461 66
145 975 51
1482 1362 93
262 1144 3
657 920 63
406 1395 99
824 259 88
595 1208 82
366 597 90
205 1121 23
1067 688 40
549 1357 76
164 1186 60
532 1167 6
0 867 53
1078 1006 23
740 31 90
209 572 18
491 1289 43
716 555 30
222 1059 33
1110 816 31
454 271 43
341 222 91
771 1133 76
117 1091 62
468 131 96
1085 395 29
336 890 13
377 602 63
534 419 49
1270 333 55
1002 1303 39
1230 1151 28
868 1320 77
1179 139 38
676 815 83
524 1298 94
95 81 29
333 1027 3
599 1212 62
441 1367 95
1363 1406 81
1011 696 21
375 158 61
267 529 50
475 392 72
1214 334 97
216 707 41
1153 579 3
1316 778 10
126 926 95
384 1184 27
261 1397 85
1233 1358 50
1090 435 43
61 1490 2
1150 379 32
1201 199 19
313 1242 18
1479 504 20
1223 1279 13
295 497 23
247 983 16
237 876 30
40 596 18
268 925 91
194 456 8
475 850 11
775 1283 39
412 420 24
307 149 23
503 595 14
1344 970 100
981 409 23
64 1195 64
689 432 10
303 657 100
869 943 91
245 1158 41
753 1312 71
1082 1139 28
1187 419 2
1411 777 11
1352 1443 67
707 641 15
419 536 48
664 391 59
448 233 67
1420 1023 96
1490 335 18
248 286 74
874 7 44
1015 1184 52
1193 1483 4
584 898 94
1108 498 29
564 1005 79
641 517 93
1321 1213 100
898 217 70
65 399 24
887 419 40
451 484 5
1372 613 71
914 739 76
1008 1072 93
1290 1319 94
610 621 20
1359 592 78
1364 212 90
0 232 87
819 789 88
1462 293 26
1432 1395 33
1485 574 80
1065 1181 92
367 223 34
994 346 92
646 150 24
485 354 50
990 608 37
1450 57 30
625 222 32
596 610 91
521 1395 21
1085 512 58
1266 959 48
590 1201 90
716 1430 48
850 823 48
968 933 28
1231 1061 66
251 649 100
115 1096 99
1078 251 38
872 1304 69
1436 1209 33
306 1134 83
66 1281 3
902 1326 57
436 79 29
642 1298 20
1316 1205 84
1361 1227 70
210 1131 23
496 553 84
685 638 92
728 1456 32
526 131 67
1116 1359 69
680 615 39
579 350 48
96 565 92
1079 1364 54
1340 267 23
275 693 85
1475 1244 2
1460 124 30
135 736 11
442 1137 40
1033 825 20
1118 438 2
87 1058 44
83 340 12
1103 927 71
668 195 28
1451 1086 35
758 382 23
352 515 24
320 1400 67
442 587 73
273 270 41
1352 1029 45
489 1332 56
897 287 96
1163 100 77
1021 7 25
146 896 96
743 1220 68
648 1474 17
1369 532 10
343 1369 47
404 178 51
1123 443 87
962 439 77
1321 847 58
527 1364 3
906 371 55
288 895 62
401 1137 70
391 924 59
1381 299 77
1460 191 57
775 812 31
609 466 90
947 1089 46
47 1243 5
1416 688 12
397 379 76
793 1243 62
535 1304 92
237 1481 14
735 490 14
1405 1156 89
900 745 15
217 984 16
611 1223 95
784 1425 32
421 1271 67
591 771 58
1377 988 43
138 696 60
1112 68 12
254 778 64
1438 1058 48
1467 655 69
905 1435 54
1096 619 51
795 374 89
1297 357 92
73 438 69
1329 1168 14
1354 71 58
89 774 57
479 370 22
407 1046 85
609 65 49
1099 485 98
879 319 60
929 836 1
581 714 16
355 565 47
907 27 76
377 608 22
1171 1003 18
157 786 1
1298 753 91
433 1484 40
131 464 8
24 960 58
908 13 74
1181 685 54
983 762 23
121 761 17
1002 266 72
1075 1357 94
443 720 93
767 1306 84
1397 1096 92
371 246 61
666 1077 26
1162 209 70
982 169 76
1297 602 78
658 1318 28
1136 864 71
460 91 60
926 324 88
1334 1239 94
1220 490 97
460 139 30
458 651 7
152 1218 99
1186 1019 55
610 141 84
1499 1240 64
291 368 7
1335 319 77
493 1070 8
565 1012 34
1211 981 68
1339 224 6
68 662 88
1091 1434 83
811 277 86
456 1360 89
1324 1267 15
1480 657 51
818 491 94
48 1200 26
1019 866 70
242 227 36
643 990 11
789 717 14
113 1451 84
412 835 94
1152 554 17
67 179 49
1300 1292 99
39 394 82
1469 371 89
336 1453 24
440 1222 94
1366 420 14
161 766 19
812 38 59
373 158 28
602 1407 69
796 1246 57
41 955 3
434 973 85
60 647 20
807 1267 38
151 690 34
580 1013 91
458 563 26
768 41 51
294 110 95
1105 1083 24
526 135 31
1439 547 10
875 1372 58
417 174 37
780 746 84
667 1475 84
852 1451 50
833 1323 33
283 455 100
1136 393 82
1022 1001 10
411 957 34
640 270 56
192 1160 86
310 234 14
761 995 95
1479 147 37
825 1122 94
838 206 63
918 821 82
102 647 90
1365 9 16
1364 1472 17
570 939 35
1381 1314 28
942 1483 1
1353 592 6
970 634 29
411 124 96
1127 547 20
1404 98 73
231 657 100
934 1058 28
1403 846 34
247 309 42
1390 1165 3
417 431 53
302 946 22
403 1012 41
906 880 91
345 399 61
1485 1064 76
1414 701 33
238 1194 57
505 1279 48
170 1086 12
646 601 17
829 1362 72
79 852 52
1198 630 46
219 54 73
509 1435 9
185 531 66
1066 793 3
806 552 43
374 1368 87
812 271 71
1147 95 74
507 149 35
427 588 61
1491 630 22
281 70 54
1040 591 68
1025 1498 87
473 1094 98
1259 1227 55
91 1434 50
14 568 6
272 1007 51
556 1452 24
209 174 1
840 252 56
1355 168 37
886 9 2
104 612 37
1468 390 12
508 1418 53
1323 317 30
947 408 25
887 198 20
1337 174 8
836 1495 24
369 222 29
51 775 6
1150 827 97
264 1417 30
2 59 62
472 842 87
354 1183 95
1124 558 58
1295 1209 53
1387 546 51
982 1011 21
277 299 5
984 1358 38
1421 1368 90
734 1427 29
1333 756 61
118 830 74
348 970 74
695 1081 54
1406 696 44
828 67 49
885 628 76
789 1223 14
917 179 14
1330 581 53
926 554 23
692 123 92
304 951 82
1412 312 73
192 540 12
600 1299 34
230 805 66
32 646 47
1227 703 9
1369 57 73
1248 1170 88
684 889 26
123 994 30
1343 67 33
1139 634 79
332 709 89
1070 890 34
337 224 92
109 1361 71
758 975 31
1308 486 47
1144 941 84
1310 1486 17
340 496 29
97 1008 27
11 970 66
402 103 74
652 1082 89
900 42 74
319 477 72
990 359 67
747 1022 5
1349 109 59
703 845 88
1269 33 77
1097 1259 23
1018 1461 87
356 1366 48
1070 1435 22
986 47 39
555 169 61
993 716 78
1407 18 69
1170 381 83
1380 25 18
994 1282 27
373 253 16
114 214 15
674 1379 16
681 1439 55
1395 718 39
696 1114 33
261 176 39
267 92 90
341 85 6
1438 179 44
1361 1070 54
459 96 38
942 1472 41
927 840 14
188 796 94
631 979 24
1260 1273 25
709 401 39
546 1064 91
757 516 79
828 200 39
589 502 90
414 1360 22
1422 1321 56
195 271 49
1304 1468 43
687 249 61
1310 154 55
176 518 39
757 953 28
333 752 36
895 1222 55
769 1215 22
1141 1387 33
649 1276 64
185 931 87
312 1043 93
1309 1137 15
1474 520 63
1014 1364 90
537 560 1
68 825 23
282 844 21
832 1240 83
1329 26 99
1195 1010 62
1248 1416 78
1037 1046 10
589 891 63
141 960 54
465 987 65
682 523 16
829 1433 2
812 838 20
1039 490 96
1225 261 6
16 518 51
356 922 53
228 182 63
134 1035 33
630 250 69
68 285 65
1021 448 11
636 595 40
1429 1134 46
811 903 29
156 541 73
181 279 47
479 1336 32
817 261 61
1398 25 100
689 161 86
320 1260 95
432 1260 67
340 967 26
628 557 39
1409 796 32
1339 172 71
245 565 15
552 1032 45
592 217 72
1189 579 39
1286 1229 62
508 1261 13
70 569 10
1262 271 56
884 284 66
945 1020 6
834 366 6
1204 1288 36
578 843 72
541 373 42
932 416 69
298 639 73
1328 553 49
865 1067 26
710 1092 16
908 425 96
338 1476 47
1128 255 69
1404 1266 10
1230 305 38
982 523 65
1483 320 38
3 1198 90
17 152 76
800 7 77
840 864 53
341 1190 75
393 865 40
129 894 69
109 419 61
569 960 77
593 1006 92
1101 193 31
1154 152 67
1341 1081 50
691 1199 2
1200 1159 29
819 1248 55
614 1168 17
584 441 9
979 29 20
1290 926 64
23 825 93
730 1392 83
249 203 42
62 547 5
1256 395 13
1141 388 90
833 526 63
1033 1238 22
1005 638 62
251 1394 7
1329 657 15
986 113 45
974 1449 69
1114 260 66
798 662 6
1261 285 12
61 840 81
145 934 56
320 1046 46
1097 469 61
137 350 76
1453 248 89
705 654 37
581 1028 70
1152 737 44
949 574 74
175 418 77
991 753 74
1305 493 22
1247 1356 87
647 1165 33
1080 842 11
1211 1005 80
268 778 68
1126 872 40
1452 18 26
169 402 49
735 566 52
1135 323 18
1418 884 77
217 867 63
770 999 18
10 913 46
35 307 87
1496 497 98
588 624 48
560 501 31
338 1210 55
417 617 36
1419 10 40
838 177 96
838 948 68
593 62 68
1285 218 64
175 1123 75
986 1360 49
1489 36 19
723 799 99
1451 97 86
344 562 1
263 1390 80
585 917 63
703 459 89
83 277 53
746 750 42
610 216 34
648 1204 82
1095 400 69
1053 469 73
116 690 11
80 97 77
624 770 21
973 717 50
157 948 71
665 1391 52
500 874 80
1475 598 92
698 840 44
1273 547 29
1 975 8
86 1484 73
806 1330 16
1149 803 26
1225 1099 16
878 98 53
363 1479 95
523 800 65
1376 965 35
1142 1226 73
490 1234 58
1286 1042 61
1281 973 22
598 1409 70
676 488 1
52 741 85
1138 949 12
881 1333 5
30 913 57
311 1077 60
1256 860 54
1194 989 26
618 891 61
412 211 100
310 1249 54
774 508 23
1219 265 15
329 155 54
1007 1169 76
684 594 14
91 1059 92
378 920 48
127 977 26
539 1493 62
916 529 46
608 922 84
802 712 72
717 862 27
1192 3 42
1423 26 24
735 267 14
126 471 96
1231 620 29
1430 293 12
371 29 100
310 77 68
157 1036 90
410 1187 81
636 1320 48
433 171 59
1107 1408 70
56 547 46
482 740 81
1269 108 79
1004 1432 67
772 359 12
1013 483 44
1427 1284 40
416 1395 25
1083 1405 29
863 1324 84
967 70 38
130 719 82
211 683 95
210 614 88
784 1112 94
1381 277 61
295 92 98
1386 920 3
330 1471 100
601 715 2
712 56 98
1074 728 99
1275 604 79
443 84 67
1492 322 35
692 153 13
875 1314 21
219 237 56
855 951 26
931 1392 42
272 1234 55
1453 71 1
246 185 19
122 338 86
840 390 19
1072 1197 21
410 333 97
1107 508 79
1094 328 91
1441 1053 47
154 471 99
741 57 3
1273 1366 68
535 534 72
601 1 33
1419 1434 71
1136 94 40
211 351 83
1063 1370 56
224 96 57
438 1228 8
358 1014 47
1094 148 44
631 811 56
1228 139 63
1406 437 22
491 785 38
1208 1092 35
746 1107 100
671 1383 1
695 95 63
1010 142 41
877 1005 60
219 590 84
1290 522 23
872 925 12
744 264 19
1481 483 8
187 950 47
51 900 64
107 570 3
1187 1327 36
699 864 9
1122 990 91
1328 1270 28
1118 765 44
181 1122 72
212 486 28
620 1091 5
505 800 41
562 774 3
1442 997 10
1117 915 25
579 724 42
1321 357 1
1426 1164 9
1222 1304 4
900 1484 27
185 60 22
1119 1161 10
375 1234 82
416 536 97
863 152 63
537 1495 47
1243 76 2
1134 1282 15
1422 564 2
581 620 50
1362 602 77
155 243 55
1029 297 75
351 1349 88
1059 776 52
544 138 67
1104 1008 70
903 338 16
1321 645 88
201 1374 95
1317 547 9
575 253 99
33 539 43
704 1002 3
1353 349 55
12 44 47
824 292 84
1244 182 23
41 366 99
453 605 45
1346 1108 21
946 1023 92
433 700 16
600 648 32
29 135 100
214 835 54
1020 137 36
1423 861 4
1038 500 78
156 947 53
1372 599 14
725 1496 10
707 383 79
1292 1186 76
1007 416 22
1203 641 34
1021 1219 89
499 1168 23
1000 1211 84
127 693 4
286 148 39
528 1492 74
1159 543 77
739 690 98
515 637 90
599 1227 49
950 834 40
471 41 67
1070 459 8
900 982 52
515 1051 97
382 618 48
323 954 38
807 53 81
1335 129 25
679 1002 99
129 1372 100
1421 659 95
778 290 84
275 887 31
1170 1372 46
406 855 59
1335 1105 95
1020 762 41
437 139 86
635 301 81
621 638 21
1223 578 87
515 670 78
817 167 79
1003 1244 44
509 257 1
982 915 33
533 78 69
1229 442 5
507 728 72
792 691 12
903 192 56
1290 4 27
521 970 92
411 849 84
1393 309 96
914 1233 19
18 218 4
853 595 89
62 489 13
1375 30 44
177 1423 94
131 628 3
223 236 32
1125 1270 27
33 855 39
305 770 55
895 1019 77
216 451 33
1247 943 22
296 136 97
811 203 48
381 1159 5
979 414 12
1453 998 18
1144 1488 54
311 1382 26
237 1042 72
1489 1016 75
413 1315 8
459 1119 15
512 1272 12
801 1335 4
527 939 59
1215 1470 26
751 1264 27
569 365 14
1464 1165 93
364 730 74
234 1116 61
1253 1369 76
113 963 76
345 488 52
205 1411 25
413 1071 6
366 715 48
316 1369 84
1376 717 46
913 1172 99
768 319 72
170 51 15
618 1055 89
224 46 58
1398 250 56
989 1109 17
1484 749 31
932 106 9
654 742 35
955 365 100
5 1177 4
285 1034 99
1343 1248 69
724 1160 93
575 684 34
275 1039 90
1048 1274 78
764 342 90
852 560 49
1180 542 16
118 1181 59
1131 1094 21
672 797 77
983 322 81
828 1057 36
135 597 11
173 377 87
1022 142 3
488 1303 8
1020 240 4
94 536 18
1387 124 94
279 1362 55
900 1138 69
315 1326 85
1043 1471 10
131 842 79
28 1352 38
471 1286 5
1092 423 47
695 1164 68
243 629 38
1499 314 39
22 1038 53
1430 1252 89
841 105 78
1383 220 48
30 1197 6
922 106 14
455 1268 97
790 1006 43
909 1 54
223 472 40
490 1493 69
292 829 7
278 681 77
1215 893 84
965 718 23
746 909 12
588 2 12
890 43 74
449 1460 54
362 455 88
572 256 96
815 116 29
1165 234 77
1336 484 50
667 700 39
1305 422 39
619 1044 35
926 123 64
1427 1104 22
983 777 22
154 128 13
699 81 27
8 634 88
935 949 96
1308 242 8
522 679 68
668 1452 1
1174 60 70
1175 277 9
1135 796 88
761 888 69
670 0 35
488 26 74
1223 386 34
785 1275 10
198 934 91
277 1339 49
1295 1056 16
1155 1369 25
1012 338 16
1088 949 72
70 207 69
1253 1438 21
1166 703 17
858 303 4
874 1102 95
727 30 49
347 1193 24
1317 771 93
158 934 51
1467 1450 94
490 922 93
139 595 76
1431 277 15
161 1190 71
355 625 8
1299 748 63
313 1032 91
495 1058 32
609 985 41
341 9 21
519 1199 50
633 534 14
939 173 80
992 1268 8
261 1399 2
398 1166 72
37 951 17
847 503 97
554 1239 52
529 650 68
1371 171 30
1157 1273 62
979 36 65
1497 812 11
767 1059 47
629 232 25
338 876 28
612 929 93
1497 774 80
941 490 14
1274 79 98
401 1263 7
327 675 67
1277 175 64
489 192 79
714 934 56
459 1242 66
845 296 49
1082 271 59
314 1058 3
864 94 7
854 679 92
615 0 46
610 1458 36
82 543 69
1463 457 71
182 1229 34
596 1022 2
397 1387 93
210 1332 20
208 751 14
399 449 61
765 383 65
1078 1213 66
753 1047 10
631 1068 96
830 1451 15
980 1351 53
494 367 6
676 553 99
719 635 27
95 595 27
1477 1356 20
1210 326 29
970 277 7
80 428 96
450 572 84
1047 1391 44
830 291 92
836 1215 18
249 1167 78
1115 114 30
799 1065 56
193 253 20
737 584 48
6 595 28
1475 1497 61
489 1267 90
534 766 96
876 582 78
752 55 46
372 691 32
595 320 39
968 297 5
1334 1070 86
506 861 83
1482 1074 86
1420 168 26
1117 1016 26
1400 861 25
147 1053 32
73 602 33
1060 313 91
694 573 67
904 1432 90
76 591 86
1192 296 27
1167 1027 6
867 987 71
595 238 88
67 719 41
1035 330 48
157 1497 89
381 740 16
1121 902 34
564 804 65
90 621 9
816 153 15
729 1166 96
912 1288 35
229 382 44
313 1239 16
419 1398 93
1186 678 65
1002 902 79
839 1253 58
1448 455 50
953 1388 62
695 883 27
1420 783 78
539 831 65
121 96 72
563 945 30
1208 3 25
1237 674 48
1446 1156 100
1462 824 68
965 1232 88
373 652 75
674 29 50
522 1211 26
1347 102 30
921 1228 40
57 758 6
538 649 43
967 663 58
1418 632 77
654 1356 19
112 839 68
1409 562 6
210 5 15
1031 1497 56
1192 477 14
866 655 95
746 1301 74
1281 434 79
779 693 57
807 6 57
73 758 1
980 292 68
231 1070 69
175 1224 43
710 113 46
101 269 44
63 171 25
481 1433 1
123 1003 77
1216 409 60
834 1252 55
978 976 35
1125 1416 42
530 239 35
233 97 18
722 2 91
800 1109 57
885 575 38
1126 888 37
1288 1241 20
426 1251 62
146 868 100
1386 647 53
1 169 41
151 192 50
1493 1454 20
45 973 83
1205 1097 63
250 343 72
1158 716 48
562 568 83
852 525 3
1353 1217 70
594 963 99
298 1182 71
1190 1406 17
865 951 7
1241 1130 17
1080 135 60
96 1262 17
346 1122 22
1123 1055 7
785 808 29
1105 1463 78
414 1382 77
912 333 2
1365 716 63
928 1446 73
184 649 86
1304 1370 99
954 225 82
1407 1418 25
351 700 7
1410 1453 37
746 618 99
848 822 58
1433 1219 3
1274 151 34
1397 1221 21
292 186 81
1478 325 35
733 7 16
1369 124 5
1497 1223 40
281 1286 70
549 433 34
1162 632 48
105 515 63
792 208 43
1453 611 44
371 1369 99
180 1499 42
880 656 93
162 154 70
1363 898 19
921 550 69
968 1420 27
942 825 82
550 791 59
706 899 28
625 1123 80
1152 139 19
416 728 64
465 1481 45
1054 710 4
63 938 37
164 103 66
1484 1099 100
761 757 68
222 129 82
1253 358 30
846 355 59
1173 59 60
693 452 17
251 1244 49
1371 759 86
1272 1278 34
1193 1239 12
610 815 22
1272 871 91
240 140 85
1495 402 32
1248 1473 69
1423 352 18
1248 602 74
1090 1102 74
757 120 80
571 1396 84
562 630 72
1236 1307 91
21 1030 75
604 884 43
910 1250 66
394 383 45
538 1478 10
933 1296 58
302 503 36
40 300 71
1405 1170 95
872 854 34
460 858 29
63 1320 59
99 182 37
868 1189 38
1047 208 100
543 550 83
260 1395 82
307 1287 70
95 1023 22
1417 782 53
375 1369 98
747 1473 90
1151 721 2
1095 1191 20
386 575 97
546 1218 78
185 1211 45
575 1349 81
996 728 50
173 1162 30
1462 660 11
1457 1354 79
694 723 34
464 657 95
74 1344 20
24 59 98
1049 326 93
243 1329 6
1076 813 17
683 889 75
1329 1091 18
44 335 52
376 1182 26
589 1141 64
765 271 60
1174 852 35
1099 363 11
221 675 65
362 1257 24
903 1220 56
1338 907 3
1497 1025 67
463 74 48
991 206 44
1391 1115 26
376 184 62
1465 320 40
940 394 88
394 872 84
220 1231 33
443 997 20
736 576 41
994 445 23
997 1088 25
1068 455 31
886 908 97
1221 967 13
786 1427 85
985 517 45
647 339 41
1146 1462 50
319 1331 94
1311 390 19
260 1346 92
1120 512 56
1042 1143 22
328 417 61
1473 1241 24
931 280 83
803 1341 59
1274 770 79
926 852 96
722 1322 11
579 558 3
1077 1056 61
703 456 51
1016 1 70
757 900 24
413 544 10
428 188 35
974 1189 83
1407 565 89
1395 1097 4
411 886 64
103 1216 54
720 1383 70
1210 962 61
666 570 99
473 62 99
518 478 56
1316 1387 18
244 241 57
994 736 70
1261 905 78
649 969 27
1060 638 8
824 56 28
258 201 66
315 708 17
1461 607 10
695 1477 54
1425 768 65
1231 1108 26
288 1017 80
1199 411 83
971 1258 78
1222 971 27
1017 705 71
1461 266 18
1416 294 60
492 1278 68
1464 300 26
910 167 84
948 662 75
1047 743 88
134 706 35
902 864 84
1427 1031 59
410 76 21
587 1017 65
1471 945 15
583 1449 69
253 718 35
884 1051 40
62 866 99
1463 1420 49
84 363 17
1273 974 18
642 1076 89
343 787 8
818 883 90
652 1460 2
850 347 84
317 1372 29
957 1002 3
536 212 81
1427 496 78
346 131 100
896 1393 38
954 179 96
745 1130 78
1165 612 44
1280 926 38
84 965 44
804 865 34
1172 566 4
1469 1100 96
628 819 29
133 642 28
659 461 22
1183 1268 89
645 246 3
349 2 38
357 917 84
1240 451 8
1471 1091 12
1384 1045 100
1418 475 18
1278 936 88
1378 352 92
420 282 40
1036 1026 86
657 320 84
489 1402 7
164 1452 55
389 1022 26
864 186 96
1161 298 62
324 1361 28
986 429 75
100 856 25
378 983 41
1253 940 68
766 111 8
424 508 70
445 129 81
1247 252 87
159 1392 45
137 1310 41
487 1262 98
524 862 34
443 545 100
466 155 23
716 693 9
33 478 29
476 367 54
1335 359 50
149 225 26
1019 542 69
636 28 1
1080 163 13
1470 95 80
343 953 48
1175 1458 59
224 738 31
1062 417 91
209 514 59
833 1011 22
280 584 40
105 507 76
887 997 97
142 960 74
707 953 61
1002 388 3
21 167 95
1461 1338 67
120 236 33
553 14 20
404 1153 59
1294 74 51
6 1071 31
179 1415 94
622 815 7
732 590 60
605 617 2
529 961 7
1128 1147 19
1315 1300 10
918 1003 24
343 93 88
1105 1056 51
402 768 69
518 842 62
960 866 8
1052 1482 13
1072 1446 90
615 1292 1
1077 1223 71
519 164 62
1347 737 72
143 1009 84
1181 1469 27
1335 232 99
976 848 59
742 364 17
764 1339 51
753 1212 63
458 1194 79
1446 1090 67
1429 1433 88
1050 974 46
624 1047 99
101 585 1
1314 1185 47
944 955 76
1219 489 87
262 1179 76
482 84 55
1286 303 49
482 132 85
1454 562 22
1151 304 6
1075 1182 54
229 1481 10
342 199 64
340 1340 8
624 1475 57
1301 1393 65
1104 1021 35
899 204 91
188 321 72
1322 553 30
131 501 74
454 185 2
2 341 58
1395 450 23
438 289 74
321 1078 64
951 1128 59
1398 1102 35
100 361 23
38 1399 17
1353 118 66
545 64 56
453 488 75
1446 558 39
264 354 37
1078 1188 71
71 1324 79
1022 285 26
563 622 55
632 705 73
1131 795 72
1015 151 40
817 672 98
309 1375 3
653 327 26
1135 501 78
607 1054 52
1298 675 4
523 300 1
0 980 37
134 768 61
560 1439 69
0 22 62
941 1134 14
335 1363 20
643 1341 66
926 940 9
205 136 98
1011 631 80
544 597 28
76 323 73
1038 1027 100
260 919 53
866 1218 90
1107 1446 59
645 869 95
1266 880 76
561 198 23
1433 1298 82
1170 554 26
948 692 32
1410 456 43
128 1280 73
392 1208 61
661 1067 97
1037 670 9
533 437 52
928 1194 42
1295 730 43
560 1351 87
999 518 59
1072 1446 84
866 1028 3
1373 626 18
1192 250 6
410 746 18
1433 1389 100
69 458 10
1285 1489 73
438 1123 43
900 1245 96
518 907 72
588 273 30
192 1483 86
557 243 58
519 819 83
422 1145 54
198 867 96
1439 1034 64
303 1409 18
743 1434 78
1007 453 11
629 187 2
658 1195 59
458 861 38
375 422 60
563 1379 93
893 269 15
1138 1372 38
1060 532 53
1180 564 19
933 1187 49
855 1250 93
290 622 27
669 153 42
507 997 23
587 733 51
1197 405 31
639 287 15
1065 1495 79
333 79 8
1285 338 61
438 886 75
54 1389 32
1066 617 86
495 525 8
1202 910 49
937 397 42
749 26 32
302 300 13
1031 995 4
1078 1421 88
376 173 66
154 166 1
285 535 99
323 481 90
204 1002 49
389 856 43
829 822 94
1042 852 73
463 109 78
1331 702 28
448 774 83
964 328 48
164 888 20
1253 202 63
819 27 25
762 660 94
1230 82 60
897 172 10
990 1028 29
551 1128 30
1109 841 31
1297 465 94
1201 1484 4
838 1488 38
1165 190 92
896 912 46
1440 1175 79
711 380 64
437 64 87
1316 137 82
1473 257 78
557 299 5
253 992 5
326 45 39
782 964 68
264 1176 13
255 782 91
434 185 26
560 641 12
1004 1203 49
861 788 42
452 1474 20
967 566 79
468 848 21
318 7 36
1205 240 29
250 1230 71
596 1133 25
227 894 23
352 1071 76
76 410 91
1258 1051 35
4 115 96
464 850 22
628 944 11
1499 583 66
541 998 33
660 1254 69
768 578 92
97 835 19
1172 702 63
167 267 11
1436 1473 29
1188 790 39
136 1177 27
311 154 93
1264 1166 19
1475 829 56
251 921 85
1285 613 19
219 648 40
99 351 25
222 861 50
470 58 71
631 948 96
951 985 82
904 1328 98
1221 165 28
644 759 89
454 38 67
878 437 27
1183 491 95
347 1063 17
530 1001 86
646 663 48
881 288 6
1115 87 51
1347 590 47
634 417 87
1084 552 39
1222 790 9
1086 448 97
1251 868 70
549 709 87
602 252 79
666 99 7
1393 1116 36
732 681 26
519 366 100
389 504 91
1432 336 94
493 1120 12
346 886 52
94 208 64
489 1395 92
218 510 10
585 354 82
122 1074 19
1054 262 38
169 1051 15
668 985 66
813 147 35
508 84 99
219 507 51
104 1423 36
187 683 66
474 139 65
1033 586 99
1277 1485 89
526 282 65
595 688 81
693 861 58
1499 699 72
645 784 25
1296 555 70
431 1192 26
1010 201 7
933 153 8
561 485 47
166 1477 65
1370 1452 5
1217 890 66
12 500 98
1229 1293 65
810 6 25
402 727 43
1003 240 27
1023 110 12
248 1200 10
1440 101 78
642 302 94
194 859 4
1008 319 24
697 1018 1
1259 611 53
790 705 86
1168 731 43
1049 1253 91
642 518 10
382 850 79
1074 487 76
1395 755 23
1339 453 50
305 1383 16
429 1499 15
93 283 25
355 942 9
1044 926 65
248 586 54
215 1299 15
551 752 49
36 169 8
472 582 92
1022 385 89
1289 961 28
268 316 52
1188 771 6
79 1222 11
82 643 40
235 426 46
408 331 97
1395 370 89
1402 925 58
653 225 100
1311 328 48
512 420 9
1136 97 84
33 607 13
595 446 17
540 671 34
1209 889 24
231 174 57
1347 1258 66
29 637 38
1276 918 95
123 473 78
656 220 63
1405 1099 99
882 1486 35
68 409 27
1253 277 81
1485 891 94
783 816 31
228 793 46
268 283 74
580 302 81
516 195 32
166 1054 8
246 820 29
324 447 39
1217 1290 95
361 1124 43
527 995 23
811 71 36
302 171 90
676 1278 20
1441 146 47
666 469 91
505 136 71
1441 90 2
568 656 62
1074 851 54
964 1201 97
1420 258 15
734 654 87
921 654 82
997 156 98
462 766 68
1102 957 28
636 192 35
1481 1164 83
274 433 40
386 1373 60
1290 159 89
29 564 52
781 28 58
816 1167 60
1107 1137 60
1290 199 9
776 1217 88
927 619 97
1096 383 55
53 999 80
298 513 23
1451 971 13
366 1466 63
97 964 82
1340 639 66
464 473 74
1337 15 62
1326 270 83
1315 35 57
62 1286 40
35 915 51
743 411 18
974 200 74
586 1246 39
1145 312 8
1473 953 89
935 202 64
1242 13 62
547 1166 33
1198 436 32
1230 282 97
465 1458 89
429 287 85
917 694 29
1398 994 13
424 1079 56
1061 1312 63
641 1349 12
451 1075 85
1450 971 61
1052 518 87
1406 16 96
874 481 90
533 781 67
386 315 6
1079 96 45
1117 1084 96
1283 405 14
1375 1466 90
1015 33 70
589 1146 22
471 1107 44
1169 1267 31
667 248 10
816 541 35
1399 125 81
465 1331 37
1430 201 70
1359 1237 23
565 751 81
1267 1155 64
82 860 12
1155 1481 40
65 852 12
340 756 53
421 1216 61
62 974 42
1081 1014 86
754 444 1
544 645 98
618 1085 31
641 504 38
1109 738 62
1351 312 71
130 751 61
357 216 83
133 959 9
1030 260 40
209 1348 20
787 41 37
1141 1184 11
1317 1359 100
915 700 40
255 1468 17
1345 1139 3
326 114 11
1372 1201 96
579 20 31
1022 142 26
968 901 97
1199 860 12
949 1182 86
1242 135 8
1013 353 10
892 1228 77
333 1062 49
940 1313 92
293 412 79
179 537 22
1463 896 96
224 877 9
824 503 29
681 504 11
670 1 54
324 19 20
658 1239 99
192 85 74
1463 1347 21
281 892 53
827 416 63
26 1227 92
950 1157 8
1029 452 78
559 824 31
146 1177 17
169 1321 5
1055 781 58
1366 664 62
660 991 78
325 361 67
215 43 30
557 1157 5
252 1006 50
16 1475 56
206 752 71
1101 1434 39
1448 753 89
816 408 71
373 1326 13
643 1378 82
152 744 67
1462 1238 68
449 11 79
19 218 94
720 96 53
249 1290 19
1438 992 94
1039 992 48
337 313 29
867 1089 13
158 1125 86
1029 1444 23
1286 199 84
1215 474 13
207 1407 41
682 279 73
1242 146 24
1157 1058 3
337 1132 74
785 1208 29
1273 1214 2
1036 836 79
476 231 69
1211 1355 71
1123 436 58
1116 109 67
739 802 61
1255 943 25
981 1256 54
921 1261 41
1131 829 17
487 5 82
308 1493 67
451 972 15
408 511 50
636 985 38
728 607 38
257 588 40
1113 1371 60
129 872 32
1164 1037 100
1209 689 40
1263 1442 60
425 268 18
696 460 92
130 204 39
1466 554 13
1244 344 54
533 1447 59
996 457 61
1347 1368 43
1170 765 67
1284 1381 2
1392 861 83
275 213 9
592 1158 37
735 842 85
1315 1173 1
788 1431 13
785 1457 37
697 139 39
1022 235 46
1079 246 17
1092 1240 2
550 848 75
627 951 93
1430 511 36
766 1437 68
403 1289 33
466 1312 77
1042 955 33
489 1486 2
514 451 31
570 814 95
339 1291 98
1197 137 9
1395 1291 57
1416 471 38
460 181 85
1178 1448 21
1196 991 85
215 285 82
404 500 44
827 207 51
779 737 36
1063 369 100
774 503 89
386 670 97
451 139 81
1049 533 31
854 28 46
935 1071 90
1283 1409 18
1452 59 78
985 1451 84
304 303 23
913 900 4
1176 1061 61
31 1011 39
1046 1203 16
219 274 79
888 1261 29
338 458 69
811 1457 38
657 660 49
1109 432 14
1344 956 42
684 163 27
555 1429 60
631 176 90
214 1370 87
777 1306 38
30 1415 54
711 137 76
994 1078 11
1073 112 54
61 150 96
221 172 60
512 410 15
314 954 80
426 703 47
548 1349 9
126 1477 53
1350 1347 85
1434 361 19
659 130 16
612 657 91
583 99 35
342 1099 22
1286 839 71
488 1331 12
401 325 78
1119 153 75
304 1015 41
153 668 31
928 34 28
1422 477 15
1293 1184 32
1282 1092 67
1189 451 94
1490 1104 97
1030 79 6
1041 1399 39
468 272 30
1393 1231 62
1102 1195 28
1095 1486 51
423 1033 71
424 97 23
633 60 51
470 85 20
695 1438 88
823 333 39
699 352 46
665 1189 17
873 1408 59
658 628 96
1398 354 9
245 43 64
1399 1387 44
787 755 100
469 623 41
1202 1335 14
153 984 2
1455 669 64
1226 1270 77
462 614 71
522 97 15
504 591 7
20 1111 81
457 1341 9
765 1291 30
376 296 64
1455 172 34
253 1423 26
1091 1228 65
590 309 92
98 1185 50
62 469 10
1325 1248 82
1099 51 39
861 1050 87
558 457 39
562 992 97
520 375 2
167 950 38
823 264 42
160 1062 84
225 334 59
1229 561 56
837 526 7
736 376 40
779 1437 23
1394 762 65
681 192 10
1442 329 62
731 906 35
1007 913 33
925 608 69
1256 1469 22
1097 1398 27
1410 246 56
54 788 4
32 731 55
319 623 73
954 180 54
1108 544 36
207 17 91
309 882 94
104 975 44
24 959 50
1306 839 80
862 910 9
171 735 42
1117 429 31
1495 549 29
1217 429 100
1235 1297 98
771 1250 70
1268 282 96
1332 877 40
711 533 16
1247 1155 1
610 68 66
990 821 57
460 1257 47
844 1129 98
837 569 70
358 22 75
764 489 95
482 1454 25
381 533 29
900 144 52
1119 1182 67
1339 1327 99
798 1199 58
1062 767 68
532 738 3
256 165 50
185 709 17
1090 1233 15
1257 735 93
1461 1456 59
1158 759 16
1224 1385 85
868 964 99
873 495 45
632 1110 55
444 1413 23
1047 1130 93
685 314 38
1130 1256 40
1179 1124 91
28 821 60
1338 131 63
196 1010 90
931 68 79
933 1187 59
454 884 32
387 1336 40
752 952 15
228 1205 89
647 1171 43
204 946 38
736 1145 36
1188 1168 19
1191 20 93
688 570 71
82 1487 83
423 1192 23
523 95 77
1187 164 97
1125 123 20
1100 418 44
1301 9 19
195 625 39
1095 1444 98
1148 1098 11
317 1139 36
1216 292 98
8 873 24
1226 1324 8
360 1421 93
341 459 41
1183 40 50
1437 426 39
1130 110 81
1104 417 56
260 460 21
105 99 96
1279 951 78
55 1482 56
596 509 69
47 1278 67
921 217 4
1214 306 6
734 1266 30
1260 1177 22
281 183 39
1337 1366 33
1168 507 73
1197 527 51
450 239 47
283 310 24
556 832 93
1241 1439 87
1184 1323 34
685 1094 85
1228 448 66
1193 610 21
522 25 5
1470 14 18
223 1323 77
554 1240 80
1303 615 54
1288 901 94
1353 780 17
711 137 62
931 29 3
604 1377 86
1286 340 10
266 1337 79
58 826 21
1320 1044 2
722 25 65
1349 1026 6
913 1401 82
405 394 58
323 732 23
1175 1393 45
284 1009 94
835 1346 7
1036 1303 7
1477 424 34
905 352 39
966 1146 21
323 597 25
671 264 37
336 952 26
863 1494 85
977 1424 56
1304 434 43
150 804 79
268 887 88
558 960 95
652 1433 37
456 1086 16
78 830 98
933 1102 69
1422 478 4
415 991 63
1275 537 68
334 445 97
846 1176 50
453 1132 31
1031 145 54
1458 1232 14
454 1445 33
657 942 93
271 1458 48
1220 1335 68
1040 1348 4
142 846 7
1286 1094 67
223 517 22
1154 944 73
969 579 66
1480 644 32
609 421 12
1355 227 46
780 50 62
342 918 88
318 1350 16
277 739 84
1438 804 49
66 153 71
172 1493 65
646 1296 69
999 714 13
238 995 74
202 1016 71
1488 899 38
1176 1023 22
226 251 61
308 611 25
487 1240 82
1327 1066 76
1277 443 88
628 881 62
805 1165 14
621 1333 34
1171 40 69
1113 641 23
646 95 97
986 827 36
1043 347 13
1287 726 29
273 830 59
699 1278 23
862 1383 98
736 1129 34
1344 298 60
1224 150 3
663 1150 38
841 611 15
1342 852 91
1391 37 81
972 461 51
891 955 56
1233 1151 62
1392 1005 64
1075 747 90
1364 542 6
1381 1352 16
184 96 31
202 385 78
1443 1031 69
918 959 42
1062 204 62
1499 308 3
349 1156 62
1205 194 44
1416 611 89
1303 1032 65
1319 230 19
107 792 70
322 1002 72
673 173 95
322 478 79
970 953 89
1121 1369 14
346 1023 78
1298 391 68
1163 28 53
788 1027 39
1332 648 23
448 639 96
411 923 43
657 430 97
1228 791 38
1092 631 56
596 310 25
1073 408 76
283 137 7
1158 424 15
29 1088 17
13 431 62
860 874 51
1397 280 93
804 111 65
1048 630 74
714 916 51
305 527 71
1206 124 74
988 212 37
904 790 32
1358 83 33
234 1230 99
120 10 97
491 1129 35
946 1420 13
626 628 90
276 400 6
261 392 90
297 1069 91
1416 1161 32
658 961 13
397 1217 18
320 1405 65
1266 741 9
436 361 4
1405 1266 87
136 156 22
265 738 76
530 389 87
984 1342 2
890 1341 17
1204 239 16
1188 369 98
596 484 43
432 380 67
330 60 41
613 57 56
392 391 8
470 1372 27
1021 385 99
93 1108 3
460 945 85
503 1354 65
1073 361 69
198 553 90
978 234 56
273 527 29
1250 1166 17
33 364 53
823 1355 51
304 1328 26
371 1238 82
1465 1318 95
994 62 87
1299 1256 5
99 116 35
1467 1069 72
862 971 39
216 171 22
1330 1294 32
171 1477 51
796 1025 4
992 113 15
234 964 12
623 378 45
180 206 5
1327 636 20
286 387 92
503 75 47
677 992 4
452 1101 100
1201 1232 75
1442 633 90
277 869 80
227 874 56
831 1039 62
661 1200 3
1358 1445 74
227 957 91
957 252 84
427 926 89
1012 818 52
186 86 78
232 1237 62
921 1298 100
948 1245 28
278 294 46
1012 729 94
1444 1013 22
1421 376 97
207 624 80
225 349 62
63 826 31
538 1230 99
192 69 69
891 874 23
951 270 80
617 1008 50
1114 498 12
898 1304 17
347 1183 55
545 641 49
1175 1463 23
210 1031 44
1232 877 38
266 1409 16
1464 10 58
639 60 57
1384 505 60
632 81 97
461 115 23
