600
590
485 286 13
275 388 45
49 387 96
324 306 45
364 354 11
261 480 2
58 72 29
574 581 95
121 509 45
182 548 85
88 340 96
480 158 42
60 139 4
297 320 77
188 460 87
264 350 94
147 20 83
332 91 78
78 216 55
551 167 41
234 389 22
594 179 60
148 213 82
28 25 37
6 7 3
434 249 79
153 301 46
118 99 94
223 440 17
383 295 70
119 524 75
346 287 73
124 484 62
143 210 95
437 202 43
561 2 23
311 210 74
590 192 15
412 580 37
215 127 59
10 584 12
181 460 36
245 512 94
300 44 35
408 328 32
436 106 91
479 433 75
294 83 83
514 428 25
263 64 37
484 144 4
334 201 10
486 558 54
267 263 32
509 393 53
108 55 73
557 328 99
101 490 70
402 391 16
142 63 75
181 28 47
582 335 28
391 368 79
140 26 14
596 485 79
120 417 95
530 195 67
374 94 35
373 260 52
496 120 51
112 397 85
400 62 98
260 246 35
347 154 22
175 412 37
52 460 75
564 269 75
73 374 26
575 453 7
155 361 57
171 579 33
7 501 84
117 106 31
149 110 50
168 305 30
47 254 23
336 253 41
477 499 98
421 492 7
111 440 80
331 240 26
64 42 81
313 539 9
553 578 31
298 449 62
97 72 23
265 9 44
378 571 63
85 222 90
245 119 22
33 324 9
577 225 57
497 208 2
157 577 21
73 57 24
78 141 90
229 540 33
541 423 53
199 468 96
410 281 24
182 598 100
291 575 63
447 409 28
257 124 20
565 293 28
110 465 85
338 322 68
483 329 71
175 289 35
375 315 51
59 235 56
533 508 66
237 232 47
182 541 34
407 180 85
93 82 15
37 323 53
431 548 33
591 104 42
444 36 54
24 396 54
354 577 49
213 148 26
274 243 29
582 119 13
33 531 45
452 568 1
33 536 16
560 305 84
190 517 59
199 12 58
27 474 63
592 313 66
492 135 38
162 584 43
123 312 35
397 435 39
61 378 66
330 137 25
343 327 92
597 520 79
134 29 80
277 185 21
250 587 22
487 5 55
302 74 48
398 278 56
355 52 75
199 403 29
576 579 90
475 35 28
390 471 65
384 507 31
230 482 38
245 547 13
207 511 29
368 57 67
470 112 17
316 12 1
403 274 26
308 177 92
55 576 40
297 309 76
68 440 70
142 412 22
71 29 82
65 417 48
223 328 5
436 505 35
418 386 78
394 123 14
29 164 98
372 142 34
579 466 64
355 387 34
117 134 31
42 96 34
210 13 69
181 75 52
315 260 38
263 349 64
543 327 14
201 523 66
323 346 22
504 248 58
298 223 38
77 320 76
432 384 2
199 452 19
20 201 3
34 591 16
90 314 94
250 285 34
571 2 22
448 555 4
113 287 85
188 233 30
234 322 97
551 527 10
22 449 63
387 417 84
493 7 58
74 110 69
205 327 41
89 596 95
193 365 93
295 147 96
22 296 41
221 74 49
451 327 16
44 196 38
44 424 40
212 172 3
26 436 20
199 454 38
186 596 22
549 391 55
550 531 43
29 176 56
311 125 40
3 120 73
349 452 65
326 276 66
112 313 84
582 300 6
219 254 64
218 491 93
243 93 92
576 326 96
400 314 70
115 316 87
392 542 89
122 263 100
8 549 56
22 311 63
137 557 15
304 528 92
570 135 1
291 141 43
561 122 45
130 264 20
542 456 16
416 438 57
148 484 44
557 242 48
98 38 84
544 575 57
525 518 100
334 191 70
218 455 50
286 246 83
492 350 30
440 453 2
9 53 51
57 287 33
378 23 65
287 377 20
499 210 47
536 566 50
3 246 19
120 385 18
147 87 23
392 36 85
267 113 67
465 337 67
161 265 72
543 373 49
588 218 27
11 366 8
394 366 70
228 464 27
303 125 19
247 449 59
433 366 76
366 82 78
65 178 100
35 555 89
242 356 19
53 241 73
79 415 84
453 536 81
596 396 19
490 86 75
446 388 56
515 71 77
589 195 76
298 188 86
326 369 6
61 327 62
251 161 90
230 567 75
503 370 85
145 355 29
250 407 31
106 240 2
558 369 80
126 133 20
471 168 41
272 270 59
54 530 40
324 500 10
242 103 32
307 477 78
539 326 49
18 259 23
454 398 55
516 40 2
213 414 52
259 347 61
589 309 69
554 569 69
52 404 43
588 374 27
231 334 35
168 255 96
149 599 50
279 534 63
138 57 46
65 123 97
599 141 32
520 115 82
140 250 60
267 155 28
245 458 61
175 105 18
217 114 76
141 226 86
460 406 22
273 299 62
190 576 84
247 596 9
295 456 61
392 62 9
170 57 48
362 135 72
479 406 1
239 175 40
153 343 79
587 398 57
374 427 46
146 149 18
295 425 33
145 363 61
363 269 49
243 467 4
166 141 50
151 332 42
98 315 3
420 319 75
419 391 45
204 321 73
324 244 29
198 395 58
84 503 53
369 395 71
473 163 88
330 209 91
75 556 64
142 167 52
194 255 3
153 296 68
517 561 58
293 193 38
404 196 40
237 84 43
148 112 40
286 247 18
476 483 26
299 387 33
540 173 51
233 107 8
246 462 27
508 253 25
67 201 38
233 99 2
53 393 95
458 483 3
178 291 70
566 474 98
547 366 3
128 502 38
280 222 69
77 509 7
400 94 37
532 186 90
497 89 71
120 558 1
101 144 53
321 565 9
50 113 63
347 538 75
269 534 78
189 145 90
367 586 25
393 338 11
464 124 29
538 226 79
351 105 88
148 593 45
234 417 98
19 296 59
492 23 39
268 428 19
155 5 78
44 465 72
19 307 91
592 270 20
290 207 91
550 99 47
459 442 91
416 522 78
29 3 56
233 122 84
474 533 36
492 117 83
127 44 96
182 161 91
417 1 43
307 370 76
77 408 100
288 283 100
501 515 40
183 40 92
52 272 55
399 328 76
561 40 26
50 367 21
38 172 1
557 345 44
561 115 3
166 250 3
124 131 96
184 216 2
487 293 21
472 158 41
384 14 58
374 214 95
267 332 86
311 235 38
305 443 80
110 327 16
367 322 28
261 70 19
335 432 94
136 105 97
583 421 15
64 187 97
151 90 61
309 111 95
173 270 53
419 287 51
238 590 54
230 18 47
85 464 16
568 189 9
487 169 70
362 454 18
149 136 68
139 434 45
546 333 6
151 93 71
559 298 60
204 180 57
383 407 71
354 372 99
411 296 59
40 281 14
47 329 58
331 250 78
438 33 89
157 299 96
203 201 53
139 566 63
161 66 93
95 325 38
413 220 23
60 381 84
535 161 70
215 151 22
554 252 93
390 189 32
321 442 51
563 245 15
228 532 32
125 104 67
22 126 22
324 209 96
335 107 60
559 98 29
137 26 91
340 78 20
144 85 81
200 51 12
381 551 97
85 17 54
120 358 8
179 21 96
418 128 71
4 239 58
477 411 93
593 182 91
101 244 90
341 389 79
59 314 5
39 591 64
323 397 16
42 20 20
599 403 15
448 394 83
325 470 3
396 336 65
272 269 90
260 173 10
457 405 100
451 224 97
435 437 13
38 104 85
485 557 20
179 452 54
189 375 51
362 37 90
55 403 32
287 256 7
592 196 50
509 197 91
210 349 28
511 572 90
339 319 38
569 271 1
492 416 67
310 49 5
408 562 89
536 371 100
201 31 2
595 434 48
42 257 67
128 241 32
521 238 71
38 239 97
175 61 80
434 501 20
125 176 11
566 388 55
413 362 27
169 177 30
105 426 31
461 93 27
420 122 19
353 80 52
443 568 48
407 349 1
331 106 25
41 182 20
15 268 71
203 363 23
310 153 8
89 527 79
254 259 4
181 83 23
347 355 93
494 485 76
437 17 45
591 23 12
329 315 11
572 372 97
438 156 42
244 154 8
125 506 34
444 210 61
325 381 20
84 453 98
544 44 36
426 95 82
237 489 12
8 144 67
133 315 93
179 581 17
345 594 8
90 342 12
82 372 6
