500
1000
326 399 78
207 384 74
463 125 95
361 225 61
166 217 90
108 100 50
11 257 15
323 273 85
265 63 98
457 122 100
99 85 45
63 238 5
10 460 59
5 409 26
40 451 58
141 177 26
393 196 64
207 329 82
228 357 61
242 464 28
51 410 89
15 464 35
189 180 44
320 406 68
438 61 73
178 66 32
354 250 26
99 10 54
146 320 38
470 309 99
469 422 90
4 315 98
262 254 29
417 280 56
215 87 65
368 327 32
179 302 30
37 72 84
30 354 61
199 205 55
102 232 32
292 200 50
198 300 48
321 242 100
184 254 33
73 214 79
398 266 62
374 213 97
359 0 26
36 371 69
312 31 48
404 68 66
491 14 90
379 74 20
275 476 78
51 464 65
129 256 75
68 223 70
416 149 13
99 323 84
12 138 28
0 493 12
121 166 23
386 185 5
193 416 64
379 44 70
271 62 73
354 14 73
480 158 30
146 332 7
121 184 89
327 409 32
157 90 81
362 455 44
360 482 5
144 240 22
170 38 74
285 1 46
331 425 71
176 451 79
16 262 43
193 52 68
269 261 21
49 431 41
21 160 65
370 403 64
304 474 81
441 313 3
296 355 81
107 19 6
296 213 6
190 465 98
3 273 63
35 262 34
317 201 19
237 427 73
44 81 59
471 133 39
419 89 80
235 342 14
475 474 93
488 342 48
311 305 77
123 341 54
132 343 29
452 138 40
6 303 60
6 71 39
64 215 19
160 439 37
220 318 43
232 448 87
112 312 77
254 457 18
478 358 20
412 6 9
330 423 57
361 255 92
423 243 43
109 379 82
449 387 24
25 272 69
469 286 14
288 150 7
309 30 4
347 409 90
421 375 84
386 45 78
31 184 58
218 154 8
219 88 80
126 312 65
44 474 28
102 62 19
43 107 64
348 189 57
207 343 20
335 114 1
290 368 2
162 336 38
33 249 100
441 380 52
395 80 80
285 359 81
396 53 91
59 166 83
482 161 10
385 48 22
390 448 15
201 484 98
321 257 61
407 60 64
416 27 24
192 17 4
167 482 22
393 208 62
395 154 90
139 267 65
364 156 29
36 251 1
468 442 1
345 323 62
207 240 69
37 163 83
320 236 58
177 170 14
157 319 57
137 258 30
84 404 78
379 102 39
379 403 32
474 355 59
115 234 26
210 141 92
115 377 19
139 135 98
463 449 74
378 140 82
381 170 99
64 16 10
412 466 48
365 283 56
465 390 89
281 452 12
257 41 41
85 427 50
88 446 44
209 42 98
165 386 54
338 76 83
299 223 7
439 212 98
279 45 76
27 260 89
26 225 64
163 19 77
354 345 34
49 0 55
316 151 32
252 355 90
325 118 67
92 334 77
143 63 57
247 5 1
127 12 53
249 146 34
97 329 44
195 310 43
283 388 76
16 136 28
258 260 74
39 484 27
237 47 13
221 274 68
490 237 9
212 485 53
341 256 88
107 342 69
116 149 36
139 260 88
266 282 54
69 142 53
50 367 76
495 150 95
320 243 1
156 316 51
467 225 48
453 59 51
246 219 12
176 45 25
469 117 46
398 81 73
492 484 38
346 249 8
72 13 10
10 381 5
424 364 87
52 90 22
445 140 98
434 152 40
7 156 14
495 4 10
189 33 83
127 152 37
232 464 60
316 181 34
130 483 34
303 158 98
13 497 70
154 257 69
276 34 59
118 163 99
176 11 35
207 288 64
475 42 90
338 122 57
217 117 50
209 275 98
34 324 26
390 177 67
189 98 29
153 381 33
103 235 23
41 438 94
9 489 68
123 334 77
211 494 4
305 486 78
200 58 45
134 219 79
370 137 2
333 149 83
481 164 62
115 135 69
185 221 55
235 241 42
369 430 81
146 315 26
41 460 74
348 47 23
384 497 11
473 143 28
395 168 73
242 139 37
429 488 73
296 225 80
385 330 34
119 349 78
61 249 16
90 479 92
409 269 68
54 123 82
227 304 52
232 429 63
226 186 41
490 438 83
261 365 88
499 11 100
426 79 20
377 338 80
55 12 11
451 155 85
396 19 73
87 254 28
499 276 56
315 452 100
116 484 20
493 224 18
37 44 72
477 237 26
185 266 64
476 56 39
108 346 64
302 59 76
385 16 57
148 281 28
409 202 7
155 475 29
479 490 9
413 305 8
329 382 73
465 406 78
26 327 18
139 366 3
460 391 80
31 99 49
195 139 33
321 492 98
18 53 76
322 252 10
477 111 18
334 382 84
216 226 45
237 377 26
78 274 99
37 23 97
489 379 83
14 491 98
446 401 78
259 59 3
57 443 68
40 342 8
8 394 88
236 344 77
21 208 5
497 369 61
78 353 73
175 174 87
460 137 18
323 366 71
487 155 54
274 156 40
248 219 6
35 68 36
23 184 8
189 2 29
165 56 25
194 408 86
42 255 93
100 187 68
102 81 58
469 490 34
286 341 24
124 196 76
73 269 48
447 95 30
354 111 100
63 39 71
1 87 64
432 499 81
197 96 20
306 442 46
112 233 44
223 274 44
221 440 47
135 444 60
295 270 83
176 149 10
114 473 46
193 187 97
486 450 47
286 184 67
280 484 56
278 484 34
210 486 21
213 85 87
426 391 20
261 186 27
321 392 34
361 416 36
496 74 94
108 437 46
248 219 49
415 195 7
53 144 94
397 53 35
480 343 62
149 441 81
100 384 87
233 285 82
76 204 28
444 331 96
28 0 5
487 292 42
206 193 8
350 205 49
376 217 11
388 232 48
343 29 73
393 42 90
110 120 91
496 475 68
359 180 44
158 8 16
282 93 21
296 331 54
159 437 46
465 116 71
22 317 59
318 253 80
451 67 50
351 477 84
387 252 72
97 13 63
468 173 83
139 52 49
139 91 64
329 297 20
382 99 55
465 254 30
403 12 96
153 125 4
482 487 58
17 285 8
319 23 65
403 280 92
436 442 91
218 321 54
22 53 97
359 331 92
115 276 6
74 253 21
437 412 9
160 191 91
175 107 62
381 471 52
127 334 12
449 367 21
17 395 94
62 410 1
23 282 52
10 60 6
287 143 59
326 81 64
221 4 87
76 150 11
179 441 48
402 133 77
66 425 22
266 130 20
337 215 97
216 244 58
218 402 83
75 199 52
294 283 60
405 250 7
294 433 80
336 113 100
337 376 50
102 330 26
112 343 64
221 277 76
322 197 97
246 325 72
284 151 14
218 79 30
451 182 73
26 428 42
14 452 65
370 453 49
227 488 12
32 79 57
240 66 43
156 35 83
128 37 17
463 269 74
75 94 21
244 288 9
303 74 40
45 263 82
233 17 77
327 78 23
96 151 25
109 229 6
3 261 54
354 375 56
291 212 46
133 474 71
329 373 15
97 315 85
255 66 46
307 44 97
412 364 55
460 401 50
473 316 26
184 250 80
241 295 73
13 238 30
4 96 52
325 491 22
175 322 36
140 208 67
402 410 86
285 497 50
76 492 89
216 197 37
62 453 47
392 54 100
455 68 56
451 184 43
470 196 40
205 179 18
63 124 83
109 366 43
258 290 58
298 253 88
459 61 10
223 112 7
179 357 45
92 289 64
314 423 34
388 396 50
195 96 75
224 257 41
168 301 52
231 483 83
412 465 35
469 221 58
450 355 35
314 219 38
439 52 36
201 197 89
177 42 81
188 77 47
74 347 98
136 273 50
413 52 79
413 329 4
158 421 71
133 155 74
26 4 65
426 62 34
473 6 88
84 141 98
76 252 17
213 115 43
339 223 46
416 499 72
418 171 66
197 168 17
249 299 9
21 425 46
160 110 15
457 198 100
444 340 65
191 83 8
468 3 6
399 135 2
76 242 80
450 475 90
357 393 49
332 10 87
392 2 14
170 268 16
104 294 74
87 263 69
315 143 65
226 86 38
157 46 56
198 370 23
76 318 60
151 366 34
352 318 68
401 366 86
383 367 44
455 451 81
286 277 84
239 173 17
325 11 69
23 265 25
416 353 54
357 265 41
263 33 77
273 351 55
58 215 62
247 157 52
298 108 10
170 5 24
349 247 45
305 55 26
494 453 55
478 355 4
174 19 48
112 202 60
189 20 70
488 320 57
295 45 9
465 355 52
456 374 60
210 338 88
261 454 39
383 359 74
286 320 13
347 205 67
161 396 18
436 0 11
292 1 3
85 336 81
81 348 54
28 439 51
122 256 96
254 311 44
74 489 36
97 183 1
158 92 61
497 64 63
328 215 44
297 339 10
249 106 47
142 227 10
216 419 92
440 348 38
244 136 77
248 150 60
97 328 15
229 258 63
338 449 60
310 201 78
435 417 10
300 157 27
467 361 83
419 477 19
83 338 51
405 4 65
366 444 76
149 371 20
441 262 29
14 383 57
361 7 11
109 43 76
213 93 12
30 306 61
33 326 45
357 247 30
434 56 50
9 496 59
447 302 8
228 423 37
140 355 34
270 231 70
490 111 76
389 443 51
56 127 32
330 99 62
409 243 96
72 194 39
406 219 13
439 370 83
123 417 52
234 320 54
466 46 89
26 229 86
304 280 59
356 337 24
213 201 51
212 88 95
180 138 17
474 30 12
227 190 83
371 241 40
460 49 21
361 145 50
117 54 54
232 484 80
241 339 7
184 114 91
290 237 9
8 452 9
371 110 66
475 321 100
212 303 99
419 416 28
407 345 11
285 194 59
255 45 68
143 472 34
328 414 87
24 226 72
112 216 71
9 251 10
440 448 27
123 11 37
276 104 92
28 377 21
24 152 73
445 376 32
414 5 64
30 322 6
247 216 79
488 206 29
3 83 71
452 86 8
330 473 44
49 125 69
88 390 59
263 497 46
111 477 68
196 95 80
409 73 54
374 344 60
358 62 46
256 149 66
401 471 31
51 257 7
220 129 41
290 68 96
80 50 87
33 393 88
71 305 55
379 334 38
95 394 3
112 8 50
156 479 13
305 10 43
224 40 52
222 93 80
488 61 57
60 401 69
97 117 79
238 366 83
244 259 7
403 57 90
132 12 49
494 368 60
270 294 34
167 435 3
91 325 96
68 82 90
491 10 30
399 412 43
10 12 50
348 139 18
96 95 62
448 253 65
201 50 59
363 342 44
311 93 64
461 15 20
411 100 49
67 48 7
406 279 79
366 474 75
398 88 10
184 80 20
135 149 13
389 240 26
343 135 85
23 442 71
264 169 19
277 256 52
394 472 66
494 375 94
153 437 86
259 425 24
332 138 29
442 0 81
308 476 81
25 484 5
249 163 65
499 135 84
84 421 81
226 480 56
201 243 86
138 393 86
200 275 73
293 125 87
372 35 86
376 428 60
65 86 67
147 210 88
311 445 76
233 32 50
331 448 60
107 369 22
359 342 1
163 138 58
404 379 22
258 34 16
392 288 25
494 168 66
212 369 41
145 4 58
211 483 46
286 388 65
190 19 16
82 427 23
429 3 59
316 68 55
88 11 98
199 388 58
72 220 25
208 449 91
377 180 37
231 15 64
478 455 4
464 316 29
468 105 90
207 451 32
152 438 76
387 86 21
358 40 33
115 347 11
213 496 19
338 180 10
324 18 61
43 32 2
98 6 62
343 411 100
468 442 76
206 398 40
30 491 16
187 48 6
0 183 95
276 95 48
96 460 98
201 320 62
18 445 74
72 124 57
313 169 100
449 328 56
466 156 95
42 395 94
405 163 98
278 139 70
79 239 94
52 132 8
177 189 15
497 33 95
408 8 33
258 32 2
131 499 48
21 460 16
54 426 69
184 396 13
218 454 100
40 117 99
95 469 29
306 377 99
457 366 31
55 414 85
363 315 38
366 29 75
466 173 33
257 61 64
366 139 68
409 201 83
488 279 48
495 136 7
443 459 86
121 423 65
317 26 14
499 90 88
34 367 24
206 121 63
111 397 29
57 148 59
448 429 60
34 108 46
191 206 44
182 46 65
149 397 100
374 257 94
254 387 74
196 27 14
205 347 31
80 360 40
403 286 100
276 62 93
478 229 97
402 220 44
121 155 62
234 188 56
191 338 46
179 226 57
452 452 93
499 457 73
293 15 92
253 91 71
203 421 57
267 99 81
363 415 77
182 455 56
209 68 84
181 485 31
377 457 16
235 306 47
288 247 14
283 215 99
133 9 75
497 437 63
10 10 88
494 92 47
192 259 13
409 273 47
130 492 74
162 415 94
173 157 68
100 289 70
497 489 18
61 232 66
342 417 46
306 424 33
166 391 21
360 41 74
145 222 1
355 334 44
305 328 49
401 238 59
93 285 77
250 383 49
440 189 5
319 2 23
70 239 30
307 84 14
348 162 77
196 454 100
369 170 55
95 474 80
347 452 44
416 35 36
126 1 71
98 135 40
35 269 35
108 52 25
42 257 100
134 496 65
103 206 30
388 5 3
427 432 2
326 233 93
205 490 28
310 92 52
270 336 18
200 423 38
42 343 61
395 40 34
13 368 43
211 3 30
156 438 21
216 452 38
292 425 82
147 260 78
99 92 30
408 303 35
96 400 36
450 173 2
129 186 74
40 107 81
292 217 74
36 327 50
170 421 32
190 16 78
110 294 98
418 387 84
341 122 92
415 229 42
96 439 85
11 291 28
446 383 50
200 4 5
16 373 51
396 264 92
146 295 28
436 316 87
33 201 100
43 94 16
338 497 94
382 483 74
217 191 25
425 431 3
143 225 47
124 151 91
397 343 15
480 331 96
126 262 4
101 150 3
335 36 63
212 210 34
316 451 42
112 196 19
