250
500
137 5 93
190 82 62
13 57 74
116 185 89
66 136 73
169 37 94
186 25 37
99 30 33
233 65 10
70 116 16
87 71 41
198 41 6
32 210 80
14 128 78
77 159 43
109 76 11
120 116 78
40 135 33
233 31 75
47 61 94
62 175 17
108 71 50
121 117 52
95 210 19
98 18 64
15 111 29
46 192 64
72 82 67
174 80 65
192 204 47
162 128 6
89 201 73
118 210 70
166 140 81
228 162 39
112 153 2
19 62 43
144 68 87
110 142 62
131 18 5
248 152 94
93 58 6
151 105 72
155 117 88
192 227 18
148 120 96
170 68 44
61 143 75
125 168 84
132 118 91
105 215 44
146 44 25
15 107 13
55 186 34
121 92 95
114 146 83
235 121 17
173 4 83
22 37 94
109 5 45
33 157 72
42 72 7
130 137 86
157 227 41
117 195 1
238 73 60
94 205 37
201 134 73
41 156 54
45 55 53
6 103 75
80 62 12
95 117 15
82 227 38
3 155 68
198 147 48
52 243 56
98 118 23
104 1 60
218 93 18
128 118 14
46 55 28
158 42 51
89 244 99
141 56 82
126 119 16
174 108 20
114 99 34
141 238 42
188 133 78
71 66 22
67 169 97
60 201 72
66 76 66
214 66 98
78 28 75
28 208 32
116 235 80
248 167 36
155 193 27
146 147 81
208 2 18
18 115 18
93 221 52
35 170 98
101 90 63
46 30 5
202 125 96
54 116 66
170 215 31
240 180 81
218 45 23
86 179 95
105 139 88
4 91 70
4 204 45
90 114 37
65 183 94
220 75 86
232 229 61
146 249 26
89 37 46
190 84 37
93 187 76
192 238 76
157 4 43
157 42 72
143 35 87
121 184 9
11 28 84
187 13 65
205 39 2
180 22 11
44 110 72
145 157 45
50 183 96
154 190 96
236 68 31
8 178 3
76 140 38
142 204 61
118 32 91
114 158 21
18 207 64
124 7 54
157 93 88
213 123 90
172 68 83
153 191 80
36 15 37
20 166 12
96 245 5
89 40 90
228 43 89
237 167 85
130 183 86
132 85 83
79 6 92
183 80 11
215 24 34
32 165 68
233 82 93
106 75 55
204 52 16
120 156 25
79 173 96
107 101 99
69 58 4
181 186 35
121 203 94
101 161 85
8 45 20
93 157 84
67 5 87
135 188 1
86 243 83
43 108 7
220 68 100
144 124 92
86 241 47
28 171 94
184 127 3
155 239 30
195 34 40
95 214 74
40 115 79
160 30 8
36 153 80
130 0 23
106 45 2
221 144 63
63 69 79
162 177 39
47 101 3
21 56 100
215 182 47
157 239 12
128 49 47
32 122 31
69 111 59
115 223 97
31 13 30
23 88 56
89 2 92
215 226 47
210 164 35
103 31 22
249 69 96
49 12 14
116 26 97
230 9 96
88 54 47
114 83 17
81 30 47
102 1 76
106 101 16
24 49 8
158 87 98
60 127 4
72 3 9
87 5 27
157 212 82
163 226 56
200 137 93
139 73 75
79 104 29
85 152 72
189 86 20
69 61 98
103 6 23
202 211 26
60 18 73
120 24 87
38 99 94
137 173 37
134 178 19
116 139 36
72 103 59
34 42 14
191 91 40
122 62 43
201 97 73
41 240 43
126 215 19
113 160 88
128 22 85
156 219 64
72 231 65
213 237 89
38 64 43
197 249 9
144 99 36
99 123 22
190 18 42
30 29 38
83 166 67
141 91 15
37 137 47
116 94 27
76 25 82
244 192 98
177 81 95
121 62 37
35 195 68
173 44 13
231 157 69
30 2 12
97 193 57
60 206 91
76 220 96
78 58 83
199 13 72
193 171 47
123 96 95
135 171 18
74 30 65
66 101 20
122 77 43
114 149 79
81 30 63
208 249 10
114 46 23
99 213 21
71 195 44
217 30 58
24 68 71
187 248 52
67 100 20
5 220 98
183 110 53
0 31 48
32 154 48
167 25 83
64 11 61
179 63 97
24 208 89
34 155 89
230 162 55
202 105 32
145 114 8
69 132 27
18 0 62
234 62 55
80 114 91
166 68 84
71 110 4
155 210 26
115 5 3
141 206 99
163 170 3
182 3 28
64 163 42
165 240 71
190 84 44
167 202 52
93 112 81
215 173 78
211 69 65
115 233 58
102 96 75
247 92 88
246 175 32
175 17 38
85 177 42
96 31 12
30 136 74
107 11 8
144 153 62
50 171 50
148 165 77
234 167 20
103 249 44
107 86 35
223 78 38
80 153 11
60 213 71
71 205 89
65 97 10
229 191 75
114 225 54
247 76 27
201 18 61
126 243 85
82 136 55
151 28 50
71 175 42
193 1 44
167 28 11
105 43 79
116 157 14
151 66 66
151 30 1
110 201 45
151 102 66
84 35 74
39 32 71
57 139 45
92 234 45
242 97 56
200 88 42
242 143 30
27 111 99
139 146 13
215 56 5
198 216 54
150 123 97
133 206 32
91 11 28
42 1 33
125 144 22
219 121 61
124 196 66
89 171 99
63 248 26
181 156 95
222 127 63
239 95 38
152 116 26
184 157 8
154 170 5
115 181 8
28 176 60
29 144 18
95 75 52
50 237 72
129 159 6
115 193 6
225 214 35
136 162 99
202 152 89
107 121 71
92 10 96
26 150 51
182 5 63
99 26 93
0 1 60
73 28 39
108 220 4
116 36 10
76 238 91
152 95 65
169 14 35
186 143 91
192 163 86
248 52 55
8 214 57
64 224 19
84 110 64
10 39 38
142 216 62
152 232 74
243 163 54
7 28 1
76 233 45
208 53 26
45 156 33
144 92 11
119 19 4
56 59 18
19 135 48
63 180 50
34 190 41
170 175 69
89 121 9
19 17 92
244 6 82
135 153 24
100 114 92
148 236 25
42 61 39
220 134 99
113 227 97
39 198 7
168 169 10
103 160 40
139 156 95
128 20 58
186 156 74
178 173 69
214 40 24
90 249 2
160 44 3
55 203 40
139 15 60
128 125 21
113 187 32
107 56 62
123 41 73
232 32 19
95 231 37
20 205 74
108 218 86
156 121 89
66 68 100
216 68 55
11 184 15
13 78 38
207 215 46
125 146 6
196 169 17
34 158 53
184 175 36
102 159 98
217 106 15
111 60 40
73 57 99
166 15 94
216 244 11
64 46 9
70 69 24
168 6 20
203 206 32
91 203 4
176 159 55
15 98 96
213 192 83
154 47 69
40 109 21
36 24 88
2 27 12
184 235 9
8 110 74
143 157 51
195 132 3
111 230 39
175 134 19
229 153 31
33 131 54
40 74 42
138 123 88
197 91 18
215 181 89
118 241 68
17 19 94
21 8 85
221 143 31
120 164 53
196 170 92
196 29 98
69 154 10
