800
790
121 799 14
365 64 20
490 121 13
411 267 34
644 780 43
663 548 67
74 349 73
441 288 25
66 735 29
412 426 85
728 514 50
366 109 31
31 704 34
257 76 24
587 46 62
449 724 93
16 421 93
469 570 87
636 589 8
247 211 77
703 123 66
777 201 74
25 42 49
542 210 54
151 493 1
552 346 26
427 396 90
368 193 80
63 431 41
655 787 21
771 428 6
787 478 9
648 175 89
35 397 16
264 590 86
712 493 63
336 452 83
617 170 80
25 22 70
109 489 18
409 504 5
124 296 47
178 246 33
296 586 86
416 55 69
607 58 82
550 326 32
31 113 12
310 535 96
251 759 29
434 680 33
283 546 7
296 637 35
495 721 77
730 551 50
323 796 44
99 427 53
124 272 98
118 724 50
303 472 52
419 480 60
344 724 97
410 474 38
480 685 67
133 388 70
755 522 10
81 107 21
208 425 12
502 764 79
248 796 59
344 304 51
27 657 95
417 708 76
186 693 73
250 333 28
212 705 4
217 70 15
745 148 85
323 147 66
264 672 93
365 205 44
249 713 32
529 91 62
3 112 60
159 249 33
512 123 41
211 203 51
146 677 94
504 478 66
417 62 53
188 307 63
640 186 50
278 601 20
39 782 50
507 732 30
408 545 32
715 669 95
523 522 56
461 186 77
3 342 12
164 112 80
763 752 65
204 647 49
679 53 6
526 347 22
718 577 16
694 795 11
245 240 33
165 521 9
456 135 54
168 680 47
705 101 49
375 765 89
178 275 56
410 164 93
355 48 49
49 113 24
658 618 73
338 279 71
774 522 84
267 523 61
482 488 100
392 444 6
318 356 52
680 49 16
351 201 70
616 762 41
668 229 54
788 165 5
382 613 35
195 509 66
442 209 58
720 192 73
630 373 100
466 514 87
725 487 22
334 331 32
193 484 67
546 727 76
697 46 15
48 145 92
362 579 17
301 481 100
215 229 18
358 709 43
443 565 31
302 138 74
737 791 47
571 166 40
758 635 47
554 502 35
194 196 97
461 745 71
77 736 7
61 346 83
291 618 43
136 33 17
603 752 12
157 10 32
732 427 16
504 734 35
151 82 88
696 615 46
443 759 26
112 537 38
767 132 32
208 221 81
749 20 62
382 139 66
409 206 73
313 450 5
381 589 35
523 339 80
754 435 57
631 178 97
448 248 47
533 458 83
226 382 2
518 615 24
106 148 26
242 575 4
529 531 8
19 219 11
540 264 78
100 218 59
245 124 91
0 19 60
471 260 5
456 694 74
36 475 86
109 485 37
398 461 32
466 212 58
458 69 16
127 11 77
130 234 69
546 282 100
31 788 58
55 756 89
699 794 47
321 142 10
402 177 22
32 409 78
755 523 80
341 666 47
531 234 65
183 495 41
237 504 1
721 600 89
387 172 38
62 231 64
249 625 47
426 548 50
35 790 68
219 137 91
79 526 30
750 777 78
233 257 91
247 169 20
3 249 2
87 775 43
508 195 41
370 524 46
53 543 36
271 306 44
715 521 79
444 765 99
21 165 66
33 492 4
795 239 47
666 165 27
591 477 1
534 555 87
83 358 15
487 1 24
21 508 96
444 640 88
573 284 77
649 483 61
300 439 76
157 433 68
230 84 18
102 369 65
79 32 100
167 567 26
730 645 45
204 191 72
524 64 38
569 347 13
93 298 78
294 141 94
484 569 55
760 13 81
182 149 44
528 13 8
556 742 50
272 475 90
775 730 27
516 277 54
104 736 99
595 254 99
33 774 85
61 367 94
790 708 36
349 26 76
741 57 1
687 592 43
403 392 84
103 758 96
656 157 19
230 396 70
292 465 82
58 373 85
556 364 96
76 87 37
2 37 76
488 157 15
257 475 47
486 670 91
185 452 78
418 638 28
151 44 24
335 337 92
587 490 75
14 609 52
636 143 25
775 205 50
314 514 89
509 45 17
219 594 56
502 348 33
108 477 46
23 149 74
428 766 36
496 576 56
192 222 86
208 262 31
599 482 70
434 449 8
29 521 21
290 102 27
690 423 91
50 164 2
601 313 23
156 408 33
348 407 11
180 310 11
543 779 45
686 269 35
380 625 68
47 629 39
262 673 65
667 584 78
365 364 99
290 656 36
223 564 98
324 639 56
465 210 71
671 546 37
403 374 16
793 501 63
139 687 61
93 392 88
250 394 56
264 428 50
380 720 39
209 558 58
252 383 13
533 71 5
228 607 67
787 7 16
566 737 100
559 552 4
280 184 40
99 413 7
330 593 7
76 14 34
471 602 55
671 612 23
7 743 85
660 506 35
109 284 50
666 754 10
183 757 70
265 582 6
314 348 81
707 313 87
273 154 67
176 669 81
339 399 60
585 717 11
474 754 53
231 317 95
545 85 10
357 56 91
617 132 39
281 795 71
613 312 38
563 330 83
203 771 42
781 750 53
701 596 41
252 40 38
70 289 16
382 408 72
510 386 32
225 76 86
105 210 93
38 301 53
758 552 69
337 523 80
153 74 28
778 42 38
552 49 26
225 710 8
750 657 83
480 50 46
496 18 68
5 377 85
567 115 94
131 735 41
319 606 76
66 392 38
725 220 80
116 75 35
540 774 37
522 389 15
281 523 46
508 10 5
775 483 29
693 566 87
773 649 88
43 270 1
124 457 88
248 62 48
752 357 8
788 221 78
70 357 63
644 137 65
81 607 28
528 149 62
199 216 70
33 215 40
397 135 63
501 602 83
72 348 30
726 514 51
556 80 26
379 524 16
527 656 31
427 388 13
137 715 16
376 0 26
565 511 61
359 301 38
394 603 42
209 473 47
223 681 43
189 358 27
297 150 95
77 73 88
27 668 85
191 257 21
289 580 2
654 100 2
691 113 1
587 629 35
102 440 60
364 66 78
380 566 30
309 393 4
261 500 94
555 30 90
21 237 39
493 605 32
27 612 93
132 10 57
196 652 78
231 323 41
596 363 1
672 16 25
142 232 80
233 234 42
378 107 27
145 428 73
645 370 25
590 64 91
396 674 98
80 313 23
522 597 62
456 565 85
215 477 27
426 376 1
59 763 82
746 65 56
673 778 25
306 210 30
592 616 84
228 94 5
298 192 15
175 274 17
366 300 28
91 465 42
126 775 31
212 636 11
6 330 66
44 358 66
428 636 14
343 621 74
75 702 60
491 359 88
1 307 94
144 468 51
386 754 24
498 510 58
638 91 82
545 94 24
447 766 84
257 619 74
735 192 42
231 161 72
89 640 58
377 613 81
752 754 35
743 81 69
330 791 81
504 165 45
350 258 93
148 646 77
632 638 48
442 702 9
368 306 83
684 463 75
102 570 10
82 733 68
24 110 49
135 668 52
280 339 56
524 30 30
748 251 16
261 597 16
485 57 36
302 532 81
126 579 54
501 352 95
30 73 26
525 255 90
561 128 22
349 39 15
210 551 100
464 348 23
564 412 85
562 6 74
699 31 51
264 265 90
406 380 41
361 670 71
574 615 15
676 671 97
258 655 1
641 522 50
130 627 64
301 559 66
571 502 23
271 246 14
638 406 21
482 252 77
31 188 9
171 603 64
542 299 43
412 595 77
140 74 18
510 225 43
552 710 32
210 275 67
642 43 14
629 671 31
707 508 50
383 75 68
721 6 10
348 613 93
754 452 68
108 78 93
516 467 29
117 106 40
769 563 43
81 477 96
436 402 80
168 221 48
602 614 60
665 322 17
356 306 42
222 721 23
570 704 84
663 436 24
645 31 50
16 90 79
703 500 15
198 95 1
763 515 75
447 241 57
428 492 54
550 755 23
724 499 47
251 23 64
476 117 41
134 143 30
335 370 52
607 680 15
483 114 37
575 259 99
521 442 90
106 391 29
613 449 9
534 705 75
543 64 40
28 551 94
568 142 88
242 594 65
748 631 36
190 662 65
560 333 55
745 580 48
741 220 9
528 562 61
522 455 56
592 783 38
717 206 41
428 691 69
788 649 57
743 736 69
738 744 68
410 131 52
742 237 93
583 160 40
575 789 90
253 570 96
230 713 28
0 35 34
697 152 89
481 355 97
304 99 71
268 483 44
531 688 2
782 567 48
49 296 9
240 547 36
322 216 94
125 722 25
763 389 43
730 148 16
544 647 46
502 238 68
517 720 6
57 336 62
123 24 94
460 455 89
388 50 96
638 466 5
197 361 83
2 682 56
459 18 1
388 777 61
426 38 96
614 633 76
556 405 58
473 529 12
328 570 51
71 709 44
301 342 9
755 699 40
660 515 29
310 337 5
768 384 42
204 97 44
594 461 47
401 783 87
358 421 58
33 47 32
500 272 7
589 103 65
185 496 58
423 715 10
175 149 41
497 691 10
375 133 24
9 558 41
58 173 37
231 147 92
156 39 39
175 423 21
359 113 89
506 628 5
526 95 8
66 373 98
729 190 3
457 729 53
472 714 47
364 88 18
168 14 20
306 270 83
732 204 67
138 426 27
752 316 47
719 364 58
42 151 28
121 713 64
13 193 35
181 97 71
644 0 43
680 269 77
660 487 98
320 422 97
239 484 86
212 374 49
700 320 74
363 728 29
170 167 48
548 483 62
525 417 56
475 540 39
34 787 74
791 251 68
658 569 40
74 141 20
434 694 100
784 501 45
264 515 23
271 17 38
413 9 72
202 538 34
597 779 85
723 563 88
277 90 70
460 738 84
407 313 2
335 612 48
421 153 87
357 383 19
789 428 42
370 142 76
80 279 69
665 545 80
43 444 17
201 349 66
464 777 27
122 642 10
517 157 88
456 46 13
731 412 48
782 284 9
433 141 88
152 548 99
202 145 29
519 281 69
263 719 35
665 254 71
614 649 33
559 202 41
693 508 92
162 386 9
296 452 66
667 555 68
410 600 33
14 424 7
300 382 7
547 738 62
492 375 99
631 485 33
273 362 88
325 147 34
421 712 49
323 242 10
162 213 1
116 397 97
528 699 6
75 624 52
643 254 73
48 489 40
510 23 22
108 372 56
702 62 64
451 658 33
458 774 41
530 612 10
568 715 29
175 213 99
701 54 13
631 502 18
246 767 72
461 252 97
508 79 74
538 778 68
50 585 74
407 653 76
411 635 7
28 462 95
98 276 97
175 365 18
124 303 53
322 265 41
540 117 46
112 147 37
480 380 97
654 293 85
238 43 8
368 89 69
247 797 3
302 233 12
149 538 76
318 316 79
123 36 90
328 703 80
151 255 4
498 55 81
407 551 73
31 54 46
673 434 36
708 357 62
70 754 55
771 28 13
561 356 51
283 371 82
215 555 85
242 614 83
446 40 100
603 697 51
445 634 55
707 95 84
93 668 85
