200
190
151 127 91
194 123 43
189 129 50
25 139 58
20 80 48
162 92 83
34 188 80
109 34 99
158 166 12
144 87 25
39 94 95
64 18 67
34 197 52
64 20 56
150 109 98
88 101 31
56 78 96
127 142 40
136 154 32
88 53 77
165 20 59
83 18 55
124 161 67
26 63 25
11 15 44
138 11 84
62 5 20
82 188 100
191 60 71
69 125 37
188 172 96
93 74 60
153 177 92
193 1 64
50 74 51
173 3 49
4 68 62
10 144 60
20 197 55
175 0 10
155 88 89
189 182 32
51 59 32
23 144 15
80 87 45
158 164 41
150 9 100
161 158 53
49 35 41
72 92 13
173 34 48
183 162 63
127 22 21
154 44 90
147 14 88
9 97 82
60 115 5
137 50 17
183 34 43
69 67 23
49 45 65
198 49 78
174 130 60
100 60 9
44 142 58
67 18 61
127 147 87
177 128 9
175 143 47
182 150 45
120 199 89
145 67 94
107 86 9
17 47 88
166 151 82
64 151 30
183 71 14
194 39 70
51 166 55
148 10 24
102 18 14
154 110 32
33 9 98
95 29 97
12 61 31
7 143 40
81 34 77
65 119 47
12 47 17
20 144 19
29 110 29
190 20 23
74 118 43
171 27 83
9 4 59
76 163 48
132 28 2
171 124 37
79 90 55
149 188 40
129 181 55
34 79 78
23 119 39
35 173 74
93 1 39
88 15 89
126 190 29
27 127 52
177 124 2
161 89 65
167 97 12
151 65 14
88 71 32
117 22 54
16 96 71
15 15 60
30 89 7
1 15 85
139 93 68
43 113 89
166 69 94
75 67 87
14 115 11
15 63 3
88 12 65
68 7 23
58 103 5
20 53 42
75 125 45
24 149 42
143 20 75
86 187 32
174 27 23
169 53 48
1 100 56
92 196 51
28 75 64
163 11 72
45 198 46
64 74 92
162 168 65
78 45 43
77 91 16
15 135 74
137 188 96
7 122 13
149 116 63
66 148 98
33 13 99
14 166 63
99 110 51
175 50 76
175 45 59
164 69 32
7 70 14
62 137 60
199 110 23
183 151 17
30 181 50
76 62 80
102 167 91
166 19 20
178 45 2
188 35 42
66 5 49
11 22 72
34 75 32
62 127 63
102 14 22
60 182 34
66 180 68
157 104 76
187 3 33
70 172 34
114 137 29
17 11 43
126 33 20
70 155 70
157 95 50
128 142 99
100 47 66
129 129 42
185 61 17
1 75 17
82 94 23
22 39 32
67 93 11
114 7 72
37 70 27
89 193 9
