900
890
49 72 65
629 535 18
118 552 99
196 765 70
57 445 24
672 355 7
224 364 17
734 274 59
703 204 9
811 559 61
322 8 33
710 470 23
632 496 58
346 448 26
318 418 72
12 365 19
299 224 61
819 460 62
764 820 50
767 461 89
167 525 2
573 493 99
432 302 91
802 777 2
410 879 55
102 183 83
150 796 96
573 734 26
714 235 83
693 99 73
597 586 99
472 35 61
555 518 97
737 785 49
639 440 67
561 121 97
295 159 53
425 708 65
722 874 80
634 890 15
124 576 63
448 247 33
707 364 36
306 655 29
616 13 49
326 583 78
215 616 60
342 159 20
898 463 88
833 852 40
582 183 52
832 351 84
170 506 51
891 449 58
363 113 55
533 589 36
8 396 89
260 614 2
757 749 47
492 116 51
85 192 62
418 818 27
558 284 96
736 184 23
290 421 12
816 741 21
680 12 46
625 347 82
455 337 58
236 602 41
519 568 74
432 458 77
312 402 21
545 674 27
734 489 56
853 400 99
426 156 50
118 199 55
410 108 76
467 84 59
17 393 25
426 709 53
777 251 25
709 182 76
57 869 63
7 146 92
114 515 79
7 523 66
245 682 10
815 549 27
305 180 61
453 770 20
632 814 13
823 759 45
62 262 88
807 469 91
480 352 78
473 656 28
845 266 61
866 731 1
64 710 34
55 686 95
591 578 50
461 337 49
95 302 59
711 264 67
463 656 13
207 173 47
387 73 86
259 325 49
492 446 11
404 228 30
590 386 16
689 111 33
128 605 22
388 797 44
755 321 80
845 86 25
558 115 64
550 668 59
413 252 43
553 625 6
715 64 34
228 617 29
610 3 13
448 324 76
770 382 89
107 581 68
452 76 53
163 791 51
791 49 52
211 486 50
633 128 83
81 697 24
325 472 95
4 366 92
175 781 77
308 629 56
261 311 23
679 883 9
432 429 63
345 637 6
614 320 85
874 618 82
288 456 76
569 610 77
110 0 62
415 402 73
726 770 52
440 527 90
124 835 11
67 172 96
435 620 69
140 679 70
418 647 65
472 41 90
204 46 54
320 512 77
201 456 92
396 37 76
204 176 52
636 673 86
8 638 8
643 861 37
563 745 10
118 603 1
318 480 32
339 792 11
877 102 97
452 781 25
325 543 88
657 19 39
29 494 64
473 227 7
150 863 11
485 168 62
11 827 85
735 897 42
384 887 52
833 671 14
140 720 86
252 94 45
810 483 55
311 95 33
342 654 78
721 71 30
163 492 53
91 711 22
189 347 13
100 306 19
145 843 72
90 218 75
615 283 66
100 420 97
231 861 48
230 7 9
727 619 32
628 848 71
837 416 7
41 241 7
523 505 20
804 100 41
353 515 16
70 682 47
430 839 94
98 527 23
333 412 8
704 668 61
385 500 45
47 87 68
336 11 25
207 267 46
481 400 92
746 389 21
561 857 60
657 510 52
804 206 29
665 877 99
2 492 94
743 217 28
405 562 57
882 323 75
576 154 18
58 404 72
505 737 14
356 516 60
440 312 59
227 738 53
122 288 16
633 14 14
309 175 30
278 603 73
554 358 87
509 180 68
158 30 58
182 392 7
590 271 63
868 405 52
659 384 48
578 53 84
723 776 68
858 448 12
378 890 96
774 686 44
521 402 45
97 742 93
288 156 40
818 797 38
219 3 69
25 587 88
139 172 68
542 573 59
248 117 65
881 53 64
118 786 33
78 206 81
515 395 7
545 257 87
631 328 91
719 615 58
114 571 7
245 274 87
204 145 28
44 32 31
212 293 93
17 660 58
73 756 99
429 614 4
875 336 82
36 621 17
880 510 6
318 749 53
332 74 33
397 548 11
475 230 2
204 427 97
398 766 26
507 601 94
9 271 40
468 84 87
494 210 19
351 166 30
484 221 91
863 367 1
736 239 50
85 73 95
18 749 26
476 573 20
44 780 52
807 829 40
519 807 49
453 127 4
0 115 14
217 694 41
501 321 24
4 400 98
356 238 51
810 123 33
850 206 73
774 595 22
740 198 100
318 313 93
759 318 6
308 545 97
799 335 79
198 892 40
23 8 61
583 25 39
864 557 80
340 860 33
58 334 72
599 822 99
662 534 83
751 511 46
85 50 84
587 253 3
373 260 97
735 886 33
628 200 85
129 256 85
265 756 54
866 178 60
784 321 48
595 710 70
365 340 34
848 613 49
724 338 98
335 798 64
45 852 21
723 630 62
243 601 64
840 417 14
373 599 27
288 383 86
155 631 44
126 889 6
512 92 62
551 674 65
447 837 27
268 291 81
260 771 18
778 882 63
285 102 53
157 641 49
470 617 75
459 10 33
523 69 55
48 760 81
344 178 51
845 678 92
51 438 3
729 221 16
206 12 61
427 198 43
819 630 63
727 752 42
610 805 84
40 736 2
785 668 13
349 170 90
482 403 9
199 681 86
39 705 26
760 790 22
25 275 50
701 555 61
877 69 100
124 45 24
158 17 68
491 443 64
465 797 13
370 314 46
579 229 27
254 284 32
485 408 20
4 151 77
97 722 40
875 359 6
304 426 8
859 117 90
85 740 38
835 371 26
44 116 71
118 140 34
78 242 89
632 126 2
825 367 19
153 496 85
465 354 19
466 529 95
646 39 2
71 168 65
855 541 65
83 838 45
693 659 13
608 144 5
368 761 69
521 582 6
725 201 62
543 730 89
363 292 62
640 111 34
659 277 46
7 399 36
138 621 15
7 133 30
772 271 97
424 226 32
264 460 67
872 597 43
772 686 83
483 467 36
778 593 81
746 453 19
57 362 7
226 836 46
847 397 78
432 160 48
601 529 65
303 525 38
60 357 22
24 50 33
451 301 5
885 660 3
225 632 57
738 808 51
118 836 54
274 120 5
865 252 86
207 207 52
844 679 79
61 396 42
423 891 52
745 698 100
234 562 51
767 771 6
329 560 5
529 630 8
720 746 51
313 692 78
43 740 59
465 865 8
373 311 26
395 780 63
675 734 57
545 758 34
700 891 21
792 657 73
425 831 89
260 660 92
696 714 75
183 554 61
476 364 88
492 871 55
474 170 26
840 162 25
129 31 99
864 45 21
40 874 29
46 246 97
491 6 70
419 650 46
253 739 36
123 631 4
97 260 7
527 284 92
112 684 42
471 769 70
690 311 36
331 581 80
200 216 32
239 490 85
60 828 96
758 759 7
61 254 83
637 771 94
155 827 37
870 698 46
491 369 62
602 656 24
364 506 91
638 862 58
107 174 14
843 459 19
655 547 48
455 337 62
611 261 63
370 894 99
746 228 67
230 7 45
159 288 13
762 226 90
159 244 91
182 769 8
721 392 72
174 874 71
722 390 51
448 796 47
732 188 37
682 315 18
813 428 2
510 426 70
179 775 4
387 755 33
64 241 93
135 109 38
32 633 1
192 379 72
223 677 10
486 266 64
844 863 20
539 692 72
654 697 94
542 824 63
506 383 1
290 412 59
796 271 72
31 295 80
387 72 90
552 692 2
749 718 40
511 657 26
354 308 67
598 691 19
44 597 9
310 591 4
235 332 66
556 339 51
171 552 20
871 272 26
54 858 89
772 532 62
793 448 21
806 273 77
13 512 66
475 506 4
76 876 60
619 538 83
280 689 78
760 892 45
255 754 68
886 370 20
529 783 87
435 108 22
636 561 89
554 15 46
177 671 4
64 11 5
6 580 20
608 211 27
317 576 27
293 325 43
297 15 92
89 621 59
875 374 36
670 709 75
3 650 30
101 339 62
104 778 70
10 704 69
843 302 79
204 71 44
659 266 55
378 836 5
349 631 43
404 629 30
746 356 82
809 63 70
734 130 7
861 336 37
788 249 45
261 431 88
164 510 57
278 515 44
808 501 36
450 251 85
596 65 73
150 252 26
803 530 90
819 280 28
82 497 53
793 218 66
869 887 1
243 139 53
202 325 27
397 38 88
336 621 32
820 465 29
473 469 66
755 561 16
318 62 78
793 354 71
173 845 24
530 320 89
292 382 33
552 427 25
893 440 11
765 191 90
94 571 5
421 518 8
288 262 39
228 68 41
49 527 6
892 116 43
129 489 93
846 678 95
175 482 91
741 551 42
505 132 29
384 198 57
496 29 38
469 869 31
6 150 14
25 253 39
635 178 88
517 142 97
726 834 74
612 586 4
555 624 85
675 211 35
545 54 69
280 598 39
199 718 41
89 309 11
52 377 46
898 646 13
256 662 74
503 384 66
150 688 71
832 391 81
655 164 8
580 84 36
445 502 65
653 309 26
378 319 1
423 287 64
321 28 18
346 500 9
736 670 95
236 648 7
741 898 65
506 399 1
566 644 54
425 819 78
593 66 39
597 315 85
638 347 58
624 248 89
585 758 9
558 327 99
796 638 6
389 506 16
56 810 57
719 517 50
684 206 92
160 142 45
542 479 85
872 320 28
475 700 11
405 654 10
107 512 48
137 440 47
882 80 36
164 197 46
375 244 71
740 202 7
870 571 84
578 290 30
377 684 87
868 164 34
326 729 4
625 538 46
629 512 82
756 713 59
173 66 35
744 776 89
489 456 9
612 95 56
91 385 57
895 45 31
610 792 37
134 789 93
52 684 14
257 240 46
175 865 56
145 101 75
370 864 22
843 416 18
41 448 84
389 897 5
464 495 38
874 673 81
135 366 29
422 543 49
174 478 4
581 197 29
178 823 21
536 465 15
719 7 79
724 78 44
40 282 72
884 625 48
847 613 27
640 453 94
182 443 58
876 176 32
760 662 81
751 648 29
201 176 65
109 857 99
749 763 70
175 869 5
92 430 14
542 289 99
211 811 28
402 180 25
262 489 6
281 612 14
252 539 46
30 670 19
825 466 68
280 632 29
127 426 57
153 626 25
834 681 3
891 879 39
698 387 58
701 59 24
395 438 21
643 830 85
474 210 6
458 693 14
495 620 69
613 29 30
700 480 41
483 550 15
325 348 14
81 366 96
312 400 90
591 526 35
74 459 12
781 609 31
771 416 26
501 402 76
17 715 78
410 725 66
152 730 100
481 87 47
872 26 54
0 87 62
451 368 44
557 388 12
881 335 52
308 352 56
163 803 100
103 769 63
398 546 88
318 894 68
522 332 25
466 611 40
334 130 62
782 388 30
468 178 39
367 321 12
651 3 38
93 5 44
456 670 46
103 252 80
35 781 84
652 184 39
548 673 47
417 24 5
644 304 73
798 854 8
623 99 85
246 385 70
355 100 53
301 347 20
566 618 12
565 773 5
398 223 31
466 256 65
517 373 40
378 420 86
192 173 36
571 794 7
688 552 24
639 259 8
449 654 72
562 33 33
526 16 66
337 701 41
502 217 88
89 192 14
847 473 21
795 54 91
579 742 89
519 169 67
578 363 3
319 853 37
434 627 54
8 601 45
553 20 35
30 818 27
369 201 22
633 781 72
548 569 32
861 629 33
750 64 100
89 48 14
758 587 73
712 470 66
334 574 98
536 175 78
298 232 82
16 102 50
224 516 28
235 271 80
79 133 92
552 829 60
622 158 71
361 703 57
499 848 94
254 888 66
268 161 92
512 877 86
814 469 11
242 616 38
59 576 73
370 228 69
246 308 41
569 557 65
283 452 78
350 295 87
322 624 4
702 784 86
612 875 96
319 893 20
816 664 12
796 342 20
160 478 23
250 535 20
208 262 80
509 389 98
490 348 63
546 893 24
607 163 59
194 187 42
383 516 95
515 101 89
595 774 76
516 349 38
493 751 4
740 447 14
856 879 67
455 279 15
247 36 28
387 31 75
329 440 84
518 898 35
597 644 94
739 701 62
406 123 51
495 157 27
147 258 30
445 608 20
343 701 97
814 134 38
506 849 58
178 255 75
201 663 95
90 331 25
329 545 44
84 248 11
375 387 83
709 671 20
679 583 24
198 330 63
572 63 34
571 162 31
576 701 15
428 83 14
742 317 53
386 610 31
97 140 89
463 380 9
182 397 98
172 845 81
220 833 68
170 269 15
