550
540
444 169 88
42 273 34
137 151 25
12 479 15
368 449 90
77 444 95
227 505 17
56 520 91
303 329 58
156 45 88
534 310 77
482 100 37
345 518 5
298 143 76
293 419 15
488 39 61
253 73 50
243 492 48
535 224 56
540 0 56
404 60 65
69 130 40
88 374 57
540 516 73
380 311 17
278 325 54
45 337 33
408 190 45
296 46 34
206 405 92
311 317 38
30 465 14
463 302 22
538 367 93
358 460 35
189 302 81
303 166 89
25 229 84
177 66 93
265 294 7
179 77 67
511 37 38
350 189 34
354 4 98
165 541 7
261 424 26
484 347 49
445 170 20
91 237 7
115 88 31
299 187 43
130 265 21
39 198 24
82 533 89
479 152 37
392 187 87
55 440 36
426 42 79
404 382 62
1 327 98
486 433 99
315 486 98
3 382 35
444 424 58
157 439 84
436 295 25
123 495 32
68 356 87
148 187 6
122 49 54
523 126 38
5 13 80
129 405 82
69 17 100
312 485 49
26 306 79
296 215 16
195 463 64
4 208 65
489 289 80
249 121 84
239 291 2
16 299 97
333 490 58
489 442 72
350 159 44
16 494 42
488 250 57
471 440 97
480 99 7
17 117 26
381 221 74
134 75 30
447 449 67
51 515 36
540 141 80
493 210 95
439 105 73
536 289 45
64 380 31
531 16 98
369 238 16
385 184 39
449 225 40
446 93 7
396 53 5
127 244 12
61 157 47
36 70 85
421 317 20
234 458 2
396 244 56
451 441 35
465 459 7
133 506 28
25 5 52
449 129 70
219 177 79
274 204 83
521 489 65
368 26 9
455 131 74
411 79 32
356 411 88
232 365 85
384 198 97
10 276 37
463 4 68
69 28 48
102 353 5
95 446 57
8 324 58
154 319 33
363 71 41
483 440 33
296 189 81
327 254 95
515 442 14
112 27 80
372 115 50
84 107 64
370 354 40
525 310 28
208 195 14
353 98 91
175 105 86
415 542 67
348 433 4
486 229 45
366 511 5
212 56 87
103 290 8
313 71 73
265 503 89
446 426 47
49 170 94
328 364 94
334 171 85
24 457 51
89 208 46
152 88 56
467 236 83
523 409 88
13 130 49
420 365 15
131 322 8
145 501 22
200 245 68
106 349 20
475 451 54
522 139 58
371 231 14
519 225 88
494 446 6
18 185 51
143 472 52
491 354 21
208 546 45
397 463 3
70 30 25
445 152 79
488 290 24
131 23 9
135 315 61
231 7 44
244 77 12
499 382 12
203 43 87
271 337 89
479 172 43
409 381 14
245 187 83
337 215 36
335 348 23
299 378 17
150 189 75
465 8 27
323 60 13
362 21 97
447 265 21
189 5 46
37 300 78
114 322 63
22 455 71
179 332 7
472 519 93
26 121 82
135 435 46
464 433 56
527 38 81
50 99 46
53 199 44
467 495 53
11 536 42
383 50 88
268 541 96
174 225 33
378 18 25
201 195 49
82 280 69
442 409 53
290 524 24
114 259 64
371 328 60
445 77 83
46 454 82
190 541 65
369 87 64
79 202 20
375 298 88
450 148 35
529 314 71
248 503 5
417 157 95
471 152 95
491 79 38
447 179 24
268 252 48
421 107 31
151 261 23
369 141 98
18 364 83
525 251 15
394 330 11
126 458 65
498 87 41
285 460 57
87 235 91
440 284 59
543 507 68
48 433 61
248 424 6
235 177 25
95 420 64
147 87 63
167 71 43
316 67 68
361 508 35
177 443 88
69 229 18
45 179 95
98 49 89
230 128 3
297 479 7
359 359 6
419 241 14
73 396 48
448 19 26
471 546 78
326 212 84
9 265 20
539 7 66
402 108 95
274 102 51
162 419 3
14 285 34
185 85 23
313 351 52
502 542 92
434 385 43
357 301 28
293 314 14
324 245 43
95 388 10
128 223 11
290 511 30
132 221 45
287 275 32
489 156 26
77 477 36
421 151 94
147 291 89
413 240 49
139 433 98
302 444 21
225 191 44
256 534 57
270 498 21
205 174 5
267 144 34
381 481 92
278 319 13
417 174 81
76 414 46
260 149 57
244 38 61
248 451 11
58 485 9
21 358 93
316 96 6
36 312 63
424 484 72
52 365 93
162 293 9
214 266 92
503 100 12
267 299 31
282 528 9
228 473 44
435 406 7
453 452 17
290 331 93
424 242 86
139 310 18
497 243 96
499 510 38
241 82 93
263 363 79
202 345 44
152 65 12
377 273 96
140 120 93
50 451 91
197 540 4
500 282 94
56 67 74
224 91 63
501 345 1
361 150 56
201 19 34
507 421 16
361 119 87
354 485 28
308 518 4
411 0 90
126 481 99
279 2 93
42 239 53
123 149 29
473 285 16
45 220 79
498 461 88
277 186 10
220 38 73
454 524 42
212 270 97
7 510 71
12 446 2
451 462 26
466 89 94
14 521 54
197 101 56
149 144 78
461 303 48
288 174 100
129 387 58
493 336 61
451 124 34
431 251 50
137 294 2
78 549 81
482 56 40
536 12 33
246 10 18
250 174 30
43 198 61
319 368 72
319 148 78
103 526 50
338 501 17
131 226 100
324 72 24
114 472 99
546 516 27
457 171 11
426 300 23
212 211 82
369 294 56
282 515 99
421 281 49
189 434 45
23 247 98
291 176 82
350 227 36
392 367 59
474 263 88
159 362 7
425 100 99
488 46 86
261 379 47
251 476 13
93 505 72
154 281 74
3 549 31
55 0 28
188 243 74
5 54 40
208 16 61
52 1 17
191 427 100
390 257 68
189 537 21
309 437 27
513 234 58
154 194 70
301 383 84
220 317 40
461 427 65
57 302 61
327 111 10
532 57 62
91 299 58
146 163 28
471 300 15
237 199 82
527 407 59
104 516 24
65 148 23
369 455 44
420 503 76
356 475 48
35 156 65
287 56 16
251 271 93
180 88 48
131 170 41
327 349 62
235 204 19
111 456 7
490 349 73
243 533 67
334 416 40
455 495 62
378 236 42
484 180 24
200 21 24
357 297 84
176 361 57
409 287 85
77 300 94
225 357 75
263 410 16
147 522 75
110 71 19
263 208 65
368 330 71
195 150 50
151 504 61
2 475 45
43 351 37
374 180 48
118 89 41
311 285 92
268 229 36
361 228 65
547 95 66
430 339 58
473 181 7
233 156 50
202 529 1
106 336 43
406 505 6
392 101 56
422 161 54
299 69 80
248 161 53
495 346 81
251 373 49
365 78 56
427 336 29
273 283 45
16 110 43
33 389 92
29 179 27
38 250 54
155 133 83
186 518 68
444 139 72
440 319 10
295 68 58
115 287 41
82 60 8
16 215 43
91 511 38
10 37 72
315 402 49
500 272 21
88 328 96
330 191 43
468 250 50
311 471 76
240 418 98
539 376 16
309 181 14
467 213 35
48 446 100
327 492 44
300 399 25
329 524 53
251 40 56
532 91 79
358 177 98
255 474 69
171 0 87
16 93 33
307 124 7
97 475 45
416 472 99
398 80 18
188 210 66
69 80 97
5 156 87
392 127 71
333 90 17
244 351 35
417 0 33
520 81 17
80 412 60
352 411 7
406 318 39
27 520 27
419 272 77
105 132 40
373 465 65
180 251 47
236 147 74
57 87 48
304 214 26
77 537 62
542 129 63
