350
340
322 274 89
195 28 93
278 119 25
275 100 36
104 270 94
247 330 91
162 118 65
30 309 7
205 22 67
103 207 28
88 192 14
237 279 54
182 345 30
141 229 41
281 48 35
101 14 73
251 346 2
9 63 84
36 64 9
110 132 77
158 255 48
43 331 14
241 346 15
295 112 16
212 176 21
56 184 51
308 16 100
94 68 16
166 31 44
329 56 76
210 272 94
239 189 27
333 296 39
234 295 82
177 144 49
2 289 12
317 105 56
223 286 100
276 93 68
166 73 39
119 283 90
132 138 57
71 123 39
218 344 92
277 133 20
96 168 51
3 25 3
190 121 22
195 121 54
62 241 39
3 81 46
38 30 40
56 163 36
31 326 7
99 130 5
240 271 36
100 333 20
260 150 63
196 164 87
337 320 55
307 167 62
135 76 73
227 268 2
298 256 30
1 250 11
160 181 90
138 146 86
287 253 3
4 119 12
126 239 33
140 307 82
263 141 50
151 160 64
167 114 69
336 140 97
303 52 64
267 2 96
61 224 99
24 302 66
45 56 84
19 293 1
162 26 35
325 231 49
218 321 7
255 72 7
151 53 85
333 219 16
133 186 38
57 221 66
176 268 75
183 59 80
328 145 95
151 83 100
78 202 10
23 269 19
192 58 35
257 214 11
40 171 20
127 188 82
214 55 51
45 184 5
226 113 92
182 98 20
285 123 76
129 245 51
300 91 52
223 52 49
299 42 87
31 48 97
261 17 60
21 3 37
183 286 66
279 278 98
196 186 2
55 216 4
259 347 42
130 159 88
173 231 64
315 315 25
153 56 47
298 284 48
166 302 100
272 190 74
213 1 4
349 263 86
193 250 41
201 75 81
307 136 28
80 112 38
27 225 91
120 82 99
26 102 77
160 336 11
185 34 26
236 60 91
301 221 35
153 285 1
93 200 11
52 72 70
196 130 75
130 202 41
23 31 17
157 135 87
160 80 28
86 66 32
47 326 8
338 290 1
271 252 71
85 293 3
198 129 94
122 193 36
51 126 73
341 108 5
247 70 84
106 300 42
207 253 19
292 62 96
325 38 29
105 170 38
172 160 66
20 167 64
147 304 51
269 130 48
344 231 49
26 183 92
178 230 63
300 26 83
27 48 1
22 145 99
118 314 3
216 151 93
200 318 35
254 144 25
338 16 71
266 300 53
184 257 83
142 31 74
148 203 31
79 31 23
11 290 46
141 6 20
41 117 99
248 77 79
55 273 79
40 95 15
232 47 6
94 193 38
221 332 36
135 284 87
135 293 27
299 254 91
67 196 27
155 237 83
92 205 45
308 114 94
173 1 38
314 56 92
321 315 97
54 223 37
207 14 26
139 285 35
259 235 86
180 275 9
76 14 30
37 253 32
77 216 86
19 328 21
30 207 14
41 98 42
5 139 88
252 334 58
64 74 63
133 286 68
268 178 20
221 232 79
18 155 88
313 203 24
134 241 58
157 71 51
320 309 28
127 202 26
98 146 14
89 104 62
260 255 86
114 187 67
106 250 22
37 101 22
8 88 1
333 180 31
272 330 37
222 343 68
304 326 81
197 271 84
216 276 96
267 33 11
32 198 48
108 45 53
184 143 36
116 10 33
209 121 15
100 159 84
76 86 98
247 224 93
106 5 39
43 307 3
212 51 67
234 160 54
297 204 65
100 271 37
224 95 25
162 314 33
135 42 92
176 258 39
286 73 77
309 19 68
321 171 53
231 16 95
161 73 89
55 160 9
23 65 47
68 235 24
172 13 32
5 300 52
2 337 18
256 45 7
107 103 20
191 142 35
2 158 40
322 199 79
32 311 31
107 71 74
189 188 81
109 332 20
254 90 50
47 305 63
146 80 4
347 184 64
185 120 44
337 309 2
30 81 82
155 308 35
204 336 94
316 185 74
168 207 60
62 275 48
246 152 66
150 50 44
220 245 92
331 41 14
13 237 21
339 319 57
190 327 49
133 55 12
312 190 75
107 180 51
51 345 29
108 330 73
31 211 100
21 207 57
179 283 48
227 186 12
339 202 45
339 344 25
19 189 9
35 15 69
265 190 49
148 24 25
71 340 4
198 186 51
68 240 33
288 125 48
67 107 33
99 80 84
323 124 29
273 133 11
64 261 60
121 199 70
255 97 80
244 294 13
205 73 99
294 64 37
114 128 8
211 287 69
230 163 48
266 95 52
236 184 45
40 11 97
235 263 68
38 216 79
91 61 24
16 249 79
256 204 22
109 181 57
265 225 44
224 40 1
291 332 83
114 112 51
233 329 30
232 330 9
174 146 60
