500
490
102 497 32
258 187 9
478 267 13
139 226 87
191 324 21
337 376 53
68 402 100
245 95 19
255 190 12
395 318 53
76 379 56
408 355 61
236 153 76
303 80 66
353 466 8
282 283 65
442 126 72
354 136 92
259 315 1
273 439 47
374 459 8
168 186 3
454 437 28
317 108 5
496 224 50
304 420 36
98 382 5
479 279 38
152 265 100
494 32 74
400 451 5
277 75 95
44 156 13
400 111 53
22 226 24
149 451 63
101 493 93
261 417 47
218 326 16
326 114 79
290 202 7
231 396 50
378 327 66
367 339 24
499 185 91
431 211 80
242 176 80
117 320 40
466 239 92
34 43 34
78 388 46
411 256 27
396 332 76
229 205 24
30 234 68
311 94 47
389 380 9
20 64 48
230 75 8
102 223 35
351 298 85
423 234 55
402 92 49
64 477 28
295 74 77
210 209 54
335 265 86
61 196 2
106 272 81
228 458 57
336 294 97
401 56 22
63 439 14
286 130 59
472 114 84
144 397 4
294 271 35
232 138 88
324 420 43
484 168 35
338 278 75
33 103 22
9 367 84
74 120 20
139 111 28
192 474 56
157 14 26
393 157 80
398 428 73
328 140 34
317 416 28
292 351 50
222 378 28
286 214 95
102 109 47
25 339 57
376 105 81
418 75 82
118 390 4
419 0 42
453 345 68
217 405 72
11 153 25
181 131 87
60 317 47
355 151 62
157 114 55
468 68 3
177 119 91
224 389 75
153 344 11
484 183 13
351 223 53
315 94 32
15 269 89
178 158 89
121 206 72
471 229 9
306 436 35
113 162 17
300 421 80
72 394 100
270 312 21
497 3 74
265 316 61
494 228 78
393 458 41
489 365 56
71 289 98
455 285 69
299 21 11
356 489 81
452 458 56
294 476 68
404 246 30
498 311 21
298 257 41
127 497 25
344 101 85
355 140 91
98 299 60
353 209 84
487 31 11
80 391 33
234 297 9
121 23 70
442 185 51
38 113 69
171 317 69
258 399 92
481 426 67
297 28 1
258 260 88
212 382 41
66 439 23
156 307 82
229 296 8
495 11 28
333 16 35
291 299 8
77 183 92
381 32 69
79 98 80
18 92 64
145 217 9
458 172 42
141 414 100
152 455 43
245 312 39
221 320 75
63 145 59
314 445 2
107 57 95
38 293 21
20 490 69
471 478 54
326 87 22
384 95 26
86 236 31
37 409 74
442 110 54
48 236 33
239 337 4
199 395 49
257 209 1
58 15 64
421 485 22
73 336 97
251 174 58
252 103 91
408 157 72
178 266 56
492 402 76
432 492 62
189 408 44
173 176 27
180 271 29
348 362 28
25 185 12
482 376 49
250 24 16
71 393 96
85 384 61
176 257 54
279 398 55
7 470 27
424 347 69
330 241 92
17 462 100
126 260 37
144 495 50
405 254 76
211 6 46
479 182 38
289 158 69
440 72 6
33 271 31
423 218 25
286 274 62
409 133 49
410 266 56
266 66 93
239 336 49
226 81 68
498 397 80
115 8 74
260 399 72
48 347 16
414 198 44
158 432 67
256 169 39
129 236 50
202 155 82
361 202 57
499 423 76
343 17 14
274 314 6
237 284 85
207 239 28
167 447 17
380 192 41
379 139 79
178 309 79
250 239 4
79 190 21
65 181 48
277 482 99
285 40 87
117 318 7
471 383 69
486 74 21
111 328 20
471 332 20
216 377 38
339 195 72
326 117 66
2 318 40
155 225 68
200 260 31
75 249 88
407 270 71
310 388 32
173 96 62
337 18 68
391 116 86
296 187 22
93 225 85
490 333 83
457 450 75
163 15 73
307 223 53
329 320 68
376 487 64
121 121 71
41 127 36
102 210 91
231 400 10
420 327 12
261 337 76
198 144 24
5 59 63
260 181 76
187 465 3
106 376 77
212 26 56
386 324 55
110 455 51
393 313 96
394 267 54
313 448 86
235 424 27
262 388 46
414 86 59
472 397 47
321 409 32
70 413 64
250 291 6
487 368 77
222 227 13
303 412 85
374 498 52
108 249 5
87 183 32
108 465 56
224 232 71
384 315 69
258 468 98
494 10 67
387 238 87
420 414 94
141 19 10
200 272 66
199 155 94
339 373 60
412 262 54
225 388 50
233 228 94
213 433 86
201 440 52
462 121 48
495 425 94
40 44 90
332 180 14
148 449 54
496 433 62
130 271 5
275 221 25
182 303 15
360 378 47
102 403 6
350 106 73
42 389 100
251 159 93
82 45 22
50 21 35
257 378 89
344 309 51
171 86 1
329 11 66
205 196 14
472 351 64
197 359 6
444 95 30
12 244 24
3 296 68
487 313 32
200 167 31
290 480 31
372 115 27
222 496 40
427 151 60
263 190 21
346 497 74
434 425 73
60 498 91
85 375 52
114 468 70
453 8 15
289 486 42
178 432 98
116 124 19
214 200 40
88 322 64
439 214 66
212 256 78
295 26 75
454 174 93
440 122 14
325 311 59
27 191 99
487 313 87
479 223 54
78 296 64
269 268 8
272 345 1
156 195 29
88 457 47
347 265 71
197 272 26
422 410 37
429 113 33
476 76 53
109 3 38
369 331 68
481 169 66
469 389 76
360 141 61
76 458 5
445 428 94
159 220 14
374 17 58
199 445 71
402 218 13
431 110 74
216 132 93
326 348 28
350 414 85
416 191 60
378 56 88
444 475 95
147 179 68
99 161 38
87 282 10
347 131 26
18 159 29
477 239 38
187 230 34
12 242 44
481 404 46
27 231 71
23 496 49
313 447 20
355 96 99
329 83 30
210 168 28
52 114 26
329 69 57
351 95 63
205 48 66
439 447 50
47 42 60
214 304 34
81 36 20
155 7 46
465 244 91
375 262 81
73 119 15
4 481 53
117 434 43
172 415 99
234 453 38
73 316 55
41 384 70
172 212 9
7 318 60
350 307 54
172 489 58
244 258 20
403 488 59
28 23 26
219 492 23
216 305 56
0 83 60
279 379 19
390 405 99
154 441 80
101 448 67
13 400 16
111 350 37
291 262 10
138 180 83
194 257 11
352 139 66
289 299 38
59 493 34
371 179 67
228 376 1
118 355 86
268 253 16
239 92 20
482 17 35
396 131 96
449 74 74
436 241 27
190 452 82
170 486 80
166 203 71
490 18 86
316 50 2
362 45 60
268 343 13
78 275 51
421 368 37
234 164 83
146 122 10
185 66 76
219 283 10
67 408 63
233 15 31
362 405 69
461 230 50
265 459 18
460 240 18
311 188 52
485 361 78
386 376 53
493 393 41
142 392 97
231 147 36
212 127 51
