1000
990
868 830 83
982 230 31
326 727 11
167 585 51
152 277 69
837 659 10
444 197 91
851 862 81
216 663 50
353 3 5
78 71 3
481 584 14
47 504 69
101 792 81
125 122 75
489 205 35
202 790 6
548 71 58
408 542 83
183 518 35
883 797 38
562 443 39
32 523 84
897 532 85
805 84 20
941 295 55
148 996 30
563 263 60
666 674 69
957 254 95
834 154 79
183 681 57
63 274 76
315 18 78
545 225 63
748 888 80
402 431 23
109 383 32
338 957 9
151 784 36
127 903 100
241 768 96
903 335 46
979 519 28
979 138 18
875 473 66
452 245 11
349 66 69
801 478 95
164 429 98
925 797 49
929 323 20
650 485 67
362 556 96
116 555 9
190 320 95
50 981 97
998 498 58
686 233 57
723 680 62
548 533 14
522 538 100
542 467 48
889 31 62
53 535 11
775 499 54
728 115 37
930 553 40
437 181 57
469 374 59
902 683 62
778 356 78
931 574 82
714 169 2
864 707 7
987 172 85
55 851 97
956 533 16
331 675 19
473 431 45
920 950 9
827 514 97
135 744 76
563 296 69
67 1 56
538 651 71
114 350 70
102 425 78
212 466 72
594 232 80
107 50 20
110 722 66
385 605 63
998 540 29
750 791 72
188 821 99
43 174 43
779 334 56
808 448 83
847 332 54
490 285 89
135 452 23
84 729 98
259 808 9
369 694 94
143 909 82
884 670 50
245 704 32
733 627 17
683 799 80
540 181 23
883 58 49
686 889 49
563 922 1
298 447 83
596 807 89
927 621 41
305 472 8
8 847 14
990 511 49
707 43 67
962 679 4
93 842 59
743 463 74
16 413 36
357 165 91
965 780 67
678 562 67
747 519 10
361 667 68
225 486 58
598 754 3
687 669 82
496 596 66
641 451 14
739 114 17
263 653 32
282 83 21
557 769 20
523 376 45
868 584 13
194 766 89
218 293 51
656 591 5
628 322 33
893 195 2
869 446 45
241 323 3
393 926 80
671 778 65
752 436 3
24 768 100
171 214 86
710 359 87
74 95 47
163 1 38
439 317 82
715 546 87
282 721 75
694 383 45
506 152 37
285 611 83
143 773 49
647 451 5
954 584 40
588 111 70
39 323 100
615 532 37
326 989 72
473 744 49
604 544 74
456 505 85
649 545 69
515 404 74
66 199 57
204 943 36
470 786 29
198 159 22
63 243 65
468 937 99
610 342 13
413 344 52
161 290 31
123 790 80
714 546 24
174 264 39
545 76 15
299 109 31
435 211 10
375 143 78
220 833 8
403 942 62
947 803 32
117 815 15
877 479 23
905 522 6
294 643 62
27 37 51
611 586 82
52 491 90
209 127 27
928 480 10
923 653 47
923 243 1
455 297 16
231 31 65
36 757 83
608 338 38
729 859 50
858 572 52
772 276 41
419 226 29
9 416 95
272 271 45
524 483 42
944 249 62
431 15 10
405 170 47
868 355 61
517 404 55
106 417 49
72 294 41
738 250 81
537 196 64
455 490 43
949 787 36
949 370 70
552 371 92
740 655 37
682 470 68
970 457 66
207 587 33
555 843 27
447 550 79
283 116 40
489 238 83
272 40 98
431 141 66
985 896 25
180 222 26
123 475 18
650 733 81
384 313 5
893 935 98
513 521 20
972 811 61
230 933 26
495 769 40
323 994 91
447 634 2
832 923 34
138 275 30
201 50 16
537 461 50
543 498 5
241 433 48
825 153 34
651 180 82
536 321 95
160 395 2
342 678 20
466 182 9
992 417 16
406 338 6
814 561 35
154 344 51
842 64 11
427 569 20
893 519 98
580 134 67
527 861 94
975 814 64
815 161 31
732 958 41
7 103 84
370 810 71
358 19 37
335 87 43
546 928 78
742 795 73
382 351 21
111 106 30
375 189 15
333 910 14
569 895 7
118 68 52
596 843 85
349 630 4
701 737 42
824 747 11
45 291 57
840 754 11
394 978 56
836 555 81
432 226 35
864 54 23
569 774 71
641 122 9
628 396 70
830 91 75
924 183 64
229 695 62
954 543 57
208 464 78
119 809 27
624 59 29
496 486 18
591 772 30
378 592 11
164 620 26
597 608 79
989 673 33
620 911 40
613 846 71
571 251 68
235 613 82
801 93 30
716 785 74
991 397 97
38 386 65
678 709 68
680 985 26
343 742 65
916 635 51
779 710 10
267 612 46
390 348 64
260 785 58
553 945 73
431 248 65
799 573 97
111 200 11
643 372 7
650 560 68
666 646 97
923 472 45
994 222 16
551 716 29
684 217 72
93 371 70
365 952 74
904 908 74
669 870 35
417 920 81
899 696 34
241 995 39
154 713 90
584 994 95
601 788 6
192 237 64
160 566 55
673 246 63
188 224 39
895 294 55
881 396 18
721 113 99
587 949 84
514 157 31
854 130 20
984 846 44
619 706 98
125 542 35
905 961 71
937 308 14
551 733 30
463 536 3
680 889 4
605 28 84
867 753 28
78 184 59
990 753 82
95 274 2
759 997 60
65 11 64
968 528 100
453 849 11
399 359 71
89 22 97
848 959 55
250 639 100
245 132 14
475 938 50
14 445 8
47 462 98
909 67 59
289 632 35
107 514 8
799 208 3
353 488 3
974 701 51
310 238 59
506 921 43
217 245 4
448 173 61
259 302 11
679 320 78
365 322 2
303 237 2
235 674 95
142 481 77
367 181 100
138 811 45
616 270 52
432 66 98
923 545 62
843 970 35
754 624 48
174 984 81
90 335 9
927 114 74
831 269 7
220 729 8
268 242 77
272 626 35
521 535 76
344 91 58
212 808 8
918 317 54
941 810 65
8 888 76
559 566 73
534 877 12
556 625 68
266 166 39
386 206 8
42 38 64
48 505 97
62 601 55
930 80 41
617 915 38
947 604 76
587 904 12
105 813 20
487 944 7
837 998 73
263 862 75
380 280 39
320 924 2
596 150 51
113 147 25
974 894 14
838 240 17
642 258 91
792 896 30
547 649 36
49 739 8
973 3 32
469 184 59
754 473 35
977 8 44
976 236 43
365 99 10
496 743 92
662 142 86
623 685 43
640 209 75
988 672 29
362 289 1
814 280 23
159 698 33
81 78 4
931 7 95
242 603 34
283 651 26
896 510 44
920 62 65
888 63 92
400 845 47
502 538 9
56 837 61
592 725 80
738 501 75
26 416 24
110 656 13
19 599 86
226 378 17
495 76 10
948 990 32
650 300 44
7 805 27
412 677 73
433 206 3
753 629 31
539 87 19
626 37 81
856 801 4
355 358 78
209 246 65
490 751 22
207 521 67
871 718 24
110 158 18
26 401 86
31 221 29
56 462 32
127 354 84
193 155 32
171 516 84
897 292 80
937 533 58
992 645 87
271 697 79
520 213 33
13 351 15
436 707 69
332 186 28
241 678 42
151 584 8
484 734 90
542 943 89
773 537 4
236 595 77
686 301 70
160 224 54
253 683 2
812 915 63
81 113 69
159 354 95
121 520 7
312 110 54
797 658 34
9 388 73
198 104 67
971 539 61
204 260 71
746 883 35
557 510 24
179 42 98
144 474 19
333 439 87
414 173 43
653 267 68
882 65 84
897 167 44
799 344 56
200 255 12
145 544 19
176 716 87
574 419 52
824 342 12
757 912 27
80 356 6
332 65 49
593 699 55
756 895 76
341 146 42
182 573 44
461 714 68
360 111 64
64 928 81
198 650 89
487 273 24
416 333 25
526 303 4
461 640 46
457 976 86
224 9 77
877 863 94
679 307 16
658 125 96
803 168 27
473 8 27
795 960 65
775 530 29
972 74 100
975 404 20
271 94 56
114 705 65
857 49 43
399 119 46
269 478 73
502 72 33
153 778 36
426 987 79
236 610 1
199 356 50
403 954 79
897 57 3
901 289 10
115 388 22
232 391 17
809 818 7
509 981 50
860 834 35
174 132 32
405 115 39
354 948 79
452 601 93
774 423 74
910 399 11
273 888 3
558 965 29
879 344 71
973 362 92
322 519 13
541 920 65
450 543 81
222 268 21
830 562 54
653 309 1
722 460 64
9 94 17
467 126 94
24 39 72
905 860 88
122 460 37
377 435 98
90 424 1
834 815 92
553 714 53
538 151 55
655 113 50
201 712 14
615 177 19
671 949 8
963 533 71
128 313 78
319 577 97
226 32 58
989 373 90
288 679 14
981 202 58
424 366 62
440 87 4
904 841 50
273 236 31
565 857 96
196 878 69
378 721 25
282 273 99
95 380 81
656 219 92
739 649 47
508 561 51
693 225 40
321 106 34
506 647 51
245 284 56
86 510 22
625 869 28
299 144 92
752 828 56
49 957 5
60 800 63
299 684 32
353 905 25
903 543 22
617 938 40
398 454 74
942 648 48
24 324 39
995 50 64
287 803 1
663 280 88
565 942 25
797 96 96
323 305 35
971 122 20
712 471 27
172 274 5
859 685 33
180 765 11
66 650 24
155 949 34
175 924 20
713 494 65
590 115 37
358 366 74
931 724 87
643 857 33
334 829 74
620 960 66
913 809 52
258 577 59
569 111 69
23 568 26
94 317 12
278 769 77
589 93 98
558 931 79
625 538 21
848 421 4
123 611 82
660 652 24
866 688 92
820 977 79
84 147 74
956 755 13
117 877 84
342 354 95
821 911 89
469 758 84
917 957 15
188 862 13
499 844 75
767 630 57
290 486 20
462 991 94
493 990 52
818 746 84
26 525 5
862 557 59
804 202 79
431 572 76
583 510 59
767 724 67
597 64 53
666 750 57
125 635 85
673 8 83
562 108 62
50 335 1
990 777 6
849 23 86
555 698 27
479 338 96
173 9 96
351 315 59
588 547 4
141 282 75
307 124 11
456 376 12
913 626 35
402 843 30
635 114 59
935 502 85
618 65 87
121 718 29
325 503 31
904 382 12
478 938 34
949 550 33
977 449 33
376 729 9
477 664 3
892 713 55
659 401 12
874 988 59
962 839 40
38 776 25
244 843 47
680 421 41
132 264 67
161 654 84
757 903 54
213 952 60
444 53 11
382 208 14
594 447 97
781 682 11
880 6 87
353 168 22
194 271 22
345 112 14
802 429 85
324 577 69
582 781 36
121 689 63
800 769 17
143 882 17
213 445 40
186 437 94
218 446 57
298 535 51
422 80 71
953 486 17
273 173 64
247 535 16
942 757 48
279 860 54
786 0 59
961 679 85
923 447 77
348 273 25
499 852 31
229 458 20
176 390 8
835 785 15
47 677 32
229 80 46
89 65 71
552 522 85
732 445 46
575 109 71
715 426 7
339 9 68
0 640 82
854 940 14
45 687 34
329 87 90
832 529 78
821 500 81
970 26 29
208 0 48
944 350 17
775 738 26
216 590 57
175 843 41
229 239 18
700 151 14
410 760 1
163 802 57
618 373 46
634 730 41
907 523 96
188 560 24
912 760 53
160 67 16
154 772 31
258 95 11
801 298 74
280 243 92
388 983 51
732 818 21
683 224 96
512 820 50
235 294 91
545 290 62
142 486 98
10 212 56
335 885 82
458 744 5
653 105 15
285 490 68
700 342 80
920 523 29
79 536 21
735 263 89
871 942 36
959 540 97
900 621 65
86 765 74
898 378 70
254 51 65
778 445 79
286 717 3
648 850 65
728 808 97
905 141 14
708 473 7
947 246 77
301 487 19
472 74 30
957 9 87
691 356 100
868 107 100
203 747 78
322 552 55
162 934 56
674 147 12
600 666 21
733 268 98
324 336 68
14 186 76
400 341 87
32 485 72
592 129 19
48 232 61
43 897 70
487 130 22
53 337 97
877 187 75
237 227 83
120 662 87
540 667 65
845 677 57
814 506 99
771 119 29
478 468 5
225 367 9
197 294 38
681 936 27
235 760 27
839 996 42
98 536 62
936 108 87
348 653 37
587 386 3
188 970 3
532 207 85
457 928 99
542 721 82
518 423 15
66 262 51
613 428 34
277 781 62
131 402 74
185 502 1
710 24 15
901 598 96
310 73 92
802 208 90
263 198 5
339 349 33
861 913 29
435 844 34
855 153 2
558 75 15
926 733 89
962 115 27
184 694 50
494 957 22
228 662 93
701 570 59
672 373 52
578 956 18
854 750 68
892 29 78
846 732 100
861 966 19
964 820 32
71 474 34
374 220 56
745 705 14
739 610 31
815 951 79
893 582 38
520 846 25
854 492 62
959 932 57
898 791 95
886 761 83
321 711 15
640 35 8
849 671 80
46 455 100
807 495 60
845 70 56
769 882 74
385 615 85
1 955 5
835 374 54
225 216 94
672 114 69
971 234 4
569 891 18
958 323 40
580 881 42
274 804 96
68 358 2
360 379 98
823 865 49
931 793 9
173 518 83
265 550 84
180 762 62
614 373 67
469 331 89
211 99 96
660 679 69
899 712 82
494 229 74
569 329 14
482 873 40
663 551 33
756 115 51
493 280 39
378 177 82
296 619 18
226 456 15
266 817 37
448 913 67
896 98 92
337 107 32
752 698 41
806 431 64
811 217 15
454 68 54
530 187 88
925 781 1
833 257 2
707 85 99
595 392 54
432 143 88
926 710 55
500 42 72
882 26 23
349 494 2
130 591 5
943 774 29
58 75 68
631 812 97
462 695 50
189 662 84
610 969 15
174 603 1
159 519 79
558 110 77
903 457 81
742 202 65
