750
1500
259 322 91
480 670 31
353 587 70
385 237 81
335 214 82
321 732 49
343 140 5
458 41 61
232 680 81
389 329 14
541 710 67
467 730 80
269 573 60
398 600 80
399 547 88
691 254 81
144 488 73
82 26 30
223 328 42
160 102 37
280 5 91
76 562 1
480 282 90
687 136 51
285 94 12
564 241 97
348 376 87
626 487 77
183 46 88
240 488 94
99 480 26
432 510 60
435 28 18
282 681 93
437 165 79
365 39 1
401 310 57
346 219 78
259 650 72
120 246 86
191 141 5
726 289 29
464 435 78
748 125 61
555 323 83
733 600 71
505 661 91
68 694 75
141 649 78
272 210 3
362 607 56
432 446 81
258 536 3
536 17 30
400 311 39
22 447 66
124 723 60
70 696 68
10 592 73
579 151 77
655 211 59
398 429 59
736 580 67
512 466 89
520 608 84
268 305 51
617 601 96
321 214 76
162 269 55
233 207 88
677 333 73
423 692 1
689 225 53
592 382 39
6 156 96
367 680 15
182 523 68
671 539 99
358 468 87
128 340 99
433 367 28
496 74 60
144 278 25
358 516 49
148 542 78
453 619 35
239 270 56
152 490 9
267 349 29
605 82 40
289 34 97
520 258 38
562 200 3
245 314 35
661 483 25
669 574 33
536 165 35
715 366 80
422 502 12
454 737 83
21 94 71
588 106 67
310 654 46
57 647 56
613 704 77
653 492 11
16 590 73
684 422 70
127 94 16
46 138 19
113 350 26
365 124 24
310 415 78
317 462 18
736 87 83
32 144 91
106 150 3
380 179 16
82 234 26
3 259 48
338 77 8
435 158 24
662 85 60
677 105 29
686 436 24
532 313 24
745 261 94
306 272 59
744 292 89
456 319 84
267 697 73
467 256 28
368 652 23
43 314 57
211 514 24
157 443 93
718 647 27
143 17 71
262 705 27
587 250 60
70 501 23
114 732 8
445 351 94
548 324 2
614 263 46
37 13 13
629 713 14
33 648 26
149 207 4
721 740 79
436 499 38
537 699 2
531 525 35
668 602 68
128 509 51
236 315 2
644 600 29
30 420 76
291 501 83
415 14 57
528 478 41
477 109 10
149 95 19
486 2 23
332 698 10
412 624 32
623 396 11
682 359 100
210 344 44
164 375 68
65 458 62
676 146 43
412 417 79
53 590 25
113 558 12
686 749 39
436 599 28
256 572 7
5 27 5
206 746 93
55 389 56
547 310 22
422 217 87
13 253 28
476 10 91
728 331 24
191 390 1
184 31 75
97 459 87
59 286 33
231 600 9
333 687 3
26 345 1
216 352 72
70 442 41
180 339 60
306 570 32
694 478 91
448 402 39
599 319 56
196 578 31
487 651 29
679 514 34
123 376 72
636 513 58
181 270 83
665 190 32
571 742 1
114 207 37
138 99 53
182 98 95
714 520 78
711 316 58
336 308 78
127 111 31
218 360 6
575 542 60
705 740 83
597 633 81
307 742 13
408 549 65
165 89 58
269 619 14
270 612 11
442 52 47
12 720 83
146 130 49
381 729 30
634 340 72
123 472 73
541 421 19
374 691 27
552 121 41
7 600 97
392 311 50
32 185 25
336 614 76
385 660 41
59 186 84
120 320 38
730 35 42
94 748 58
563 729 28
487 337 42
667 216 76
616 690 27
504 237 52
656 243 68
292 191 37
295 531 93
367 722 78
73 720 66
668 596 15
286 27 97
552 354 23
27 679 63
532 375 35
376 6 69
671 227 78
373 615 90
354 450 26
142 522 67
167 600 74
546 23 71
479 145 55
156 627 22
198 627 27
561 235 16
23 378 99
635 63 36
136 65 61
650 233 27
472 271 5
39 244 70
318 599 27
125 228 2
308 595 71
495 680 84
314 55 40
544 372 22
295 393 41
194 406 47
393 171 97
607 303 55
515 454 97
449 360 59
166 580 42
473 222 25
456 328 26
465 615 12
524 498 99
221 168 59
712 232 87
123 658 89
461 314 51
147 71 67
591 374 18
709 306 64
35 87 49
303 89 72
569 280 99
262 104 94
506 629 30
569 300 54
158 663 31
308 30 9
242 169 90
317 355 82
166 255 77
62 432 49
678 183 72
346 360 29
353 389 43
606 290 58
313 164 48
279 325 12
58 646 58
446 362 100
78 92 94
249 222 60
218 98 84
156 677 36
180 563 92
683 303 64
320 228 30
611 48 1
234 623 42
720 549 89
550 711 14
222 567 25
578 90 94
383 79 57
438 235 34
426 554 90
39 634 59
715 548 60
554 42 17
11 422 81
7 573 100
38 490 34
533 96 10
261 608 5
392 107 26
631 382 90
537 107 5
164 293 9
731 12 5
55 398 23
292 436 90
576 93 85
407 29 96
406 471 11
282 477 38
518 144 27
388 448 17
144 40 9
162 167 37
402 412 26
737 5 20
260 261 27
68 166 78
345 285 61
398 366 14
469 138 9
707 617 61
288 189 44
529 256 82
2 467 10
121 629 18
697 389 59
359 137 90
706 522 87
234 745 2
711 191 80
329 464 89
548 327 87
318 262 69
238 391 87
410 412 74
67 590 81
254 743 10
409 357 67
666 80 58
311 315 56
535 344 7
404 540 45
261 161 24
651 101 34
477 458 12
98 717 41
601 666 64
99 522 70
334 377 8
393 60 36
262 479 29
525 416 74
498 731 98
520 443 92
280 430 92
204 101 24
564 542 19
222 399 23
542 490 71
9 139 51
137 280 53
0 314 32
427 513 68
711 351 43
382 724 13
192 176 10
229 97 62
627 253 94
224 89 82
448 154 26
74 69 70
629 60 35
228 250 51
410 178 48
164 210 90
590 428 8
616 636 8
553 602 86
620 117 98
466 224 41
565 631 44
216 498 21
58 5 8
348 301 62
34 392 23
25 339 10
274 747 66
45 8 36
607 143 93
464 234 93
427 454 74
283 624 44
336 195 18
406 128 86
606 495 77
590 650 78
138 630 8
500 48 6
556 531 71
316 249 79
698 599 89
94 548 41
397 457 57
712 633 87
417 556 84
373 170 60
472 20 74
511 551 42
8 104 91
681 300 7
717 515 50
356 427 74
140 721 32
34 511 36
317 564 49
127 349 83
374 36 4
283 92 65
106 710 100
287 687 77
604 637 42
260 520 73
284 514 17
238 415 82
24 288 83
11 369 79
327 234 82
565 473 76
247 80 23
711 32 95
34 457 9
30 96 66
636 544 75
480 732 58
271 724 50
629 233 63
406 737 56
244 295 27
282 197 36
103 424 98
64 475 51
14 347 1
134 634 46
446 692 82
91 439 53
677 96 78
447 416 42
82 406 86
231 87 36
666 185 90
112 39 21
427 448 35
622 100 71
100 159 51
191 645 95
683 75 23
36 434 28
228 17 56
134 344 69
556 556 60
123 517 8
726 320 59
276 226 1
65 696 59
660 572 98
145 379 98
415 190 16
689 711 27
609 182 63
495 534 28
670 463 3
511 47 28
148 455 27
593 161 59
518 375 1
66 386 91
589 593 56
535 316 74
511 740 70
419 405 82
81 237 97
609 521 73
330 646 83
389 579 35
358 716 19
165 354 38
59 346 31
393 256 75
141 111 18
643 39 75
276 279 78
565 376 54
255 475 12
272 445 31
77 335 5
117 564 73
305 276 25
254 213 21
190 449 13
660 98 81
560 267 30
207 33 54
496 295 14
40 78 61
205 654 98
535 366 90
124 699 13
304 661 1
693 722 51
100 376 90
315 510 24
28 308 22
403 453 28
509 166 26
681 417 29
104 226 32
338 122 24
572 163 59
667 521 82
630 45 27
460 30 54
424 340 85
429 599 7
736 630 45
300 629 66
211 52 78
311 531 3
22 396 7
613 592 52
575 114 53
204 521 63
430 302 33
489 384 76
74 679 2
209 490 56
731 450 11
485 293 86
433 130 46
110 92 99
678 578 37
579 564 90
13 498 96
544 677 14
234 708 88
623 52 57
345 140 14
283 408 58
289 229 54
435 202 39
583 451 6
709 63 97
273 483 47
665 371 90
300 284 78
594 654 16
302 298 74
634 398 80
255 517 50
148 511 17
553 187 51
205 15 59
631 36 79
52 595 41
537 630 70
91 579 83
129 607 57
325 286 82
378 184 62
396 125 80
229 745 6
562 707 56
385 40 6
234 686 93
677 271 41
646 156 12
367 307 93
354 253 86
444 122 79
743 638 64
730 139 43
284 678 27
211 216 87
367 195 95
584 63 8
484 348 36
405 121 91
676 373 86
339 709 87
585 240 26
406 682 74
69 19 66
661 383 56
311 78 5
411 181 57
163 701 12
206 529 2
328 411 79
111 398 64
409 123 43
407 572 1
695 277 41
367 587 12
449 395 26
474 334 19
510 11 84
745 584 68
627 232 4
491 417 31
169 631 34
228 60 47
136 223 2
370 275 78
707 418 34
305 181 10
99 374 8
253 348 86
636 119 97
193 604 83
427 627 50
619 518 21
529 277 100
592 683 68
165 136 63
649 455 93
201 457 39
442 227 88
313 135 48
544 660 10
36 464 25
381 20 15
26 557 82
219 168 48
401 448 79
678 570 13
133 618 63
162 28 72
736 188 3
642 507 76
108 24 25
106 54 69
652 403 64
538 630 41
396 500 57
402 308 60
60 78 3
544 377 97
634 726 67
659 699 89
587 24 4
134 331 38
112 74 100
98 58 20
54 296 77
189 721 23
323 622 57
663 596 62
302 448 62
592 452 51
438 501 80
489 361 2
92 132 31
553 217 99
371 265 63
307 3 3
571 217 34
372 281 20
64 554 1
120 720 82
699 646 58
621 470 27
711 729 12
390 254 12
226 427 22
255 657 64
577 491 66
310 555 60
115 357 81
34 110 96
528 625 4
737 541 20
633 216 26
338 532 50
602 83 81
359 127 2
89 2 8
466 645 17
532 319 8
596 197 98
456 389 39
532 576 33
73 619 36
473 540 1
670 539 35
87 745 96
267 295 97
25 151 54
661 77 22
401 328 73
496 478 43
187 81 92
397 476 84
727 725 99
321 44 35
411 598 10
297 372 58
56 326 99
2 448 49
568 708 30
6 319 55
593 726 60
697 303 3
346 438 47
701 627 52
447 192 100
4 474 67
470 340 28
579 348 16
357 363 21
234 518 45
429 702 37
19 581 91
99 26 62
357 675 37
683 86 48
142 436 24
350 126 40
330 649 93
748 539 12
263 27 98
355 328 67
67 479 92
126 574 43
664 294 77
33 110 85
51 743 39
4 426 97
114 200 70
70 745 98
254 213 15
490 89 67
40 686 80
691 178 98
720 342 12
611 123 45
623 206 43
307 348 84
46 412 59
663 250 79
84 67 15
689 248 14
489 28 58
102 116 52
670 745 51
725 110 18
301 600 24
657 481 15
205 704 23
617 428 81
325 359 93
394 63 78
700 211 41
512 727 5
118 305 11
339 214 79
130 272 86
530 297 31
652 679 74
658 508 5
466 62 56
89 163 73
171 359 85
593 253 54
162 571 43
513 464 25
697 614 56
42 489 49
468 558 10
332 228 83
586 216 5
102 442 93
630 630 32
557 555 28
321 555 22
543 532 65
528 284 27
148 375 52
111 356 41
552 479 59
345 645 49
154 12 4
45 259 46
288 338 46
715 727 58
535 372 98
480 91 53
532 688 26
84 389 31
647 686 16
83 225 29
401 653 1
588 332 67
375 507 46
711 657 19
100 489 3
33 46 93
156 510 50
571 328 49
229 293 57
265 615 87
428 524 92
37 625 48
432 694 41
426 628 59
462 554 80
63 410 9
236 447 48
8 317 66
140 354 24
633 584 77
154 602 58
134 2 18
79 615 26
442 273 14
135 671 86
51 157 4
400 190 2
99 51 65
497 75 19
103 292 38
273 569 17
52 437 4
685 333 4
231 75 12
106 440 13
447 560 27
441 35 89
544 25 26
202 256 1
313 140 55
7 46 93
162 472 72
86 392 56
581 237 19
712 113 53
143 248 41
537 276 47
739 36 37
694 630 37
449 278 28
178 570 48
470 732 54
388 547 18
699 166 59
548 558 92
702 390 78
718 7 69
200 537 18
494 317 70
120 219 40
225 69 41
267 169 100
565 261 25
392 645 8
16 567 50
316 480 79
267 426 11
194 340 35
335 647 82
670 497 9
228 240 99
521 104 91
191 452 54
27 379 45
20 394 59
39 380 85
274 439 75
598 235 30
395 718 34
10 669 25
135 255 36
160 317 68
249 47 67
3 65 34
624 732 17
687 609 73
101 311 64
127 101 89
292 234 2
292 621 32
73 53 82
570 68 41
370 317 53
73 613 65
530 64 7
481 270 79
294 287 43
583 689 39
431 138 51
81 533 2
646 365 4
513 18 41
614 365 40
728 573 6
196 247 70
154 404 86
604 641 6
438 471 40
619 199 46
329 105 56
552 611 74
311 749 27
125 159 14
450 1 84
257 597 52
218 526 74
408 81 28
204 715 45
167 428 69
222 193 74
462 142 5
382 478 2
162 466 63
84 440 29
265 444 23
70 9 1
381 417 81
215 557 79
591 97 22
585 120 74
31 342 90
681 633 43
399 317 17
350 618 37
626 16 91
741 104 80
302 457 40
695 121 50
158 134 100
566 482 67
357 588 25
566 179 10
291 251 26
112 147 22
469 385 68
432 321 100
393 339 48
384 476 79
440 685 45
223 25 15
211 381 8
193 357 66
381 701 46
570 595 59
358 30 85
483 657 87
579 14 18
141 591 8
429 468 67
23 681 87
561 150 40
166 141 73
110 501 25
549 449 91
528 28 79
139 72 84
643 617 84
229 344 44
61 20 47
499 126 91
521 122 87
622 718 16
744 338 74
740 207 75
399 744 72
699 556 15
456 579 82
322 578 32
62 529 30
13 745 42
551 257 4
596 603 44
218 126 66
295 256 15
110 382 33
1 726 19
339 109 13
256 721 3
270 196 13
270 78 92
43 114 7
574 635 44
411 126 40
216 199 54
279 337 82
450 161 54
289 460 59
536 33 95
126 95 62
333 670 44
299 339 34
252 169 26
547 625 53
242 85 69
85 66 77
657 89 89
182 243 26
420 224 77
377 586 45
557 177 58
99 549 31
167 291 12
547 60 1
673 535 74
293 363 100
515 9 28
301 257 44
190 553 66
468 698 66
667 108 47
176 481 82
391 492 90
228 223 9
422 719 31
624 407 86
201 577 67
446 610 24
160 315 81
494 53 80
148 291 76
335 309 99
616 342 80
523 611 58
50 724 100
243 696 49
171 170 68
513 350 58
463 453 21
489 292 98
129 422 95
657 95 81
122 596 82
275 245 40
185 267 83
234 512 50
746 477 18
444 185 94
264 340 87
162 113 61
490 21 71
256 233 16
387 58 43
278 278 73
584 543 75
11 613 61
149 520 91
76 243 95
454 698 93
530 27 70
405 83 65
224 671 44
625 513 70
207 239 36
298 172 61
49 721 54
416 731 70
746 54 59
508 164 62
567 489 16
714 557 14
319 462 18
720 180 36
729 273 17
118 420 26
515 462 61
264 507 25
246 697 87
255 608 22
44 426 55
425 609 36
302 673 99
457 371 97
52 400 55
403 142 56
227 366 35
36 661 32
331 226 40
62 54 66
200 19 22
582 610 20
639 74 65
501 436 97
418 642 60
646 78 81
61 18 16
88 594 88
614 360 74
744 585 5
118 720 78
411 260 100
402 585 48
458 474 28
156 549 62
729 384 68
45 206 24
719 673 14
232 595 29
560 374 29
177 682 14
320 244 13
273 230 66
234 130 70
646 268 62
536 136 41
671 332 79
347 52 6
615 651 56
125 736 45
202 704 47
365 678 42
436 0 17
252 634 58
406 163 68
383 549 6
651 694 2
138 494 37
155 496 50
481 696 88
131 436 14
492 479 98
206 107 64
664 99 25
112 42 35
385 479 45
170 43 54
626 251 17
430 624 20
437 597 73
745 316 69
568 445 23
405 614 87
127 510 49
743 161 1
0 0 36
676 19 83
378 160 46
599 737 74
478 649 86
246 355 65
18 582 40
404 554 62
142 16 86
96 141 15
594 393 25
226 142 17
151 619 66
557 668 97
147 198 24
85 744 45
101 389 40
110 129 96
585 398 74
105 275 14
602 698 65
187 482 7
448 247 41
66 243 87
589 628 45
396 423 47
301 362 27
158 604 86
224 324 54
290 110 66
269 667 80
3 609 60
287 287 91
234 677 6
650 129 61
310 578 46
470 392 74
327 162 21
130 662 81
73 244 22
424 318 94
415 706 10
386 308 54
578 460 32
58 517 34
492 706 58
103 718 58
48 221 74
53 402 87
569 640 55
591 303 7
403 663 11
148 517 89
524 446 33
239 33 49
431 201 39
501 722 85
592 357 63
78 605 5
530 371 44
249 337 80
744 723 92
534 520 98
313 553 32
386 223 100
228 519 9
334 172 72
747 35 58
597 419 99
249 298 83
7 578 66
177 377 60
8 406 41
499 215 65
552 121 66
551 331 7
102 726 95
744 291 33
582 584 50
514 716 63
98 18 44
409 446 81
578 576 95
130 433 69
381 513 38
698 422 63
710 281 54
497 318 94
156 222 67
432 695 31
358 603 80
699 84 94
189 88 50
503 377 43
37 91 84
497 433 7
568 529 15
60 453 40
100 319 56
680 303 10
209 388 51
27 112 2
261 124 11
551 294 93
147 142 93
536 505 86
517 127 19
129 553 43
585 279 96
604 612 30
261 201 64
580 151 2
392 407 12
671 468 86
361 381 61
571 414 16
646 196 69
550 250 50
558 49 5
193 324 5
363 246 54
582 616 91
344 689 76
466 145 45
53 29 34
96 611 66
284 115 86
235 502 27
686 470 31
691 318 78
211 8 6
534 481 3
545 412 21
391 481 54
748 579 90
0 116 17
127 126 46
471 616 62
141 25 52
489 122 12
458 278 34
722 605 94
6 628 30
493 572 34
701 362 20
84 97 9
447 198 53
130 4 3
4 59 88
373 696 88
82 528 55
551 42 25
73 327 73
359 144 6
399 424 32
367 94 51
481 666 32
27 406 1
611 248 91
377 239 87
123 593 67
666 687 37
410 328 82
151 84 81
575 60 10
250 111 52
439 56 1
277 560 82
290 371 64
83 37 78
392 171 46
498 140 82
190 647 53
264 10 5
301 192 4
719 405 87
635 610 53
44 447 29
588 192 22
454 251 53
259 677 65
204 482 17
688 403 47
441 616 9
28 731 31
494 538 6
150 730 49
458 649 83
566 703 72
117 451 86
259 670 77
230 451 25
202 110 4
470 726 71
643 354 71
98 700 1
96 645 46
534 412 30
642 25 36
605 105 80
606 412 68
377 670 63
183 24 52
113 80 25
659 602 64
672 656 56
181 455 62
270 375 37
479 444 25
559 740 55
132 181 63
585 372 66
593 539 42
234 704 80
74 385 3
83 356 17
669 349 70
506 265 46
292 270 93
494 730 44
83 436 48
34 492 22
387 642 70
320 490 93
274 490 25
671 332 46
591 107 27
613 656 54
425 533 22
424 267 67
423 371 69
580 356 1
270 94 99
641 498 34
511 711 6
688 390 16
79 85 75
344 142 63
640 191 61
113 34 65
523 347 28
283 286 5
582 46 2
568 231 30
679 142 86
120 740 23
733 145 99
191 560 74
421 432 94
287 75 28
733 159 36
605 416 85
79 213 30
115 363 35
355 213 82
70 390 44
225 118 6
736 621 68
200 461 39
420 480 48
288 536 7
224 193 51
97 242 41
729 725 8
346 599 59
497 174 80
196 335 4
694 379 69
257 339 61
120 147 91
637 384 99
466 31 19
224 188 25
740 370 22
411 435 97
477 646 51
725 413 64
252 333 23
433 674 89
490 639 100
210 304 60
344 736 32
407 576 99
512 373 26
138 500 7
94 526 62
520 259 87
646 632 46
334 359 4
30 250 68
406 252 75
600 736 32
4 42 17
125 614 8
640 682 28
425 704 48
144 645 1
245 107 94
749 189 14
595 425 15
23 464 71
709 557 17
24 406 38
610 89 20
686 448 90
501 609 84
522 659 24
92 437 38
538 534 44
140 502 53
252 243 66
200 3 43
237 719 92
293 694 91
